,simulation_number,env_file,agent_type,n_agents,dist_weight,in_view_weight,gp_weight,any_social_weight,success_social_weight,lengthscale,signalvariance,init_seed,policy_seed,step,final,max_reward,min_reward,tot_reward,tot_pairwise_dist,n_foraged_blocks,min_distance_traveled_prop,max_distance_traveled_prop,mean_distance_traveled_prop
0,0,../environments/smooth.17.csv,dist_only,1,-1,1,1,0,0,1,1,2271760180,3334515826,100,False,0,0,0,0.0,7.0,0.17,0.17,0.17
1,0,../environments/smooth.17.csv,dist_only,1,-1,1,1,0,0,1,1,2271760180,3334515826,200,False,2,2,2,0.0,15.0,0.18,0.18,0.18
2,0,../environments/smooth.17.csv,dist_only,1,-1,1,1,0,0,1,1,2271760180,3334515826,300,False,3,3,3,0.0,22.0,0.19666666666666666,0.19666666666666666,0.19666666666666666
3,0,../environments/smooth.17.csv,dist_only,1,-1,1,1,0,0,1,1,2271760180,3334515826,400,False,7,7,7,0.0,29.0,0.195,0.195,0.195
4,0,../environments/smooth.17.csv,dist_only,1,-1,1,1,0,0,1,1,2271760180,3334515826,500,False,10,10,10,0.0,36.0,0.2,0.2,0.2
5,0,../environments/smooth.17.csv,dist_only,1,-1,1,1,0,0,1,1,2271760180,3334515826,599,False,13,13,13,0.0,43.0,0.2003338898163606,0.2003338898163606,0.2003338898163606
6,1,../environments/smooth.17.csv,dist_only,1,-1,1,1,0,0,1,1,2271760180,262994761,100,False,6,6,6,0.0,7.0,0.18,0.18,0.18
7,1,../environments/smooth.17.csv,dist_only,1,-1,1,1,0,0,1,1,2271760180,262994761,200,False,7,7,7,0.0,15.0,0.18,0.18,0.18
8,1,../environments/smooth.17.csv,dist_only,1,-1,1,1,0,0,1,1,2271760180,262994761,300,False,9,9,9,0.0,22.0,0.19666666666666666,0.19666666666666666,0.19666666666666666
9,1,../environments/smooth.17.csv,dist_only,1,-1,1,1,0,0,1,1,2271760180,262994761,400,False,11,11,11,0.0,28.0,0.2225,0.2225,0.2225
10,1,../environments/smooth.17.csv,dist_only,1,-1,1,1,0,0,1,1,2271760180,262994761,500,False,14,14,14,0.0,36.0,0.21,0.21,0.21
11,1,../environments/smooth.17.csv,dist_only,1,-1,1,1,0,0,1,1,2271760180,262994761,599,False,18,18,18,0.0,43.0,0.21035058430717862,0.21035058430717862,0.21035058430717862
12,2,../environments/smooth.17.csv,dist_only,1,-1,1,1,0,0,1,1,2271760180,3602806192,100,False,1,1,1,0.0,7.0,0.21,0.21,0.21
13,2,../environments/smooth.17.csv,dist_only,1,-1,1,1,0,0,1,1,2271760180,3602806192,200,False,4,4,4,0.0,14.0,0.23,0.23,0.23
14,2,../environments/smooth.17.csv,dist_only,1,-1,1,1,0,0,1,1,2271760180,3602806192,300,False,6,6,6,0.0,21.0,0.21,0.21,0.21
15,2,../environments/smooth.17.csv,dist_only,1,-1,1,1,0,0,1,1,2271760180,3602806192,400,False,13,13,13,0.0,29.0,0.1925,0.1925,0.1925
16,2,../environments/smooth.17.csv,dist_only,1,-1,1,1,0,0,1,1,2271760180,3602806192,500,False,13,13,13,0.0,37.0,0.188,0.188,0.188
17,2,../environments/smooth.17.csv,dist_only,1,-1,1,1,0,0,1,1,2271760180,3602806192,599,False,13,13,13,0.0,44.0,0.19198664440734559,0.19198664440734559,0.19198664440734559
18,3,../environments/smooth.17.csv,dist_only,1,-1,1,1,0,0,1,1,2271760180,3437971635,100,False,0,0,0,0.0,7.0,0.2,0.2,0.2
19,3,../environments/smooth.17.csv,dist_only,1,-1,1,1,0,0,1,1,2271760180,3437971635,200,False,1,1,1,0.0,14.0,0.205,0.205,0.205
20,3,../environments/smooth.17.csv,dist_only,1,-1,1,1,0,0,1,1,2271760180,3437971635,300,False,1,1,1,0.0,22.0,0.19666666666666666,0.19666666666666666,0.19666666666666666
21,3,../environments/smooth.17.csv,dist_only,1,-1,1,1,0,0,1,1,2271760180,3437971635,400,False,1,1,1,0.0,29.0,0.205,0.205,0.205
22,3,../environments/smooth.17.csv,dist_only,1,-1,1,1,0,0,1,1,2271760180,3437971635,500,False,3,3,3,0.0,36.0,0.202,0.202,0.202
23,3,../environments/smooth.17.csv,dist_only,1,-1,1,1,0,0,1,1,2271760180,3437971635,599,False,9,9,9,0.0,44.0,0.19365609348914858,0.19365609348914858,0.19365609348914858
24,4,../environments/smooth.17.csv,dist_only,1,-1,1,1,0,0,1,1,2271760180,4010425793,100,False,2,2,2,0.0,7.0,0.14,0.14,0.14
25,4,../environments/smooth.17.csv,dist_only,1,-1,1,1,0,0,1,1,2271760180,4010425793,200,False,2,2,2,0.0,15.0,0.175,0.175,0.175
26,4,../environments/smooth.17.csv,dist_only,1,-1,1,1,0,0,1,1,2271760180,4010425793,300,False,6,6,6,0.0,22.0,0.18333333333333332,0.18333333333333332,0.18333333333333332
27,4,../environments/smooth.17.csv,dist_only,1,-1,1,1,0,0,1,1,2271760180,4010425793,400,False,10,10,10,0.0,30.0,0.1775,0.1775,0.1775
28,4,../environments/smooth.17.csv,dist_only,1,-1,1,1,0,0,1,1,2271760180,4010425793,500,False,12,12,12,0.0,37.0,0.188,0.188,0.188
29,4,../environments/smooth.17.csv,dist_only,1,-1,1,1,0,0,1,1,2271760180,4010425793,599,False,12,12,12,0.0,44.0,0.18530884808013356,0.18530884808013356,0.18530884808013356
30,5,../environments/smooth.17.csv,dist_only,1,-1,1,1,0,0,1,1,2271760180,2734561081,100,False,1,1,1,0.0,7.0,0.23,0.23,0.23
31,5,../environments/smooth.17.csv,dist_only,1,-1,1,1,0,0,1,1,2271760180,2734561081,200,False,3,3,3,0.0,14.0,0.225,0.225,0.225
32,5,../environments/smooth.17.csv,dist_only,1,-1,1,1,0,0,1,1,2271760180,2734561081,300,False,6,6,6,0.0,21.0,0.2,0.2,0.2
33,5,../environments/smooth.17.csv,dist_only,1,-1,1,1,0,0,1,1,2271760180,2734561081,400,False,8,8,8,0.0,29.0,0.205,0.205,0.205
34,5,../environments/smooth.17.csv,dist_only,1,-1,1,1,0,0,1,1,2271760180,2734561081,500,False,11,11,11,0.0,36.0,0.198,0.198,0.198
35,5,../environments/smooth.17.csv,dist_only,1,-1,1,1,0,0,1,1,2271760180,2734561081,599,False,15,15,15,0.0,44.0,0.18697829716193656,0.18697829716193656,0.18697829716193656
36,6,../environments/smooth.17.csv,dist_only,1,-1,1,1,0,0,1,1,2271760180,1253946826,100,False,1,1,1,0.0,7.0,0.17,0.17,0.17
37,6,../environments/smooth.17.csv,dist_only,1,-1,1,1,0,0,1,1,2271760180,1253946826,200,False,2,2,2,0.0,14.0,0.2,0.2,0.2
38,6,../environments/smooth.17.csv,dist_only,1,-1,1,1,0,0,1,1,2271760180,1253946826,300,False,4,4,4,0.0,21.0,0.20333333333333334,0.20333333333333334,0.20333333333333334
39,6,../environments/smooth.17.csv,dist_only,1,-1,1,1,0,0,1,1,2271760180,1253946826,400,False,10,10,10,0.0,29.0,0.1875,0.1875,0.1875
40,6,../environments/smooth.17.csv,dist_only,1,-1,1,1,0,0,1,1,2271760180,1253946826,500,False,14,14,14,0.0,36.0,0.194,0.194,0.194
41,6,../environments/smooth.17.csv,dist_only,1,-1,1,1,0,0,1,1,2271760180,1253946826,599,False,15,15,15,0.0,43.0,0.2003338898163606,0.2003338898163606,0.2003338898163606
42,7,../environments/smooth.17.csv,dist_only,1,-1,1,1,0,0,1,1,2271760180,1347984585,100,False,1,1,1,0.0,6.0,0.26,0.26,0.26
43,7,../environments/smooth.17.csv,dist_only,1,-1,1,1,0,0,1,1,2271760180,1347984585,200,False,6,6,6,0.0,13.0,0.245,0.245,0.245
44,7,../environments/smooth.17.csv,dist_only,1,-1,1,1,0,0,1,1,2271760180,1347984585,300,False,9,9,9,0.0,21.0,0.23333333333333334,0.23333333333333334,0.23333333333333334
45,7,../environments/smooth.17.csv,dist_only,1,-1,1,1,0,0,1,1,2271760180,1347984585,400,False,13,13,13,0.0,28.0,0.2325,0.2325,0.2325
46,7,../environments/smooth.17.csv,dist_only,1,-1,1,1,0,0,1,1,2271760180,1347984585,500,False,16,16,16,0.0,35.0,0.222,0.222,0.222
47,7,../environments/smooth.17.csv,dist_only,1,-1,1,1,0,0,1,1,2271760180,1347984585,599,False,19,19,19,0.0,42.0,0.21535893155258765,0.21535893155258765,0.21535893155258765
48,8,../environments/smooth.17.csv,dist_only,1,-1,1,1,0,0,1,1,2271760180,884777651,100,False,2,2,2,0.0,7.0,0.19,0.19,0.19
49,8,../environments/smooth.17.csv,dist_only,1,-1,1,1,0,0,1,1,2271760180,884777651,200,False,3,3,3,0.0,15.0,0.17,0.17,0.17
50,8,../environments/smooth.17.csv,dist_only,1,-1,1,1,0,0,1,1,2271760180,884777651,300,False,4,4,4,0.0,22.0,0.17,0.17,0.17
51,8,../environments/smooth.17.csv,dist_only,1,-1,1,1,0,0,1,1,2271760180,884777651,400,False,8,8,8,0.0,30.0,0.1775,0.1775,0.1775
52,8,../environments/smooth.17.csv,dist_only,1,-1,1,1,0,0,1,1,2271760180,884777651,500,False,10,10,10,0.0,37.0,0.172,0.172,0.172
53,8,../environments/smooth.17.csv,dist_only,1,-1,1,1,0,0,1,1,2271760180,884777651,599,False,12,12,12,0.0,45.0,0.17362270450751252,0.17362270450751252,0.17362270450751252
54,9,../environments/smooth.17.csv,dist_only,1,-1,1,1,0,0,1,1,2271760180,2299003041,100,False,1,1,1,0.0,7.0,0.17,0.17,0.17
55,9,../environments/smooth.17.csv,dist_only,1,-1,1,1,0,0,1,1,2271760180,2299003041,200,False,5,5,5,0.0,15.0,0.175,0.175,0.175
56,9,../environments/smooth.17.csv,dist_only,1,-1,1,1,0,0,1,1,2271760180,2299003041,300,False,6,6,6,0.0,22.0,0.17666666666666667,0.17666666666666667,0.17666666666666667
57,9,../environments/smooth.17.csv,dist_only,1,-1,1,1,0,0,1,1,2271760180,2299003041,400,False,7,7,7,0.0,30.0,0.17,0.17,0.17
58,9,../environments/smooth.17.csv,dist_only,1,-1,1,1,0,0,1,1,2271760180,2299003041,500,False,8,8,8,0.0,38.0,0.166,0.166,0.166
59,9,../environments/smooth.17.csv,dist_only,1,-1,1,1,0,0,1,1,2271760180,2299003041,599,False,9,9,9,0.0,44.0,0.17696160267111852,0.17696160267111852,0.17696160267111852
60,10,../environments/smooth.17.csv,dist_only,1,-1,1,1,0,0,1,1,2515763587,3334515826,100,False,3,3,3,0.0,7.0,0.2,0.2,0.2
61,10,../environments/smooth.17.csv,dist_only,1,-1,1,1,0,0,1,1,2515763587,3334515826,200,False,6,6,6,0.0,15.0,0.18,0.18,0.18
62,10,../environments/smooth.17.csv,dist_only,1,-1,1,1,0,0,1,1,2515763587,3334515826,300,False,9,9,9,0.0,22.0,0.18666666666666668,0.18666666666666668,0.18666666666666668
63,10,../environments/smooth.17.csv,dist_only,1,-1,1,1,0,0,1,1,2515763587,3334515826,400,False,11,11,11,0.0,30.0,0.1775,0.1775,0.1775
64,10,../environments/smooth.17.csv,dist_only,1,-1,1,1,0,0,1,1,2515763587,3334515826,500,False,11,11,11,0.0,36.0,0.194,0.194,0.194
65,10,../environments/smooth.17.csv,dist_only,1,-1,1,1,0,0,1,1,2515763587,3334515826,599,False,12,12,12,0.0,43.0,0.19699499165275458,0.19699499165275458,0.19699499165275458
66,11,../environments/smooth.17.csv,dist_only,1,-1,1,1,0,0,1,1,2515763587,262994761,100,False,2,2,2,0.0,7.0,0.15,0.15,0.15
67,11,../environments/smooth.17.csv,dist_only,1,-1,1,1,0,0,1,1,2515763587,262994761,200,False,4,4,4,0.0,15.0,0.165,0.165,0.165
68,11,../environments/smooth.17.csv,dist_only,1,-1,1,1,0,0,1,1,2515763587,262994761,300,False,6,6,6,0.0,22.0,0.17666666666666667,0.17666666666666667,0.17666666666666667
69,11,../environments/smooth.17.csv,dist_only,1,-1,1,1,0,0,1,1,2515763587,262994761,400,False,9,9,9,0.0,29.0,0.18,0.18,0.18
70,11,../environments/smooth.17.csv,dist_only,1,-1,1,1,0,0,1,1,2515763587,262994761,500,False,13,13,13,0.0,37.0,0.182,0.182,0.182
71,11,../environments/smooth.17.csv,dist_only,1,-1,1,1,0,0,1,1,2515763587,262994761,599,False,14,14,14,0.0,44.0,0.18030050083472454,0.18030050083472454,0.18030050083472454
72,12,../environments/smooth.17.csv,dist_only,1,-1,1,1,0,0,1,1,2515763587,3602806192,100,False,0,0,0,0.0,7.0,0.19,0.19,0.19
73,12,../environments/smooth.17.csv,dist_only,1,-1,1,1,0,0,1,1,2515763587,3602806192,200,False,4,4,4,0.0,14.0,0.235,0.235,0.235
74,12,../environments/smooth.17.csv,dist_only,1,-1,1,1,0,0,1,1,2515763587,3602806192,300,False,6,6,6,0.0,20.0,0.23666666666666666,0.23666666666666666,0.23666666666666666
75,12,../environments/smooth.17.csv,dist_only,1,-1,1,1,0,0,1,1,2515763587,3602806192,400,False,7,7,7,0.0,28.0,0.225,0.225,0.225
76,12,../environments/smooth.17.csv,dist_only,1,-1,1,1,0,0,1,1,2515763587,3602806192,500,False,15,15,15,0.0,36.0,0.21,0.21,0.21
77,12,../environments/smooth.17.csv,dist_only,1,-1,1,1,0,0,1,1,2515763587,3602806192,599,False,19,19,19,0.0,43.0,0.20868113522537562,0.20868113522537562,0.20868113522537562
78,13,../environments/smooth.17.csv,dist_only,1,-1,1,1,0,0,1,1,2515763587,3437971635,100,False,1,1,1,0.0,7.0,0.2,0.2,0.2
79,13,../environments/smooth.17.csv,dist_only,1,-1,1,1,0,0,1,1,2515763587,3437971635,200,False,1,1,1,0.0,14.0,0.185,0.185,0.185
80,13,../environments/smooth.17.csv,dist_only,1,-1,1,1,0,0,1,1,2515763587,3437971635,300,False,4,4,4,0.0,22.0,0.19,0.19,0.19
81,13,../environments/smooth.17.csv,dist_only,1,-1,1,1,0,0,1,1,2515763587,3437971635,400,False,10,10,10,0.0,30.0,0.1775,0.1775,0.1775
82,13,../environments/smooth.17.csv,dist_only,1,-1,1,1,0,0,1,1,2515763587,3437971635,500,False,12,12,12,0.0,37.0,0.174,0.174,0.174
83,13,../environments/smooth.17.csv,dist_only,1,-1,1,1,0,0,1,1,2515763587,3437971635,599,False,15,15,15,0.0,45.0,0.17529215358931552,0.17529215358931552,0.17529215358931552
84,14,../environments/smooth.17.csv,dist_only,1,-1,1,1,0,0,1,1,2515763587,4010425793,100,False,5,5,5,0.0,7.0,0.18,0.18,0.18
85,14,../environments/smooth.17.csv,dist_only,1,-1,1,1,0,0,1,1,2515763587,4010425793,200,False,7,7,7,0.0,14.0,0.19,0.19,0.19
86,14,../environments/smooth.17.csv,dist_only,1,-1,1,1,0,0,1,1,2515763587,4010425793,300,False,9,9,9,0.0,22.0,0.18666666666666668,0.18666666666666668,0.18666666666666668
87,14,../environments/smooth.17.csv,dist_only,1,-1,1,1,0,0,1,1,2515763587,4010425793,400,False,11,11,11,0.0,30.0,0.1775,0.1775,0.1775
88,14,../environments/smooth.17.csv,dist_only,1,-1,1,1,0,0,1,1,2515763587,4010425793,500,False,13,13,13,0.0,37.0,0.188,0.188,0.188
89,14,../environments/smooth.17.csv,dist_only,1,-1,1,1,0,0,1,1,2515763587,4010425793,599,False,19,19,19,0.0,44.0,0.19365609348914858,0.19365609348914858,0.19365609348914858
90,15,../environments/smooth.17.csv,dist_only,1,-1,1,1,0,0,1,1,2515763587,2734561081,100,False,1,1,1,0.0,7.0,0.21,0.21,0.21
91,15,../environments/smooth.17.csv,dist_only,1,-1,1,1,0,0,1,1,2515763587,2734561081,200,False,5,5,5,0.0,15.0,0.18,0.18,0.18
92,15,../environments/smooth.17.csv,dist_only,1,-1,1,1,0,0,1,1,2515763587,2734561081,300,False,7,7,7,0.0,22.0,0.18666666666666668,0.18666666666666668,0.18666666666666668
93,15,../environments/smooth.17.csv,dist_only,1,-1,1,1,0,0,1,1,2515763587,2734561081,400,False,10,10,10,0.0,29.0,0.195,0.195,0.195
94,15,../environments/smooth.17.csv,dist_only,1,-1,1,1,0,0,1,1,2515763587,2734561081,500,False,10,10,10,0.0,36.0,0.194,0.194,0.194
95,15,../environments/smooth.17.csv,dist_only,1,-1,1,1,0,0,1,1,2515763587,2734561081,599,False,12,12,12,0.0,44.0,0.19365609348914858,0.19365609348914858,0.19365609348914858
96,16,../environments/smooth.17.csv,dist_only,1,-1,1,1,0,0,1,1,2515763587,1253946826,100,False,4,4,4,0.0,7.0,0.19,0.19,0.19
97,16,../environments/smooth.17.csv,dist_only,1,-1,1,1,0,0,1,1,2515763587,1253946826,200,False,6,6,6,0.0,14.0,0.205,0.205,0.205
98,16,../environments/smooth.17.csv,dist_only,1,-1,1,1,0,0,1,1,2515763587,1253946826,300,False,7,7,7,0.0,21.0,0.21333333333333335,0.21333333333333335,0.21333333333333335
99,16,../environments/smooth.17.csv,dist_only,1,-1,1,1,0,0,1,1,2515763587,1253946826,400,False,10,10,10,0.0,29.0,0.1975,0.1975,0.1975
100,16,../environments/smooth.17.csv,dist_only,1,-1,1,1,0,0,1,1,2515763587,1253946826,500,False,13,13,13,0.0,37.0,0.188,0.188,0.188
101,16,../environments/smooth.17.csv,dist_only,1,-1,1,1,0,0,1,1,2515763587,1253946826,599,False,14,14,14,0.0,44.0,0.19365609348914858,0.19365609348914858,0.19365609348914858
102,17,../environments/smooth.17.csv,dist_only,1,-1,1,1,0,0,1,1,2515763587,1347984585,100,False,0,0,0,0.0,7.0,0.23,0.23,0.23
103,17,../environments/smooth.17.csv,dist_only,1,-1,1,1,0,0,1,1,2515763587,1347984585,200,False,5,5,5,0.0,15.0,0.18,0.18,0.18
104,17,../environments/smooth.17.csv,dist_only,1,-1,1,1,0,0,1,1,2515763587,1347984585,300,False,9,9,9,0.0,22.0,0.19666666666666666,0.19666666666666666,0.19666666666666666
105,17,../environments/smooth.17.csv,dist_only,1,-1,1,1,0,0,1,1,2515763587,1347984585,400,False,12,12,12,0.0,29.0,0.205,0.205,0.205
106,17,../environments/smooth.17.csv,dist_only,1,-1,1,1,0,0,1,1,2515763587,1347984585,500,False,15,15,15,0.0,36.0,0.21,0.21,0.21
107,17,../environments/smooth.17.csv,dist_only,1,-1,1,1,0,0,1,1,2515763587,1347984585,599,False,17,17,17,0.0,43.0,0.21202003338898165,0.21202003338898165,0.21202003338898165
108,18,../environments/smooth.17.csv,dist_only,1,-1,1,1,0,0,1,1,2515763587,884777651,100,False,4,4,4,0.0,8.0,0.13,0.13,0.13
109,18,../environments/smooth.17.csv,dist_only,1,-1,1,1,0,0,1,1,2515763587,884777651,200,False,5,5,5,0.0,15.0,0.18,0.18,0.18
110,18,../environments/smooth.17.csv,dist_only,1,-1,1,1,0,0,1,1,2515763587,884777651,300,False,7,7,7,0.0,22.0,0.16666666666666666,0.16666666666666666,0.16666666666666666
111,18,../environments/smooth.17.csv,dist_only,1,-1,1,1,0,0,1,1,2515763587,884777651,400,False,9,9,9,0.0,30.0,0.1775,0.1775,0.1775
112,18,../environments/smooth.17.csv,dist_only,1,-1,1,1,0,0,1,1,2515763587,884777651,500,False,12,12,12,0.0,38.0,0.166,0.166,0.166
113,18,../environments/smooth.17.csv,dist_only,1,-1,1,1,0,0,1,1,2515763587,884777651,599,False,14,14,14,0.0,45.0,0.1669449081803005,0.1669449081803005,0.1669449081803005
114,19,../environments/smooth.17.csv,dist_only,1,-1,1,1,0,0,1,1,2515763587,2299003041,100,False,3,3,3,0.0,7.0,0.15,0.15,0.15
115,19,../environments/smooth.17.csv,dist_only,1,-1,1,1,0,0,1,1,2515763587,2299003041,200,False,3,3,3,0.0,15.0,0.18,0.18,0.18
116,19,../environments/smooth.17.csv,dist_only,1,-1,1,1,0,0,1,1,2515763587,2299003041,300,False,3,3,3,0.0,22.0,0.19333333333333333,0.19333333333333333,0.19333333333333333
117,19,../environments/smooth.17.csv,dist_only,1,-1,1,1,0,0,1,1,2515763587,2299003041,400,False,7,7,7,0.0,29.0,0.1875,0.1875,0.1875
118,19,../environments/smooth.17.csv,dist_only,1,-1,1,1,0,0,1,1,2515763587,2299003041,500,False,8,8,8,0.0,37.0,0.188,0.188,0.188
119,19,../environments/smooth.17.csv,dist_only,1,-1,1,1,0,0,1,1,2515763587,2299003041,599,False,8,8,8,0.0,44.0,0.18697829716193656,0.18697829716193656,0.18697829716193656
120,20,../environments/smooth.17.csv,dist_only,1,-1,1,1,0,0,1,1,3622058494,3334515826,100,False,0,0,0,0.0,7.0,0.21,0.21,0.21
121,20,../environments/smooth.17.csv,dist_only,1,-1,1,1,0,0,1,1,3622058494,3334515826,200,False,4,4,4,0.0,15.0,0.18,0.18,0.18
122,20,../environments/smooth.17.csv,dist_only,1,-1,1,1,0,0,1,1,3622058494,3334515826,300,False,7,7,7,0.0,22.0,0.17333333333333334,0.17333333333333334,0.17333333333333334
123,20,../environments/smooth.17.csv,dist_only,1,-1,1,1,0,0,1,1,3622058494,3334515826,400,False,10,10,10,0.0,30.0,0.1725,0.1725,0.1725
124,20,../environments/smooth.17.csv,dist_only,1,-1,1,1,0,0,1,1,3622058494,3334515826,500,False,12,12,12,0.0,37.0,0.184,0.184,0.184
125,20,../environments/smooth.17.csv,dist_only,1,-1,1,1,0,0,1,1,3622058494,3334515826,599,False,12,12,12,0.0,44.0,0.18697829716193656,0.18697829716193656,0.18697829716193656
126,21,../environments/smooth.17.csv,dist_only,1,-1,1,1,0,0,1,1,3622058494,262994761,100,False,3,3,3,0.0,7.0,0.2,0.2,0.2
127,21,../environments/smooth.17.csv,dist_only,1,-1,1,1,0,0,1,1,3622058494,262994761,200,False,3,3,3,0.0,14.0,0.185,0.185,0.185
128,21,../environments/smooth.17.csv,dist_only,1,-1,1,1,0,0,1,1,3622058494,262994761,300,False,3,3,3,0.0,22.0,0.19,0.19,0.19
129,21,../environments/smooth.17.csv,dist_only,1,-1,1,1,0,0,1,1,3622058494,262994761,400,False,3,3,3,0.0,29.0,0.19,0.19,0.19
130,21,../environments/smooth.17.csv,dist_only,1,-1,1,1,0,0,1,1,3622058494,262994761,500,False,7,7,7,0.0,37.0,0.188,0.188,0.188
131,21,../environments/smooth.17.csv,dist_only,1,-1,1,1,0,0,1,1,3622058494,262994761,599,False,8,8,8,0.0,44.0,0.18697829716193656,0.18697829716193656,0.18697829716193656
132,22,../environments/smooth.17.csv,dist_only,1,-1,1,1,0,0,1,1,3622058494,3602806192,100,False,6,6,6,0.0,8.0,0.13,0.13,0.13
133,22,../environments/smooth.17.csv,dist_only,1,-1,1,1,0,0,1,1,3622058494,3602806192,200,False,10,10,10,0.0,14.0,0.21,0.21,0.21
134,22,../environments/smooth.17.csv,dist_only,1,-1,1,1,0,0,1,1,3622058494,3602806192,300,False,13,13,13,0.0,22.0,0.19666666666666666,0.19666666666666666,0.19666666666666666
135,22,../environments/smooth.17.csv,dist_only,1,-1,1,1,0,0,1,1,3622058494,3602806192,400,False,17,17,17,0.0,29.0,0.185,0.185,0.185
136,22,../environments/smooth.17.csv,dist_only,1,-1,1,1,0,0,1,1,3622058494,3602806192,500,False,19,19,19,0.0,36.0,0.194,0.194,0.194
137,22,../environments/smooth.17.csv,dist_only,1,-1,1,1,0,0,1,1,3622058494,3602806192,599,False,19,19,19,0.0,43.0,0.20701168614357263,0.20701168614357263,0.20701168614357263
138,23,../environments/smooth.17.csv,dist_only,1,-1,1,1,0,0,1,1,3622058494,3437971635,100,False,6,6,6,0.0,7.0,0.22,0.22,0.22
139,23,../environments/smooth.17.csv,dist_only,1,-1,1,1,0,0,1,1,3622058494,3437971635,200,False,6,6,6,0.0,14.0,0.205,0.205,0.205
140,23,../environments/smooth.17.csv,dist_only,1,-1,1,1,0,0,1,1,3622058494,3437971635,300,False,9,9,9,0.0,21.0,0.2,0.2,0.2
141,23,../environments/smooth.17.csv,dist_only,1,-1,1,1,0,0,1,1,3622058494,3437971635,400,False,12,12,12,0.0,29.0,0.205,0.205,0.205
142,23,../environments/smooth.17.csv,dist_only,1,-1,1,1,0,0,1,1,3622058494,3437971635,500,False,14,14,14,0.0,36.0,0.198,0.198,0.198
143,23,../environments/smooth.17.csv,dist_only,1,-1,1,1,0,0,1,1,3622058494,3437971635,599,False,15,15,15,0.0,43.0,0.19532554257095158,0.19532554257095158,0.19532554257095158
144,24,../environments/smooth.17.csv,dist_only,1,-1,1,1,0,0,1,1,3622058494,4010425793,100,False,1,1,1,0.0,7.0,0.15,0.15,0.15
145,24,../environments/smooth.17.csv,dist_only,1,-1,1,1,0,0,1,1,3622058494,4010425793,200,False,5,5,5,0.0,15.0,0.16,0.16,0.16
146,24,../environments/smooth.17.csv,dist_only,1,-1,1,1,0,0,1,1,3622058494,4010425793,300,False,7,7,7,0.0,22.0,0.19666666666666666,0.19666666666666666,0.19666666666666666
147,24,../environments/smooth.17.csv,dist_only,1,-1,1,1,0,0,1,1,3622058494,4010425793,400,False,10,10,10,0.0,29.0,0.2025,0.2025,0.2025
148,24,../environments/smooth.17.csv,dist_only,1,-1,1,1,0,0,1,1,3622058494,4010425793,500,False,11,11,11,0.0,36.0,0.202,0.202,0.202
149,24,../environments/smooth.17.csv,dist_only,1,-1,1,1,0,0,1,1,3622058494,4010425793,599,False,12,12,12,0.0,43.0,0.2036727879799666,0.2036727879799666,0.2036727879799666
150,25,../environments/smooth.17.csv,dist_only,1,-1,1,1,0,0,1,1,3622058494,2734561081,100,False,1,1,1,0.0,7.0,0.22,0.22,0.22
151,25,../environments/smooth.17.csv,dist_only,1,-1,1,1,0,0,1,1,3622058494,2734561081,200,False,2,2,2,0.0,14.0,0.205,0.205,0.205
152,25,../environments/smooth.17.csv,dist_only,1,-1,1,1,0,0,1,1,3622058494,2734561081,300,False,4,4,4,0.0,22.0,0.19,0.19,0.19
153,25,../environments/smooth.17.csv,dist_only,1,-1,1,1,0,0,1,1,3622058494,2734561081,400,False,7,7,7,0.0,29.0,0.2,0.2,0.2
154,25,../environments/smooth.17.csv,dist_only,1,-1,1,1,0,0,1,1,3622058494,2734561081,500,False,9,9,9,0.0,36.0,0.196,0.196,0.196
155,25,../environments/smooth.17.csv,dist_only,1,-1,1,1,0,0,1,1,3622058494,2734561081,599,False,13,13,13,0.0,44.0,0.19365609348914858,0.19365609348914858,0.19365609348914858
156,26,../environments/smooth.17.csv,dist_only,1,-1,1,1,0,0,1,1,3622058494,1253946826,100,False,0,0,0,0.0,7.0,0.19,0.19,0.19
157,26,../environments/smooth.17.csv,dist_only,1,-1,1,1,0,0,1,1,3622058494,1253946826,200,False,3,3,3,0.0,14.0,0.235,0.235,0.235
158,26,../environments/smooth.17.csv,dist_only,1,-1,1,1,0,0,1,1,3622058494,1253946826,300,False,5,5,5,0.0,21.0,0.23,0.23,0.23
159,26,../environments/smooth.17.csv,dist_only,1,-1,1,1,0,0,1,1,3622058494,1253946826,400,False,5,5,5,0.0,28.0,0.21,0.21,0.21
160,26,../environments/smooth.17.csv,dist_only,1,-1,1,1,0,0,1,1,3622058494,1253946826,500,False,8,8,8,0.0,36.0,0.208,0.208,0.208
161,26,../environments/smooth.17.csv,dist_only,1,-1,1,1,0,0,1,1,3622058494,1253946826,599,False,9,9,9,0.0,43.0,0.2020033388981636,0.2020033388981636,0.2020033388981636
162,27,../environments/smooth.17.csv,dist_only,1,-1,1,1,0,0,1,1,3622058494,1347984585,100,False,4,4,4,0.0,7.0,0.23,0.23,0.23
163,27,../environments/smooth.17.csv,dist_only,1,-1,1,1,0,0,1,1,3622058494,1347984585,200,False,5,5,5,0.0,14.0,0.235,0.235,0.235
164,27,../environments/smooth.17.csv,dist_only,1,-1,1,1,0,0,1,1,3622058494,1347984585,300,False,7,7,7,0.0,21.0,0.22,0.22,0.22
165,27,../environments/smooth.17.csv,dist_only,1,-1,1,1,0,0,1,1,3622058494,1347984585,400,False,7,7,7,0.0,28.0,0.225,0.225,0.225
166,27,../environments/smooth.17.csv,dist_only,1,-1,1,1,0,0,1,1,3622058494,1347984585,500,False,11,11,11,0.0,36.0,0.21,0.21,0.21
167,27,../environments/smooth.17.csv,dist_only,1,-1,1,1,0,0,1,1,3622058494,1347984585,599,False,13,13,13,0.0,43.0,0.21035058430717862,0.21035058430717862,0.21035058430717862
168,28,../environments/smooth.17.csv,dist_only,1,-1,1,1,0,0,1,1,3622058494,884777651,100,False,0,0,0,0.0,6.0,0.27,0.27,0.27
169,28,../environments/smooth.17.csv,dist_only,1,-1,1,1,0,0,1,1,3622058494,884777651,200,False,2,2,2,0.0,14.0,0.205,0.205,0.205
170,28,../environments/smooth.17.csv,dist_only,1,-1,1,1,0,0,1,1,3622058494,884777651,300,False,2,2,2,0.0,22.0,0.18,0.18,0.18
171,28,../environments/smooth.17.csv,dist_only,1,-1,1,1,0,0,1,1,3622058494,884777651,400,False,3,3,3,0.0,29.0,0.1975,0.1975,0.1975
172,28,../environments/smooth.17.csv,dist_only,1,-1,1,1,0,0,1,1,3622058494,884777651,500,False,9,9,9,0.0,37.0,0.188,0.188,0.188
173,28,../environments/smooth.17.csv,dist_only,1,-1,1,1,0,0,1,1,3622058494,884777651,599,False,14,14,14,0.0,44.0,0.17863105175292154,0.17863105175292154,0.17863105175292154
174,29,../environments/smooth.17.csv,dist_only,1,-1,1,1,0,0,1,1,3622058494,2299003041,100,False,1,1,1,0.0,7.0,0.19,0.19,0.19
175,29,../environments/smooth.17.csv,dist_only,1,-1,1,1,0,0,1,1,3622058494,2299003041,200,False,3,3,3,0.0,14.0,0.19,0.19,0.19
176,29,../environments/smooth.17.csv,dist_only,1,-1,1,1,0,0,1,1,3622058494,2299003041,300,False,5,5,5,0.0,21.0,0.20666666666666667,0.20666666666666667,0.20666666666666667
177,29,../environments/smooth.17.csv,dist_only,1,-1,1,1,0,0,1,1,3622058494,2299003041,400,False,7,7,7,0.0,29.0,0.2025,0.2025,0.2025
178,29,../environments/smooth.17.csv,dist_only,1,-1,1,1,0,0,1,1,3622058494,2299003041,500,False,9,9,9,0.0,36.0,0.19,0.19,0.19
179,29,../environments/smooth.17.csv,dist_only,1,-1,1,1,0,0,1,1,3622058494,2299003041,599,False,10,10,10,0.0,43.0,0.2020033388981636,0.2020033388981636,0.2020033388981636
180,30,../environments/smooth.17.csv,dist_only,1,-1,1,1,0,0,1,1,3859649351,3334515826,100,False,1,1,1,0.0,7.0,0.18,0.18,0.18
181,30,../environments/smooth.17.csv,dist_only,1,-1,1,1,0,0,1,1,3859649351,3334515826,200,False,3,3,3,0.0,15.0,0.155,0.155,0.155
182,30,../environments/smooth.17.csv,dist_only,1,-1,1,1,0,0,1,1,3859649351,3334515826,300,False,5,5,5,0.0,23.0,0.15666666666666668,0.15666666666666668,0.15666666666666668
183,30,../environments/smooth.17.csv,dist_only,1,-1,1,1,0,0,1,1,3859649351,3334515826,400,False,5,5,5,0.0,30.0,0.155,0.155,0.155
184,30,../environments/smooth.17.csv,dist_only,1,-1,1,1,0,0,1,1,3859649351,3334515826,500,False,9,9,9,0.0,37.0,0.172,0.172,0.172
185,30,../environments/smooth.17.csv,dist_only,1,-1,1,1,0,0,1,1,3859649351,3334515826,599,False,10,10,10,0.0,44.0,0.18030050083472454,0.18030050083472454,0.18030050083472454
186,31,../environments/smooth.17.csv,dist_only,1,-1,1,1,0,0,1,1,3859649351,262994761,100,False,3,3,3,0.0,7.0,0.16,0.16,0.16
187,31,../environments/smooth.17.csv,dist_only,1,-1,1,1,0,0,1,1,3859649351,262994761,200,False,3,3,3,0.0,14.0,0.195,0.195,0.195
188,31,../environments/smooth.17.csv,dist_only,1,-1,1,1,0,0,1,1,3859649351,262994761,300,False,3,3,3,0.0,22.0,0.19666666666666666,0.19666666666666666,0.19666666666666666
189,31,../environments/smooth.17.csv,dist_only,1,-1,1,1,0,0,1,1,3859649351,262994761,400,False,3,3,3,0.0,29.0,0.2,0.2,0.2
190,31,../environments/smooth.17.csv,dist_only,1,-1,1,1,0,0,1,1,3859649351,262994761,500,False,4,4,4,0.0,37.0,0.188,0.188,0.188
191,31,../environments/smooth.17.csv,dist_only,1,-1,1,1,0,0,1,1,3859649351,262994761,599,False,6,6,6,0.0,44.0,0.18864774624373956,0.18864774624373956,0.18864774624373956
192,32,../environments/smooth.17.csv,dist_only,1,-1,1,1,0,0,1,1,3859649351,3602806192,100,False,8,8,8,0.0,8.0,0.13,0.13,0.13
193,32,../environments/smooth.17.csv,dist_only,1,-1,1,1,0,0,1,1,3859649351,3602806192,200,False,9,9,9,0.0,15.0,0.18,0.18,0.18
194,32,../environments/smooth.17.csv,dist_only,1,-1,1,1,0,0,1,1,3859649351,3602806192,300,False,9,9,9,0.0,22.0,0.19333333333333333,0.19333333333333333,0.19333333333333333
195,32,../environments/smooth.17.csv,dist_only,1,-1,1,1,0,0,1,1,3859649351,3602806192,400,False,10,10,10,0.0,29.0,0.1925,0.1925,0.1925
196,32,../environments/smooth.17.csv,dist_only,1,-1,1,1,0,0,1,1,3859649351,3602806192,500,False,15,15,15,0.0,37.0,0.188,0.188,0.188
197,32,../environments/smooth.17.csv,dist_only,1,-1,1,1,0,0,1,1,3859649351,3602806192,599,False,17,17,17,0.0,44.0,0.18030050083472454,0.18030050083472454,0.18030050083472454
198,33,../environments/smooth.17.csv,dist_only,1,-1,1,1,0,0,1,1,3859649351,3437971635,100,False,6,6,6,0.0,8.0,0.13,0.13,0.13
199,33,../environments/smooth.17.csv,dist_only,1,-1,1,1,0,0,1,1,3859649351,3437971635,200,False,6,6,6,0.0,15.0,0.18,0.18,0.18
200,33,../environments/smooth.17.csv,dist_only,1,-1,1,1,0,0,1,1,3859649351,3437971635,300,False,7,7,7,0.0,22.0,0.18,0.18,0.18
201,33,../environments/smooth.17.csv,dist_only,1,-1,1,1,0,0,1,1,3859649351,3437971635,400,False,7,7,7,0.0,30.0,0.1775,0.1775,0.1775
202,33,../environments/smooth.17.csv,dist_only,1,-1,1,1,0,0,1,1,3859649351,3437971635,500,False,8,8,8,0.0,37.0,0.18,0.18,0.18
203,33,../environments/smooth.17.csv,dist_only,1,-1,1,1,0,0,1,1,3859649351,3437971635,599,False,10,10,10,0.0,45.0,0.17529215358931552,0.17529215358931552,0.17529215358931552
204,34,../environments/smooth.17.csv,dist_only,1,-1,1,1,0,0,1,1,3859649351,4010425793,100,False,2,2,2,0.0,7.0,0.22,0.22,0.22
205,34,../environments/smooth.17.csv,dist_only,1,-1,1,1,0,0,1,1,3859649351,4010425793,200,False,3,3,3,0.0,14.0,0.21,0.21,0.21
206,34,../environments/smooth.17.csv,dist_only,1,-1,1,1,0,0,1,1,3859649351,4010425793,300,False,4,4,4,0.0,21.0,0.21,0.21,0.21
207,34,../environments/smooth.17.csv,dist_only,1,-1,1,1,0,0,1,1,3859649351,4010425793,400,False,5,5,5,0.0,28.0,0.2075,0.2075,0.2075
208,34,../environments/smooth.17.csv,dist_only,1,-1,1,1,0,0,1,1,3859649351,4010425793,500,False,5,5,5,0.0,36.0,0.21,0.21,0.21
209,34,../environments/smooth.17.csv,dist_only,1,-1,1,1,0,0,1,1,3859649351,4010425793,599,False,7,7,7,0.0,43.0,0.20534223706176963,0.20534223706176963,0.20534223706176963
210,35,../environments/smooth.17.csv,dist_only,1,-1,1,1,0,0,1,1,3859649351,2734561081,100,False,2,2,2,0.0,7.0,0.22,0.22,0.22
211,35,../environments/smooth.17.csv,dist_only,1,-1,1,1,0,0,1,1,3859649351,2734561081,200,False,4,4,4,0.0,14.0,0.205,0.205,0.205
212,35,../environments/smooth.17.csv,dist_only,1,-1,1,1,0,0,1,1,3859649351,2734561081,300,False,5,5,5,0.0,22.0,0.19,0.19,0.19
213,35,../environments/smooth.17.csv,dist_only,1,-1,1,1,0,0,1,1,3859649351,2734561081,400,False,6,6,6,0.0,29.0,0.2,0.2,0.2
214,35,../environments/smooth.17.csv,dist_only,1,-1,1,1,0,0,1,1,3859649351,2734561081,500,False,9,9,9,0.0,36.0,0.192,0.192,0.192
215,35,../environments/smooth.17.csv,dist_only,1,-1,1,1,0,0,1,1,3859649351,2734561081,599,False,13,13,13,0.0,44.0,0.18697829716193656,0.18697829716193656,0.18697829716193656
216,36,../environments/smooth.17.csv,dist_only,1,-1,1,1,0,0,1,1,3859649351,1253946826,100,False,5,5,5,0.0,7.0,0.24,0.24,0.24
217,36,../environments/smooth.17.csv,dist_only,1,-1,1,1,0,0,1,1,3859649351,1253946826,200,False,6,6,6,0.0,13.0,0.245,0.245,0.245
218,36,../environments/smooth.17.csv,dist_only,1,-1,1,1,0,0,1,1,3859649351,1253946826,300,False,8,8,8,0.0,21.0,0.22666666666666666,0.22666666666666666,0.22666666666666666
219,36,../environments/smooth.17.csv,dist_only,1,-1,1,1,0,0,1,1,3859649351,1253946826,400,False,8,8,8,0.0,29.0,0.205,0.205,0.205
220,36,../environments/smooth.17.csv,dist_only,1,-1,1,1,0,0,1,1,3859649351,1253946826,500,False,11,11,11,0.0,36.0,0.198,0.198,0.198
221,36,../environments/smooth.17.csv,dist_only,1,-1,1,1,0,0,1,1,3859649351,1253946826,599,False,14,14,14,0.0,43.0,0.19532554257095158,0.19532554257095158,0.19532554257095158
222,37,../environments/smooth.17.csv,dist_only,1,-1,1,1,0,0,1,1,3859649351,1347984585,100,False,5,5,5,0.0,7.0,0.19,0.19,0.19
223,37,../environments/smooth.17.csv,dist_only,1,-1,1,1,0,0,1,1,3859649351,1347984585,200,False,6,6,6,0.0,14.0,0.205,0.205,0.205
224,37,../environments/smooth.17.csv,dist_only,1,-1,1,1,0,0,1,1,3859649351,1347984585,300,False,11,11,11,0.0,21.0,0.2,0.2,0.2
225,37,../environments/smooth.17.csv,dist_only,1,-1,1,1,0,0,1,1,3859649351,1347984585,400,False,14,14,14,0.0,28.0,0.215,0.215,0.215
226,37,../environments/smooth.17.csv,dist_only,1,-1,1,1,0,0,1,1,3859649351,1347984585,500,False,17,17,17,0.0,35.0,0.218,0.218,0.218
227,37,../environments/smooth.17.csv,dist_only,1,-1,1,1,0,0,1,1,3859649351,1347984585,599,False,18,18,18,0.0,43.0,0.21202003338898165,0.21202003338898165,0.21202003338898165
228,38,../environments/smooth.17.csv,dist_only,1,-1,1,1,0,0,1,1,3859649351,884777651,100,False,4,4,4,0.0,7.0,0.21,0.21,0.21
229,38,../environments/smooth.17.csv,dist_only,1,-1,1,1,0,0,1,1,3859649351,884777651,200,False,6,6,6,0.0,14.0,0.19,0.19,0.19
230,38,../environments/smooth.17.csv,dist_only,1,-1,1,1,0,0,1,1,3859649351,884777651,300,False,8,8,8,0.0,22.0,0.19,0.19,0.19
231,38,../environments/smooth.17.csv,dist_only,1,-1,1,1,0,0,1,1,3859649351,884777651,400,False,9,9,9,0.0,29.0,0.19,0.19,0.19
232,38,../environments/smooth.17.csv,dist_only,1,-1,1,1,0,0,1,1,3859649351,884777651,500,False,12,12,12,0.0,36.0,0.19,0.19,0.19
233,38,../environments/smooth.17.csv,dist_only,1,-1,1,1,0,0,1,1,3859649351,884777651,599,False,15,15,15,0.0,44.0,0.19365609348914858,0.19365609348914858,0.19365609348914858
234,39,../environments/smooth.17.csv,dist_only,1,-1,1,1,0,0,1,1,3859649351,2299003041,100,False,4,4,4,0.0,7.0,0.16,0.16,0.16
235,39,../environments/smooth.17.csv,dist_only,1,-1,1,1,0,0,1,1,3859649351,2299003041,200,False,9,9,9,0.0,15.0,0.17,0.17,0.17
236,39,../environments/smooth.17.csv,dist_only,1,-1,1,1,0,0,1,1,3859649351,2299003041,300,False,9,9,9,0.0,22.0,0.18333333333333332,0.18333333333333332,0.18333333333333332
237,39,../environments/smooth.17.csv,dist_only,1,-1,1,1,0,0,1,1,3859649351,2299003041,400,False,11,11,11,0.0,29.0,0.1825,0.1825,0.1825
238,39,../environments/smooth.17.csv,dist_only,1,-1,1,1,0,0,1,1,3859649351,2299003041,500,False,13,13,13,0.0,37.0,0.174,0.174,0.174
239,39,../environments/smooth.17.csv,dist_only,1,-1,1,1,0,0,1,1,3859649351,2299003041,599,False,13,13,13,0.0,44.0,0.17863105175292154,0.17863105175292154,0.17863105175292154
240,40,../environments/smooth.17.csv,dist_only,1,-1,1,1,0,0,1,1,3788962293,3334515826,100,False,2,2,2,0.0,7.0,0.2,0.2,0.2
241,40,../environments/smooth.17.csv,dist_only,1,-1,1,1,0,0,1,1,3788962293,3334515826,200,False,6,6,6,0.0,15.0,0.175,0.175,0.175
242,40,../environments/smooth.17.csv,dist_only,1,-1,1,1,0,0,1,1,3788962293,3334515826,300,False,9,9,9,0.0,23.0,0.16,0.16,0.16
243,40,../environments/smooth.17.csv,dist_only,1,-1,1,1,0,0,1,1,3788962293,3334515826,400,False,9,9,9,0.0,30.0,0.1725,0.1725,0.1725
244,40,../environments/smooth.17.csv,dist_only,1,-1,1,1,0,0,1,1,3788962293,3334515826,500,False,9,9,9,0.0,37.0,0.188,0.188,0.188
245,40,../environments/smooth.17.csv,dist_only,1,-1,1,1,0,0,1,1,3788962293,3334515826,599,False,12,12,12,0.0,43.0,0.19699499165275458,0.19699499165275458,0.19699499165275458
246,41,../environments/smooth.17.csv,dist_only,1,-1,1,1,0,0,1,1,3788962293,262994761,100,False,4,4,4,0.0,8.0,0.11,0.11,0.11
247,41,../environments/smooth.17.csv,dist_only,1,-1,1,1,0,0,1,1,3788962293,262994761,200,False,6,6,6,0.0,15.0,0.145,0.145,0.145
248,41,../environments/smooth.17.csv,dist_only,1,-1,1,1,0,0,1,1,3788962293,262994761,300,False,13,13,13,0.0,23.0,0.16,0.16,0.16
249,41,../environments/smooth.17.csv,dist_only,1,-1,1,1,0,0,1,1,3788962293,262994761,400,False,13,13,13,0.0,30.0,0.1725,0.1725,0.1725
250,41,../environments/smooth.17.csv,dist_only,1,-1,1,1,0,0,1,1,3788962293,262994761,500,False,14,14,14,0.0,37.0,0.172,0.172,0.172
251,41,../environments/smooth.17.csv,dist_only,1,-1,1,1,0,0,1,1,3788962293,262994761,599,False,19,19,19,0.0,45.0,0.17028380634390652,0.17028380634390652,0.17028380634390652
252,42,../environments/smooth.17.csv,dist_only,1,-1,1,1,0,0,1,1,3788962293,3602806192,100,False,3,3,3,0.0,7.0,0.24,0.24,0.24
253,42,../environments/smooth.17.csv,dist_only,1,-1,1,1,0,0,1,1,3788962293,3602806192,200,False,6,6,6,0.0,14.0,0.235,0.235,0.235
254,42,../environments/smooth.17.csv,dist_only,1,-1,1,1,0,0,1,1,3788962293,3602806192,300,False,10,10,10,0.0,21.0,0.21,0.21,0.21
255,42,../environments/smooth.17.csv,dist_only,1,-1,1,1,0,0,1,1,3788962293,3602806192,400,False,10,10,10,0.0,29.0,0.2025,0.2025,0.2025
256,42,../environments/smooth.17.csv,dist_only,1,-1,1,1,0,0,1,1,3788962293,3602806192,500,False,12,12,12,0.0,36.0,0.192,0.192,0.192
257,42,../environments/smooth.17.csv,dist_only,1,-1,1,1,0,0,1,1,3788962293,3602806192,599,False,13,13,13,0.0,44.0,0.19365609348914858,0.19365609348914858,0.19365609348914858
258,43,../environments/smooth.17.csv,dist_only,1,-1,1,1,0,0,1,1,3788962293,3437971635,100,False,4,4,4,0.0,7.0,0.21,0.21,0.21
259,43,../environments/smooth.17.csv,dist_only,1,-1,1,1,0,0,1,1,3788962293,3437971635,200,False,4,4,4,0.0,14.0,0.215,0.215,0.215
260,43,../environments/smooth.17.csv,dist_only,1,-1,1,1,0,0,1,1,3788962293,3437971635,300,False,5,5,5,0.0,21.0,0.20666666666666667,0.20666666666666667,0.20666666666666667
261,43,../environments/smooth.17.csv,dist_only,1,-1,1,1,0,0,1,1,3788962293,3437971635,400,False,6,6,6,0.0,29.0,0.1975,0.1975,0.1975
262,43,../environments/smooth.17.csv,dist_only,1,-1,1,1,0,0,1,1,3788962293,3437971635,500,False,10,10,10,0.0,37.0,0.188,0.188,0.188
263,43,../environments/smooth.17.csv,dist_only,1,-1,1,1,0,0,1,1,3788962293,3437971635,599,False,11,11,11,0.0,44.0,0.18530884808013356,0.18530884808013356,0.18530884808013356
264,44,../environments/smooth.17.csv,dist_only,1,-1,1,1,0,0,1,1,3788962293,4010425793,100,False,2,2,2,0.0,7.0,0.14,0.14,0.14
265,44,../environments/smooth.17.csv,dist_only,1,-1,1,1,0,0,1,1,3788962293,4010425793,200,False,2,2,2,0.0,15.0,0.17,0.17,0.17
266,44,../environments/smooth.17.csv,dist_only,1,-1,1,1,0,0,1,1,3788962293,4010425793,300,False,5,5,5,0.0,22.0,0.18666666666666668,0.18666666666666668,0.18666666666666668
267,44,../environments/smooth.17.csv,dist_only,1,-1,1,1,0,0,1,1,3788962293,4010425793,400,False,8,8,8,0.0,29.0,0.18,0.18,0.18
268,44,../environments/smooth.17.csv,dist_only,1,-1,1,1,0,0,1,1,3788962293,4010425793,500,False,10,10,10,0.0,36.0,0.196,0.196,0.196
269,44,../environments/smooth.17.csv,dist_only,1,-1,1,1,0,0,1,1,3788962293,4010425793,599,False,10,10,10,0.0,44.0,0.19365609348914858,0.19365609348914858,0.19365609348914858
270,45,../environments/smooth.17.csv,dist_only,1,-1,1,1,0,0,1,1,3788962293,2734561081,100,False,1,1,1,0.0,7.0,0.2,0.2,0.2
271,45,../environments/smooth.17.csv,dist_only,1,-1,1,1,0,0,1,1,3788962293,2734561081,200,False,6,6,6,0.0,15.0,0.165,0.165,0.165
272,45,../environments/smooth.17.csv,dist_only,1,-1,1,1,0,0,1,1,3788962293,2734561081,300,False,6,6,6,0.0,22.0,0.19666666666666666,0.19666666666666666,0.19666666666666666
273,45,../environments/smooth.17.csv,dist_only,1,-1,1,1,0,0,1,1,3788962293,2734561081,400,False,7,7,7,0.0,29.0,0.2025,0.2025,0.2025
274,45,../environments/smooth.17.csv,dist_only,1,-1,1,1,0,0,1,1,3788962293,2734561081,500,False,9,9,9,0.0,36.0,0.196,0.196,0.196
275,45,../environments/smooth.17.csv,dist_only,1,-1,1,1,0,0,1,1,3788962293,2734561081,599,False,12,12,12,0.0,44.0,0.19365609348914858,0.19365609348914858,0.19365609348914858
276,46,../environments/smooth.17.csv,dist_only,1,-1,1,1,0,0,1,1,3788962293,1253946826,100,False,2,2,2,0.0,7.0,0.17,0.17,0.17
277,46,../environments/smooth.17.csv,dist_only,1,-1,1,1,0,0,1,1,3788962293,1253946826,200,False,3,3,3,0.0,14.0,0.2,0.2,0.2
278,46,../environments/smooth.17.csv,dist_only,1,-1,1,1,0,0,1,1,3788962293,1253946826,300,False,4,4,4,0.0,21.0,0.21333333333333335,0.21333333333333335,0.21333333333333335
279,46,../environments/smooth.17.csv,dist_only,1,-1,1,1,0,0,1,1,3788962293,1253946826,400,False,8,8,8,0.0,29.0,0.2025,0.2025,0.2025
280,46,../environments/smooth.17.csv,dist_only,1,-1,1,1,0,0,1,1,3788962293,1253946826,500,False,10,10,10,0.0,36.0,0.202,0.202,0.202
281,46,../environments/smooth.17.csv,dist_only,1,-1,1,1,0,0,1,1,3788962293,1253946826,599,False,14,14,14,0.0,43.0,0.2020033388981636,0.2020033388981636,0.2020033388981636
282,47,../environments/smooth.17.csv,dist_only,1,-1,1,1,0,0,1,1,3788962293,1347984585,100,False,2,2,2,0.0,7.0,0.24,0.24,0.24
283,47,../environments/smooth.17.csv,dist_only,1,-1,1,1,0,0,1,1,3788962293,1347984585,200,False,4,4,4,0.0,15.0,0.18,0.18,0.18
284,47,../environments/smooth.17.csv,dist_only,1,-1,1,1,0,0,1,1,3788962293,1347984585,300,False,6,6,6,0.0,21.0,0.20333333333333334,0.20333333333333334,0.20333333333333334
285,47,../environments/smooth.17.csv,dist_only,1,-1,1,1,0,0,1,1,3788962293,1347984585,400,False,9,9,9,0.0,28.0,0.22,0.22,0.22
286,47,../environments/smooth.17.csv,dist_only,1,-1,1,1,0,0,1,1,3788962293,1347984585,500,False,12,12,12,0.0,35.0,0.218,0.218,0.218
287,47,../environments/smooth.17.csv,dist_only,1,-1,1,1,0,0,1,1,3788962293,1347984585,599,False,16,16,16,0.0,43.0,0.21202003338898165,0.21202003338898165,0.21202003338898165
288,48,../environments/smooth.17.csv,dist_only,1,-1,1,1,0,0,1,1,3788962293,884777651,100,False,3,3,3,0.0,7.0,0.24,0.24,0.24
289,48,../environments/smooth.17.csv,dist_only,1,-1,1,1,0,0,1,1,3788962293,884777651,200,False,6,6,6,0.0,14.0,0.195,0.195,0.195
290,48,../environments/smooth.17.csv,dist_only,1,-1,1,1,0,0,1,1,3788962293,884777651,300,False,8,8,8,0.0,22.0,0.19333333333333333,0.19333333333333333,0.19333333333333333
291,48,../environments/smooth.17.csv,dist_only,1,-1,1,1,0,0,1,1,3788962293,884777651,400,False,9,9,9,0.0,29.0,0.1875,0.1875,0.1875
292,48,../environments/smooth.17.csv,dist_only,1,-1,1,1,0,0,1,1,3788962293,884777651,500,False,12,12,12,0.0,37.0,0.188,0.188,0.188
293,48,../environments/smooth.17.csv,dist_only,1,-1,1,1,0,0,1,1,3788962293,884777651,599,False,14,14,14,0.0,44.0,0.18697829716193656,0.18697829716193656,0.18697829716193656
294,49,../environments/smooth.17.csv,dist_only,1,-1,1,1,0,0,1,1,3788962293,2299003041,100,False,0,0,0,0.0,7.0,0.16,0.16,0.16
295,49,../environments/smooth.17.csv,dist_only,1,-1,1,1,0,0,1,1,3788962293,2299003041,200,False,6,6,6,0.0,15.0,0.155,0.155,0.155
296,49,../environments/smooth.17.csv,dist_only,1,-1,1,1,0,0,1,1,3788962293,2299003041,300,False,9,9,9,0.0,22.0,0.16666666666666666,0.16666666666666666,0.16666666666666666
297,49,../environments/smooth.17.csv,dist_only,1,-1,1,1,0,0,1,1,3788962293,2299003041,400,False,14,14,14,0.0,30.0,0.165,0.165,0.165
298,49,../environments/smooth.17.csv,dist_only,1,-1,1,1,0,0,1,1,3788962293,2299003041,500,False,16,16,16,0.0,38.0,0.166,0.166,0.166
299,49,../environments/smooth.17.csv,dist_only,1,-1,1,1,0,0,1,1,3788962293,2299003041,599,False,19,19,19,0.0,44.0,0.18030050083472454,0.18030050083472454,0.18030050083472454
300,50,../environments/smooth.17.csv,dist_only,1,-1,1,1,0,0,1,1,4075238685,3334515826,100,False,2,2,2,0.0,7.0,0.2,0.2,0.2
301,50,../environments/smooth.17.csv,dist_only,1,-1,1,1,0,0,1,1,4075238685,3334515826,200,False,6,6,6,0.0,14.0,0.185,0.185,0.185
302,50,../environments/smooth.17.csv,dist_only,1,-1,1,1,0,0,1,1,4075238685,3334515826,300,False,8,8,8,0.0,21.0,0.2,0.2,0.2
303,50,../environments/smooth.17.csv,dist_only,1,-1,1,1,0,0,1,1,4075238685,3334515826,400,False,11,11,11,0.0,29.0,0.185,0.185,0.185
304,50,../environments/smooth.17.csv,dist_only,1,-1,1,1,0,0,1,1,4075238685,3334515826,500,False,16,16,16,0.0,36.0,0.196,0.196,0.196
305,50,../environments/smooth.17.csv,dist_only,1,-1,1,1,0,0,1,1,4075238685,3334515826,599,False,16,16,16,0.0,43.0,0.1986644407345576,0.1986644407345576,0.1986644407345576
306,51,../environments/smooth.17.csv,dist_only,1,-1,1,1,0,0,1,1,4075238685,262994761,100,False,0,0,0,0.0,7.0,0.23,0.23,0.23
307,51,../environments/smooth.17.csv,dist_only,1,-1,1,1,0,0,1,1,4075238685,262994761,200,False,1,1,1,0.0,14.0,0.21,0.21,0.21
308,51,../environments/smooth.17.csv,dist_only,1,-1,1,1,0,0,1,1,4075238685,262994761,300,False,4,4,4,0.0,21.0,0.2,0.2,0.2
309,51,../environments/smooth.17.csv,dist_only,1,-1,1,1,0,0,1,1,4075238685,262994761,400,False,5,5,5,0.0,29.0,0.205,0.205,0.205
310,51,../environments/smooth.17.csv,dist_only,1,-1,1,1,0,0,1,1,4075238685,262994761,500,False,11,11,11,0.0,36.0,0.202,0.202,0.202
311,51,../environments/smooth.17.csv,dist_only,1,-1,1,1,0,0,1,1,4075238685,262994761,599,False,16,16,16,0.0,44.0,0.19198664440734559,0.19198664440734559,0.19198664440734559
312,52,../environments/smooth.17.csv,dist_only,1,-1,1,1,0,0,1,1,4075238685,3602806192,100,False,1,1,1,0.0,7.0,0.19,0.19,0.19
313,52,../environments/smooth.17.csv,dist_only,1,-1,1,1,0,0,1,1,4075238685,3602806192,200,False,1,1,1,0.0,14.0,0.23,0.23,0.23
314,52,../environments/smooth.17.csv,dist_only,1,-1,1,1,0,0,1,1,4075238685,3602806192,300,False,1,1,1,0.0,21.0,0.22333333333333333,0.22333333333333333,0.22333333333333333
315,52,../environments/smooth.17.csv,dist_only,1,-1,1,1,0,0,1,1,4075238685,3602806192,400,False,4,4,4,0.0,28.0,0.21,0.21,0.21
316,52,../environments/smooth.17.csv,dist_only,1,-1,1,1,0,0,1,1,4075238685,3602806192,500,False,9,9,9,0.0,36.0,0.192,0.192,0.192
317,52,../environments/smooth.17.csv,dist_only,1,-1,1,1,0,0,1,1,4075238685,3602806192,599,False,10,10,10,0.0,43.0,0.20868113522537562,0.20868113522537562,0.20868113522537562
318,53,../environments/smooth.17.csv,dist_only,1,-1,1,1,0,0,1,1,4075238685,3437971635,100,False,5,5,5,0.0,7.0,0.18,0.18,0.18
319,53,../environments/smooth.17.csv,dist_only,1,-1,1,1,0,0,1,1,4075238685,3437971635,200,False,7,7,7,0.0,14.0,0.19,0.19,0.19
320,53,../environments/smooth.17.csv,dist_only,1,-1,1,1,0,0,1,1,4075238685,3437971635,300,False,7,7,7,0.0,22.0,0.18333333333333332,0.18333333333333332,0.18333333333333332
321,53,../environments/smooth.17.csv,dist_only,1,-1,1,1,0,0,1,1,4075238685,3437971635,400,False,9,9,9,0.0,29.0,0.18,0.18,0.18
322,53,../environments/smooth.17.csv,dist_only,1,-1,1,1,0,0,1,1,4075238685,3437971635,500,False,11,11,11,0.0,37.0,0.188,0.188,0.188
323,53,../environments/smooth.17.csv,dist_only,1,-1,1,1,0,0,1,1,4075238685,3437971635,599,False,16,16,16,0.0,44.0,0.18196994991652754,0.18196994991652754,0.18196994991652754
324,54,../environments/smooth.17.csv,dist_only,1,-1,1,1,0,0,1,1,4075238685,4010425793,100,False,0,0,0,0.0,7.0,0.18,0.18,0.18
325,54,../environments/smooth.17.csv,dist_only,1,-1,1,1,0,0,1,1,4075238685,4010425793,200,False,0,0,0,0.0,15.0,0.17,0.17,0.17
326,54,../environments/smooth.17.csv,dist_only,1,-1,1,1,0,0,1,1,4075238685,4010425793,300,False,4,4,4,0.0,22.0,0.19333333333333333,0.19333333333333333,0.19333333333333333
327,54,../environments/smooth.17.csv,dist_only,1,-1,1,1,0,0,1,1,4075238685,4010425793,400,False,4,4,4,0.0,30.0,0.1775,0.1775,0.1775
328,54,../environments/smooth.17.csv,dist_only,1,-1,1,1,0,0,1,1,4075238685,4010425793,500,False,5,5,5,0.0,37.0,0.188,0.188,0.188
329,54,../environments/smooth.17.csv,dist_only,1,-1,1,1,0,0,1,1,4075238685,4010425793,599,False,8,8,8,0.0,44.0,0.18196994991652754,0.18196994991652754,0.18196994991652754
330,55,../environments/smooth.17.csv,dist_only,1,-1,1,1,0,0,1,1,4075238685,2734561081,100,False,4,4,4,0.0,7.0,0.21,0.21,0.21
331,55,../environments/smooth.17.csv,dist_only,1,-1,1,1,0,0,1,1,4075238685,2734561081,200,False,4,4,4,0.0,14.0,0.205,0.205,0.205
332,55,../environments/smooth.17.csv,dist_only,1,-1,1,1,0,0,1,1,4075238685,2734561081,300,False,7,7,7,0.0,22.0,0.19666666666666666,0.19666666666666666,0.19666666666666666
333,55,../environments/smooth.17.csv,dist_only,1,-1,1,1,0,0,1,1,4075238685,2734561081,400,False,10,10,10,0.0,29.0,0.205,0.205,0.205
334,55,../environments/smooth.17.csv,dist_only,1,-1,1,1,0,0,1,1,4075238685,2734561081,500,False,13,13,13,0.0,36.0,0.192,0.192,0.192
335,55,../environments/smooth.17.csv,dist_only,1,-1,1,1,0,0,1,1,4075238685,2734561081,599,False,15,15,15,0.0,44.0,0.19031719532554256,0.19031719532554256,0.19031719532554256
336,56,../environments/smooth.17.csv,dist_only,1,-1,1,1,0,0,1,1,4075238685,1253946826,100,False,0,0,0,0.0,7.0,0.16,0.16,0.16
337,56,../environments/smooth.17.csv,dist_only,1,-1,1,1,0,0,1,1,4075238685,1253946826,200,False,2,2,2,0.0,14.0,0.195,0.195,0.195
338,56,../environments/smooth.17.csv,dist_only,1,-1,1,1,0,0,1,1,4075238685,1253946826,300,False,4,4,4,0.0,22.0,0.19666666666666666,0.19666666666666666,0.19666666666666666
339,56,../environments/smooth.17.csv,dist_only,1,-1,1,1,0,0,1,1,4075238685,1253946826,400,False,7,7,7,0.0,30.0,0.1775,0.1775,0.1775
340,56,../environments/smooth.17.csv,dist_only,1,-1,1,1,0,0,1,1,4075238685,1253946826,500,False,8,8,8,0.0,37.0,0.188,0.188,0.188
341,56,../environments/smooth.17.csv,dist_only,1,-1,1,1,0,0,1,1,4075238685,1253946826,599,False,9,9,9,0.0,44.0,0.18196994991652754,0.18196994991652754,0.18196994991652754
342,57,../environments/smooth.17.csv,dist_only,1,-1,1,1,0,0,1,1,4075238685,1347984585,100,False,3,3,3,0.0,7.0,0.24,0.24,0.24
343,57,../environments/smooth.17.csv,dist_only,1,-1,1,1,0,0,1,1,4075238685,1347984585,200,False,3,3,3,0.0,14.0,0.235,0.235,0.235
344,57,../environments/smooth.17.csv,dist_only,1,-1,1,1,0,0,1,1,4075238685,1347984585,300,False,4,4,4,0.0,21.0,0.22666666666666666,0.22666666666666666,0.22666666666666666
345,57,../environments/smooth.17.csv,dist_only,1,-1,1,1,0,0,1,1,4075238685,1347984585,400,False,6,6,6,0.0,28.0,0.225,0.225,0.225
346,57,../environments/smooth.17.csv,dist_only,1,-1,1,1,0,0,1,1,4075238685,1347984585,500,False,7,7,7,0.0,35.0,0.23,0.23,0.23
347,57,../environments/smooth.17.csv,dist_only,1,-1,1,1,0,0,1,1,4075238685,1347984585,599,False,8,8,8,0.0,42.0,0.2287145242070117,0.2287145242070117,0.2287145242070117
348,58,../environments/smooth.17.csv,dist_only,1,-1,1,1,0,0,1,1,4075238685,884777651,100,False,0,0,0,0.0,7.0,0.22,0.22,0.22
349,58,../environments/smooth.17.csv,dist_only,1,-1,1,1,0,0,1,1,4075238685,884777651,200,False,0,0,0,0.0,14.0,0.21,0.21,0.21
350,58,../environments/smooth.17.csv,dist_only,1,-1,1,1,0,0,1,1,4075238685,884777651,300,False,0,0,0,0.0,21.0,0.20333333333333334,0.20333333333333334,0.20333333333333334
351,58,../environments/smooth.17.csv,dist_only,1,-1,1,1,0,0,1,1,4075238685,884777651,400,False,5,5,5,0.0,29.0,0.1825,0.1825,0.1825
352,58,../environments/smooth.17.csv,dist_only,1,-1,1,1,0,0,1,1,4075238685,884777651,500,False,6,6,6,0.0,37.0,0.184,0.184,0.184
353,58,../environments/smooth.17.csv,dist_only,1,-1,1,1,0,0,1,1,4075238685,884777651,599,False,6,6,6,0.0,44.0,0.18196994991652754,0.18196994991652754,0.18196994991652754
354,59,../environments/smooth.17.csv,dist_only,1,-1,1,1,0,0,1,1,4075238685,2299003041,100,False,3,3,3,0.0,7.0,0.19,0.19,0.19
355,59,../environments/smooth.17.csv,dist_only,1,-1,1,1,0,0,1,1,4075238685,2299003041,200,False,8,8,8,0.0,15.0,0.17,0.17,0.17
356,59,../environments/smooth.17.csv,dist_only,1,-1,1,1,0,0,1,1,4075238685,2299003041,300,False,9,9,9,0.0,22.0,0.16666666666666666,0.16666666666666666,0.16666666666666666
357,59,../environments/smooth.17.csv,dist_only,1,-1,1,1,0,0,1,1,4075238685,2299003041,400,False,10,10,10,0.0,30.0,0.1775,0.1775,0.1775
358,59,../environments/smooth.17.csv,dist_only,1,-1,1,1,0,0,1,1,4075238685,2299003041,500,False,10,10,10,0.0,37.0,0.182,0.182,0.182
359,59,../environments/smooth.17.csv,dist_only,1,-1,1,1,0,0,1,1,4075238685,2299003041,599,False,11,11,11,0.0,44.0,0.19198664440734559,0.19198664440734559,0.19198664440734559
360,60,../environments/smooth.17.csv,dist_only,1,-1,1,1,0,0,1,1,1315049272,3334515826,100,False,3,3,3,0.0,7.0,0.24,0.24,0.24
361,60,../environments/smooth.17.csv,dist_only,1,-1,1,1,0,0,1,1,1315049272,3334515826,200,False,5,5,5,0.0,14.0,0.2,0.2,0.2
362,60,../environments/smooth.17.csv,dist_only,1,-1,1,1,0,0,1,1,1315049272,3334515826,300,False,5,5,5,0.0,22.0,0.19666666666666666,0.19666666666666666,0.19666666666666666
363,60,../environments/smooth.17.csv,dist_only,1,-1,1,1,0,0,1,1,1315049272,3334515826,400,False,8,8,8,0.0,29.0,0.2,0.2,0.2
364,60,../environments/smooth.17.csv,dist_only,1,-1,1,1,0,0,1,1,1315049272,3334515826,500,False,9,9,9,0.0,36.0,0.206,0.206,0.206
365,60,../environments/smooth.17.csv,dist_only,1,-1,1,1,0,0,1,1,1315049272,3334515826,599,False,10,10,10,0.0,43.0,0.21035058430717862,0.21035058430717862,0.21035058430717862
366,61,../environments/smooth.17.csv,dist_only,1,-1,1,1,0,0,1,1,1315049272,262994761,100,False,1,1,1,0.0,7.0,0.16,0.16,0.16
367,61,../environments/smooth.17.csv,dist_only,1,-1,1,1,0,0,1,1,1315049272,262994761,200,False,5,5,5,0.0,15.0,0.18,0.18,0.18
368,61,../environments/smooth.17.csv,dist_only,1,-1,1,1,0,0,1,1,1315049272,262994761,300,False,5,5,5,0.0,22.0,0.17333333333333334,0.17333333333333334,0.17333333333333334
369,61,../environments/smooth.17.csv,dist_only,1,-1,1,1,0,0,1,1,1315049272,262994761,400,False,5,5,5,0.0,29.0,0.1825,0.1825,0.1825
370,61,../environments/smooth.17.csv,dist_only,1,-1,1,1,0,0,1,1,1315049272,262994761,500,False,10,10,10,0.0,37.0,0.172,0.172,0.172
371,61,../environments/smooth.17.csv,dist_only,1,-1,1,1,0,0,1,1,1315049272,262994761,599,False,13,13,13,0.0,45.0,0.17529215358931552,0.17529215358931552,0.17529215358931552
372,62,../environments/smooth.17.csv,dist_only,1,-1,1,1,0,0,1,1,1315049272,3602806192,100,False,1,1,1,0.0,7.0,0.17,0.17,0.17
373,62,../environments/smooth.17.csv,dist_only,1,-1,1,1,0,0,1,1,1315049272,3602806192,200,False,2,2,2,0.0,14.0,0.185,0.185,0.185
374,62,../environments/smooth.17.csv,dist_only,1,-1,1,1,0,0,1,1,1315049272,3602806192,300,False,3,3,3,0.0,22.0,0.19666666666666666,0.19666666666666666,0.19666666666666666
375,62,../environments/smooth.17.csv,dist_only,1,-1,1,1,0,0,1,1,1315049272,3602806192,400,False,6,6,6,0.0,30.0,0.1775,0.1775,0.1775
376,62,../environments/smooth.17.csv,dist_only,1,-1,1,1,0,0,1,1,1315049272,3602806192,500,False,7,7,7,0.0,37.0,0.188,0.188,0.188
377,62,../environments/smooth.17.csv,dist_only,1,-1,1,1,0,0,1,1,1315049272,3602806192,599,False,7,7,7,0.0,44.0,0.18030050083472454,0.18030050083472454,0.18030050083472454
378,63,../environments/smooth.17.csv,dist_only,1,-1,1,1,0,0,1,1,1315049272,3437971635,100,False,2,2,2,0.0,7.0,0.18,0.18,0.18
379,63,../environments/smooth.17.csv,dist_only,1,-1,1,1,0,0,1,1,1315049272,3437971635,200,False,2,2,2,0.0,14.0,0.195,0.195,0.195
380,63,../environments/smooth.17.csv,dist_only,1,-1,1,1,0,0,1,1,1315049272,3437971635,300,False,5,5,5,0.0,22.0,0.19,0.19,0.19
381,63,../environments/smooth.17.csv,dist_only,1,-1,1,1,0,0,1,1,1315049272,3437971635,400,False,10,10,10,0.0,30.0,0.1775,0.1775,0.1775
382,63,../environments/smooth.17.csv,dist_only,1,-1,1,1,0,0,1,1,1315049272,3437971635,500,False,11,11,11,0.0,37.0,0.188,0.188,0.188
383,63,../environments/smooth.17.csv,dist_only,1,-1,1,1,0,0,1,1,1315049272,3437971635,599,False,13,13,13,0.0,44.0,0.18196994991652754,0.18196994991652754,0.18196994991652754
384,64,../environments/smooth.17.csv,dist_only,1,-1,1,1,0,0,1,1,1315049272,4010425793,100,False,2,2,2,0.0,7.0,0.15,0.15,0.15
385,64,../environments/smooth.17.csv,dist_only,1,-1,1,1,0,0,1,1,1315049272,4010425793,200,False,8,8,8,0.0,15.0,0.155,0.155,0.155
386,64,../environments/smooth.17.csv,dist_only,1,-1,1,1,0,0,1,1,1315049272,4010425793,300,False,9,9,9,0.0,22.0,0.18333333333333332,0.18333333333333332,0.18333333333333332
387,64,../environments/smooth.17.csv,dist_only,1,-1,1,1,0,0,1,1,1315049272,4010425793,400,False,10,10,10,0.0,30.0,0.1775,0.1775,0.1775
388,64,../environments/smooth.17.csv,dist_only,1,-1,1,1,0,0,1,1,1315049272,4010425793,500,False,10,10,10,0.0,37.0,0.188,0.188,0.188
389,64,../environments/smooth.17.csv,dist_only,1,-1,1,1,0,0,1,1,1315049272,4010425793,599,False,12,12,12,0.0,44.0,0.18864774624373956,0.18864774624373956,0.18864774624373956
390,65,../environments/smooth.17.csv,dist_only,1,-1,1,1,0,0,1,1,1315049272,2734561081,100,False,7,7,7,0.0,7.0,0.17,0.17,0.17
391,65,../environments/smooth.17.csv,dist_only,1,-1,1,1,0,0,1,1,1315049272,2734561081,200,False,7,7,7,0.0,15.0,0.175,0.175,0.175
392,65,../environments/smooth.17.csv,dist_only,1,-1,1,1,0,0,1,1,1315049272,2734561081,300,False,7,7,7,0.0,22.0,0.19666666666666666,0.19666666666666666,0.19666666666666666
393,65,../environments/smooth.17.csv,dist_only,1,-1,1,1,0,0,1,1,1315049272,2734561081,400,False,8,8,8,0.0,29.0,0.2025,0.2025,0.2025
394,65,../environments/smooth.17.csv,dist_only,1,-1,1,1,0,0,1,1,1315049272,2734561081,500,False,10,10,10,0.0,36.0,0.196,0.196,0.196
395,65,../environments/smooth.17.csv,dist_only,1,-1,1,1,0,0,1,1,1315049272,2734561081,599,False,13,13,13,0.0,44.0,0.19365609348914858,0.19365609348914858,0.19365609348914858
396,66,../environments/smooth.17.csv,dist_only,1,-1,1,1,0,0,1,1,1315049272,1253946826,100,False,6,6,6,0.0,8.0,0.13,0.13,0.13
397,66,../environments/smooth.17.csv,dist_only,1,-1,1,1,0,0,1,1,1315049272,1253946826,200,False,8,8,8,0.0,14.0,0.19,0.19,0.19
398,66,../environments/smooth.17.csv,dist_only,1,-1,1,1,0,0,1,1,1315049272,1253946826,300,False,10,10,10,0.0,21.0,0.20333333333333334,0.20333333333333334,0.20333333333333334
399,66,../environments/smooth.17.csv,dist_only,1,-1,1,1,0,0,1,1,1315049272,1253946826,400,False,11,11,11,0.0,29.0,0.195,0.195,0.195
400,66,../environments/smooth.17.csv,dist_only,1,-1,1,1,0,0,1,1,1315049272,1253946826,500,False,11,11,11,0.0,36.0,0.192,0.192,0.192
401,66,../environments/smooth.17.csv,dist_only,1,-1,1,1,0,0,1,1,1315049272,1253946826,599,False,13,13,13,0.0,44.0,0.18864774624373956,0.18864774624373956,0.18864774624373956
402,67,../environments/smooth.17.csv,dist_only,1,-1,1,1,0,0,1,1,1315049272,1347984585,100,False,3,3,3,0.0,7.0,0.23,0.23,0.23
403,67,../environments/smooth.17.csv,dist_only,1,-1,1,1,0,0,1,1,1315049272,1347984585,200,False,7,7,7,0.0,14.0,0.205,0.205,0.205
404,67,../environments/smooth.17.csv,dist_only,1,-1,1,1,0,0,1,1,1315049272,1347984585,300,False,9,9,9,0.0,21.0,0.20666666666666667,0.20666666666666667,0.20666666666666667
405,67,../environments/smooth.17.csv,dist_only,1,-1,1,1,0,0,1,1,1315049272,1347984585,400,False,14,14,14,0.0,29.0,0.205,0.205,0.205
406,67,../environments/smooth.17.csv,dist_only,1,-1,1,1,0,0,1,1,1315049272,1347984585,500,False,14,14,14,0.0,36.0,0.208,0.208,0.208
407,67,../environments/smooth.17.csv,dist_only,1,-1,1,1,0,0,1,1,1315049272,1347984585,599,False,15,15,15,0.0,43.0,0.21035058430717862,0.21035058430717862,0.21035058430717862
408,68,../environments/smooth.17.csv,dist_only,1,-1,1,1,0,0,1,1,1315049272,884777651,100,False,4,4,4,0.0,7.0,0.21,0.21,0.21
409,68,../environments/smooth.17.csv,dist_only,1,-1,1,1,0,0,1,1,1315049272,884777651,200,False,9,9,9,0.0,15.0,0.18,0.18,0.18
410,68,../environments/smooth.17.csv,dist_only,1,-1,1,1,0,0,1,1,1315049272,884777651,300,False,14,14,14,0.0,22.0,0.16333333333333333,0.16333333333333333,0.16333333333333333
411,68,../environments/smooth.17.csv,dist_only,1,-1,1,1,0,0,1,1,1315049272,884777651,400,False,16,16,16,0.0,30.0,0.1775,0.1775,0.1775
412,68,../environments/smooth.17.csv,dist_only,1,-1,1,1,0,0,1,1,1315049272,884777651,500,False,19,19,19,0.0,37.0,0.182,0.182,0.182
413,68,../environments/smooth.17.csv,dist_only,1,-1,1,1,0,0,1,1,1315049272,884777651,599,False,19,19,19,0.0,44.0,0.18030050083472454,0.18030050083472454,0.18030050083472454
414,69,../environments/smooth.17.csv,dist_only,1,-1,1,1,0,0,1,1,1315049272,2299003041,100,False,4,4,4,0.0,7.0,0.17,0.17,0.17
415,69,../environments/smooth.17.csv,dist_only,1,-1,1,1,0,0,1,1,1315049272,2299003041,200,False,5,5,5,0.0,15.0,0.18,0.18,0.18
416,69,../environments/smooth.17.csv,dist_only,1,-1,1,1,0,0,1,1,1315049272,2299003041,300,False,9,9,9,0.0,22.0,0.19666666666666666,0.19666666666666666,0.19666666666666666
417,69,../environments/smooth.17.csv,dist_only,1,-1,1,1,0,0,1,1,1315049272,2299003041,400,False,13,13,13,0.0,29.0,0.1925,0.1925,0.1925
418,69,../environments/smooth.17.csv,dist_only,1,-1,1,1,0,0,1,1,1315049272,2299003041,500,False,13,13,13,0.0,36.0,0.196,0.196,0.196
419,69,../environments/smooth.17.csv,dist_only,1,-1,1,1,0,0,1,1,1315049272,2299003041,599,False,17,17,17,0.0,43.0,0.2020033388981636,0.2020033388981636,0.2020033388981636
420,70,../environments/smooth.17.csv,dist_only,1,-1,1,1,0,0,1,1,664961228,3334515826,100,False,5,5,5,0.0,7.0,0.2,0.2,0.2
421,70,../environments/smooth.17.csv,dist_only,1,-1,1,1,0,0,1,1,664961228,3334515826,200,False,7,7,7,0.0,14.0,0.185,0.185,0.185
422,70,../environments/smooth.17.csv,dist_only,1,-1,1,1,0,0,1,1,664961228,3334515826,300,False,10,10,10,0.0,22.0,0.19666666666666666,0.19666666666666666,0.19666666666666666
423,70,../environments/smooth.17.csv,dist_only,1,-1,1,1,0,0,1,1,664961228,3334515826,400,False,10,10,10,0.0,29.0,0.185,0.185,0.185
424,70,../environments/smooth.17.csv,dist_only,1,-1,1,1,0,0,1,1,664961228,3334515826,500,False,11,11,11,0.0,36.0,0.204,0.204,0.204
425,70,../environments/smooth.17.csv,dist_only,1,-1,1,1,0,0,1,1,664961228,3334515826,599,False,13,13,13,0.0,43.0,0.21202003338898165,0.21202003338898165,0.21202003338898165
426,71,../environments/smooth.17.csv,dist_only,1,-1,1,1,0,0,1,1,664961228,262994761,100,False,4,4,4,0.0,7.0,0.14,0.14,0.14
427,71,../environments/smooth.17.csv,dist_only,1,-1,1,1,0,0,1,1,664961228,262994761,200,False,8,8,8,0.0,15.0,0.18,0.18,0.18
428,71,../environments/smooth.17.csv,dist_only,1,-1,1,1,0,0,1,1,664961228,262994761,300,False,9,9,9,0.0,22.0,0.19333333333333333,0.19333333333333333,0.19333333333333333
429,71,../environments/smooth.17.csv,dist_only,1,-1,1,1,0,0,1,1,664961228,262994761,400,False,14,14,14,0.0,29.0,0.1875,0.1875,0.1875
430,71,../environments/smooth.17.csv,dist_only,1,-1,1,1,0,0,1,1,664961228,262994761,500,False,15,15,15,0.0,37.0,0.184,0.184,0.184
431,71,../environments/smooth.17.csv,dist_only,1,-1,1,1,0,0,1,1,664961228,262994761,599,False,15,15,15,0.0,44.0,0.18530884808013356,0.18530884808013356,0.18530884808013356
432,72,../environments/smooth.17.csv,dist_only,1,-1,1,1,0,0,1,1,664961228,3602806192,100,False,2,2,2,0.0,7.0,0.18,0.18,0.18
433,72,../environments/smooth.17.csv,dist_only,1,-1,1,1,0,0,1,1,664961228,3602806192,200,False,4,4,4,0.0,14.0,0.225,0.225,0.225
434,72,../environments/smooth.17.csv,dist_only,1,-1,1,1,0,0,1,1,664961228,3602806192,300,False,4,4,4,0.0,21.0,0.20666666666666667,0.20666666666666667,0.20666666666666667
435,72,../environments/smooth.17.csv,dist_only,1,-1,1,1,0,0,1,1,664961228,3602806192,400,False,5,5,5,0.0,29.0,0.1975,0.1975,0.1975
436,72,../environments/smooth.17.csv,dist_only,1,-1,1,1,0,0,1,1,664961228,3602806192,500,False,6,6,6,0.0,36.0,0.194,0.194,0.194
437,72,../environments/smooth.17.csv,dist_only,1,-1,1,1,0,0,1,1,664961228,3602806192,599,False,7,7,7,0.0,43.0,0.20534223706176963,0.20534223706176963,0.20534223706176963
438,73,../environments/smooth.17.csv,dist_only,1,-1,1,1,0,0,1,1,664961228,3437971635,100,False,0,0,0,0.0,7.0,0.19,0.19,0.19
439,73,../environments/smooth.17.csv,dist_only,1,-1,1,1,0,0,1,1,664961228,3437971635,200,False,6,6,6,0.0,14.0,0.195,0.195,0.195
440,73,../environments/smooth.17.csv,dist_only,1,-1,1,1,0,0,1,1,664961228,3437971635,300,False,6,6,6,0.0,22.0,0.19333333333333333,0.19333333333333333,0.19333333333333333
441,73,../environments/smooth.17.csv,dist_only,1,-1,1,1,0,0,1,1,664961228,3437971635,400,False,8,8,8,0.0,29.0,0.185,0.185,0.185
442,73,../environments/smooth.17.csv,dist_only,1,-1,1,1,0,0,1,1,664961228,3437971635,500,False,11,11,11,0.0,37.0,0.186,0.186,0.186
443,73,../environments/smooth.17.csv,dist_only,1,-1,1,1,0,0,1,1,664961228,3437971635,599,False,15,15,15,0.0,45.0,0.17529215358931552,0.17529215358931552,0.17529215358931552
444,74,../environments/smooth.17.csv,dist_only,1,-1,1,1,0,0,1,1,664961228,4010425793,100,False,0,0,0,0.0,7.0,0.18,0.18,0.18
445,74,../environments/smooth.17.csv,dist_only,1,-1,1,1,0,0,1,1,664961228,4010425793,200,False,0,0,0,0.0,14.0,0.205,0.205,0.205
446,74,../environments/smooth.17.csv,dist_only,1,-1,1,1,0,0,1,1,664961228,4010425793,300,False,2,2,2,0.0,21.0,0.20333333333333334,0.20333333333333334,0.20333333333333334
447,74,../environments/smooth.17.csv,dist_only,1,-1,1,1,0,0,1,1,664961228,4010425793,400,False,3,3,3,0.0,29.0,0.205,0.205,0.205
448,74,../environments/smooth.17.csv,dist_only,1,-1,1,1,0,0,1,1,664961228,4010425793,500,False,3,3,3,0.0,36.0,0.202,0.202,0.202
449,74,../environments/smooth.17.csv,dist_only,1,-1,1,1,0,0,1,1,664961228,4010425793,599,False,4,4,4,0.0,43.0,0.2020033388981636,0.2020033388981636,0.2020033388981636
450,75,../environments/smooth.17.csv,dist_only,1,-1,1,1,0,0,1,1,664961228,2734561081,100,False,1,1,1,0.0,7.0,0.23,0.23,0.23
451,75,../environments/smooth.17.csv,dist_only,1,-1,1,1,0,0,1,1,664961228,2734561081,200,False,4,4,4,0.0,14.0,0.195,0.195,0.195
452,75,../environments/smooth.17.csv,dist_only,1,-1,1,1,0,0,1,1,664961228,2734561081,300,False,4,4,4,0.0,22.0,0.19666666666666666,0.19666666666666666,0.19666666666666666
453,75,../environments/smooth.17.csv,dist_only,1,-1,1,1,0,0,1,1,664961228,2734561081,400,False,7,7,7,0.0,29.0,0.205,0.205,0.205
454,75,../environments/smooth.17.csv,dist_only,1,-1,1,1,0,0,1,1,664961228,2734561081,500,False,11,11,11,0.0,36.0,0.196,0.196,0.196
455,75,../environments/smooth.17.csv,dist_only,1,-1,1,1,0,0,1,1,664961228,2734561081,599,False,12,12,12,0.0,43.0,0.1986644407345576,0.1986644407345576,0.1986644407345576
456,76,../environments/smooth.17.csv,dist_only,1,-1,1,1,0,0,1,1,664961228,1253946826,100,False,0,0,0,0.0,7.0,0.18,0.18,0.18
457,76,../environments/smooth.17.csv,dist_only,1,-1,1,1,0,0,1,1,664961228,1253946826,200,False,0,0,0,0.0,14.0,0.21,0.21,0.21
458,76,../environments/smooth.17.csv,dist_only,1,-1,1,1,0,0,1,1,664961228,1253946826,300,False,0,0,0,0.0,21.0,0.22333333333333333,0.22333333333333333,0.22333333333333333
459,76,../environments/smooth.17.csv,dist_only,1,-1,1,1,0,0,1,1,664961228,1253946826,400,False,0,0,0,0.0,28.0,0.21,0.21,0.21
460,76,../environments/smooth.17.csv,dist_only,1,-1,1,1,0,0,1,1,664961228,1253946826,500,False,3,3,3,0.0,36.0,0.206,0.206,0.206
461,76,../environments/smooth.17.csv,dist_only,1,-1,1,1,0,0,1,1,664961228,1253946826,599,False,4,4,4,0.0,43.0,0.2020033388981636,0.2020033388981636,0.2020033388981636
462,77,../environments/smooth.17.csv,dist_only,1,-1,1,1,0,0,1,1,664961228,1347984585,100,False,1,1,1,0.0,7.0,0.22,0.22,0.22
463,77,../environments/smooth.17.csv,dist_only,1,-1,1,1,0,0,1,1,664961228,1347984585,200,False,1,1,1,0.0,14.0,0.235,0.235,0.235
464,77,../environments/smooth.17.csv,dist_only,1,-1,1,1,0,0,1,1,664961228,1347984585,300,False,2,2,2,0.0,21.0,0.22,0.22,0.22
465,77,../environments/smooth.17.csv,dist_only,1,-1,1,1,0,0,1,1,664961228,1347984585,400,False,4,4,4,0.0,28.0,0.2275,0.2275,0.2275
466,77,../environments/smooth.17.csv,dist_only,1,-1,1,1,0,0,1,1,664961228,1347984585,500,False,4,4,4,0.0,35.0,0.218,0.218,0.218
467,77,../environments/smooth.17.csv,dist_only,1,-1,1,1,0,0,1,1,664961228,1347984585,599,False,4,4,4,0.0,43.0,0.21202003338898165,0.21202003338898165,0.21202003338898165
468,78,../environments/smooth.17.csv,dist_only,1,-1,1,1,0,0,1,1,664961228,884777651,100,False,1,1,1,0.0,7.0,0.24,0.24,0.24
469,78,../environments/smooth.17.csv,dist_only,1,-1,1,1,0,0,1,1,664961228,884777651,200,False,4,4,4,0.0,14.0,0.21,0.21,0.21
470,78,../environments/smooth.17.csv,dist_only,1,-1,1,1,0,0,1,1,664961228,884777651,300,False,6,6,6,0.0,22.0,0.19666666666666666,0.19666666666666666,0.19666666666666666
471,78,../environments/smooth.17.csv,dist_only,1,-1,1,1,0,0,1,1,664961228,884777651,400,False,7,7,7,0.0,29.0,0.195,0.195,0.195
472,78,../environments/smooth.17.csv,dist_only,1,-1,1,1,0,0,1,1,664961228,884777651,500,False,9,9,9,0.0,37.0,0.188,0.188,0.188
473,78,../environments/smooth.17.csv,dist_only,1,-1,1,1,0,0,1,1,664961228,884777651,599,False,11,11,11,0.0,44.0,0.18864774624373956,0.18864774624373956,0.18864774624373956
474,79,../environments/smooth.17.csv,dist_only,1,-1,1,1,0,0,1,1,664961228,2299003041,100,False,3,3,3,0.0,7.0,0.14,0.14,0.14
475,79,../environments/smooth.17.csv,dist_only,1,-1,1,1,0,0,1,1,664961228,2299003041,200,False,7,7,7,0.0,15.0,0.17,0.17,0.17
476,79,../environments/smooth.17.csv,dist_only,1,-1,1,1,0,0,1,1,664961228,2299003041,300,False,9,9,9,0.0,22.0,0.16666666666666666,0.16666666666666666,0.16666666666666666
477,79,../environments/smooth.17.csv,dist_only,1,-1,1,1,0,0,1,1,664961228,2299003041,400,False,11,11,11,0.0,30.0,0.1675,0.1675,0.1675
478,79,../environments/smooth.17.csv,dist_only,1,-1,1,1,0,0,1,1,664961228,2299003041,500,False,14,14,14,0.0,37.0,0.168,0.168,0.168
479,79,../environments/smooth.17.csv,dist_only,1,-1,1,1,0,0,1,1,664961228,2299003041,599,False,17,17,17,0.0,45.0,0.17529215358931552,0.17529215358931552,0.17529215358931552
480,80,../environments/smooth.17.csv,dist_only,1,-1,1,1,0,0,1,1,1177807013,3334515826,100,False,1,1,1,0.0,6.0,0.25,0.25,0.25
481,80,../environments/smooth.17.csv,dist_only,1,-1,1,1,0,0,1,1,1177807013,3334515826,200,False,3,3,3,0.0,14.0,0.23,0.23,0.23
482,80,../environments/smooth.17.csv,dist_only,1,-1,1,1,0,0,1,1,1177807013,3334515826,300,False,8,8,8,0.0,21.0,0.2,0.2,0.2
483,80,../environments/smooth.17.csv,dist_only,1,-1,1,1,0,0,1,1,1177807013,3334515826,400,False,9,9,9,0.0,29.0,0.1925,0.1925,0.1925
484,80,../environments/smooth.17.csv,dist_only,1,-1,1,1,0,0,1,1,1177807013,3334515826,500,False,9,9,9,0.0,36.0,0.206,0.206,0.206
485,80,../environments/smooth.17.csv,dist_only,1,-1,1,1,0,0,1,1,1177807013,3334515826,599,False,10,10,10,0.0,42.0,0.21702838063439064,0.21702838063439064,0.21702838063439064
486,81,../environments/smooth.17.csv,dist_only,1,-1,1,1,0,0,1,1,1177807013,262994761,100,False,1,1,1,0.0,7.0,0.19,0.19,0.19
487,81,../environments/smooth.17.csv,dist_only,1,-1,1,1,0,0,1,1,1177807013,262994761,200,False,2,2,2,0.0,15.0,0.18,0.18,0.18
488,81,../environments/smooth.17.csv,dist_only,1,-1,1,1,0,0,1,1,1177807013,262994761,300,False,4,4,4,0.0,22.0,0.18666666666666668,0.18666666666666668,0.18666666666666668
489,81,../environments/smooth.17.csv,dist_only,1,-1,1,1,0,0,1,1,1177807013,262994761,400,False,5,5,5,0.0,29.0,0.1925,0.1925,0.1925
490,81,../environments/smooth.17.csv,dist_only,1,-1,1,1,0,0,1,1,1177807013,262994761,500,False,10,10,10,0.0,36.0,0.198,0.198,0.198
491,81,../environments/smooth.17.csv,dist_only,1,-1,1,1,0,0,1,1,1177807013,262994761,599,False,12,12,12,0.0,44.0,0.19365609348914858,0.19365609348914858,0.19365609348914858
492,82,../environments/smooth.17.csv,dist_only,1,-1,1,1,0,0,1,1,1177807013,3602806192,100,False,0,0,0,0.0,7.0,0.21,0.21,0.21
493,82,../environments/smooth.17.csv,dist_only,1,-1,1,1,0,0,1,1,1177807013,3602806192,200,False,1,1,1,0.0,14.0,0.21,0.21,0.21
494,82,../environments/smooth.17.csv,dist_only,1,-1,1,1,0,0,1,1,1177807013,3602806192,300,False,2,2,2,0.0,21.0,0.21333333333333335,0.21333333333333335,0.21333333333333335
495,82,../environments/smooth.17.csv,dist_only,1,-1,1,1,0,0,1,1,1177807013,3602806192,400,False,6,6,6,0.0,29.0,0.195,0.195,0.195
496,82,../environments/smooth.17.csv,dist_only,1,-1,1,1,0,0,1,1,1177807013,3602806192,500,False,11,11,11,0.0,37.0,0.188,0.188,0.188
497,82,../environments/smooth.17.csv,dist_only,1,-1,1,1,0,0,1,1,1177807013,3602806192,599,False,13,13,13,0.0,44.0,0.19365609348914858,0.19365609348914858,0.19365609348914858
498,83,../environments/smooth.17.csv,dist_only,1,-1,1,1,0,0,1,1,1177807013,3437971635,100,False,1,1,1,0.0,7.0,0.2,0.2,0.2
499,83,../environments/smooth.17.csv,dist_only,1,-1,1,1,0,0,1,1,1177807013,3437971635,200,False,3,3,3,0.0,14.0,0.185,0.185,0.185
500,83,../environments/smooth.17.csv,dist_only,1,-1,1,1,0,0,1,1,1177807013,3437971635,300,False,3,3,3,0.0,22.0,0.19666666666666666,0.19666666666666666,0.19666666666666666
501,83,../environments/smooth.17.csv,dist_only,1,-1,1,1,0,0,1,1,1177807013,3437971635,400,False,5,5,5,0.0,29.0,0.1875,0.1875,0.1875
502,83,../environments/smooth.17.csv,dist_only,1,-1,1,1,0,0,1,1,1177807013,3437971635,500,False,8,8,8,0.0,37.0,0.184,0.184,0.184
503,83,../environments/smooth.17.csv,dist_only,1,-1,1,1,0,0,1,1,1177807013,3437971635,599,False,10,10,10,0.0,44.0,0.18363939899833054,0.18363939899833054,0.18363939899833054
504,84,../environments/smooth.17.csv,dist_only,1,-1,1,1,0,0,1,1,1177807013,4010425793,100,False,4,4,4,0.0,7.0,0.15,0.15,0.15
505,84,../environments/smooth.17.csv,dist_only,1,-1,1,1,0,0,1,1,1177807013,4010425793,200,False,7,7,7,0.0,15.0,0.175,0.175,0.175
506,84,../environments/smooth.17.csv,dist_only,1,-1,1,1,0,0,1,1,1177807013,4010425793,300,False,10,10,10,0.0,22.0,0.19666666666666666,0.19666666666666666,0.19666666666666666
507,84,../environments/smooth.17.csv,dist_only,1,-1,1,1,0,0,1,1,1177807013,4010425793,400,False,16,16,16,0.0,30.0,0.1775,0.1775,0.1775
508,84,../environments/smooth.17.csv,dist_only,1,-1,1,1,0,0,1,1,1177807013,4010425793,500,False,19,19,19,0.0,37.0,0.188,0.188,0.188
509,84,../environments/smooth.17.csv,dist_only,1,-1,1,1,0,0,1,1,1177807013,4010425793,599,False,19,19,19,0.0,44.0,0.19198664440734559,0.19198664440734559,0.19198664440734559
510,85,../environments/smooth.17.csv,dist_only,1,-1,1,1,0,0,1,1,1177807013,2734561081,100,False,3,3,3,0.0,7.0,0.24,0.24,0.24
511,85,../environments/smooth.17.csv,dist_only,1,-1,1,1,0,0,1,1,1177807013,2734561081,200,False,4,4,4,0.0,14.0,0.205,0.205,0.205
512,85,../environments/smooth.17.csv,dist_only,1,-1,1,1,0,0,1,1,1177807013,2734561081,300,False,4,4,4,0.0,22.0,0.19666666666666666,0.19666666666666666,0.19666666666666666
513,85,../environments/smooth.17.csv,dist_only,1,-1,1,1,0,0,1,1,1177807013,2734561081,400,False,5,5,5,0.0,28.0,0.2075,0.2075,0.2075
514,85,../environments/smooth.17.csv,dist_only,1,-1,1,1,0,0,1,1,1177807013,2734561081,500,False,7,7,7,0.0,36.0,0.21,0.21,0.21
515,85,../environments/smooth.17.csv,dist_only,1,-1,1,1,0,0,1,1,1177807013,2734561081,599,False,11,11,11,0.0,43.0,0.2003338898163606,0.2003338898163606,0.2003338898163606
516,86,../environments/smooth.17.csv,dist_only,1,-1,1,1,0,0,1,1,1177807013,1253946826,100,False,6,6,6,0.0,7.0,0.14,0.14,0.14
517,86,../environments/smooth.17.csv,dist_only,1,-1,1,1,0,0,1,1,1177807013,1253946826,200,False,7,7,7,0.0,14.0,0.19,0.19,0.19
518,86,../environments/smooth.17.csv,dist_only,1,-1,1,1,0,0,1,1,1177807013,1253946826,300,False,11,11,11,0.0,22.0,0.19,0.19,0.19
519,86,../environments/smooth.17.csv,dist_only,1,-1,1,1,0,0,1,1,1177807013,1253946826,400,False,16,16,16,0.0,30.0,0.175,0.175,0.175
520,86,../environments/smooth.17.csv,dist_only,1,-1,1,1,0,0,1,1,1177807013,1253946826,500,False,16,16,16,0.0,36.0,0.194,0.194,0.194
521,86,../environments/smooth.17.csv,dist_only,1,-1,1,1,0,0,1,1,1177807013,1253946826,599,False,17,17,17,0.0,44.0,0.19198664440734559,0.19198664440734559,0.19198664440734559
522,87,../environments/smooth.17.csv,dist_only,1,-1,1,1,0,0,1,1,1177807013,1347984585,100,False,2,2,2,0.0,7.0,0.24,0.24,0.24
523,87,../environments/smooth.17.csv,dist_only,1,-1,1,1,0,0,1,1,1177807013,1347984585,200,False,5,5,5,0.0,14.0,0.21,0.21,0.21
524,87,../environments/smooth.17.csv,dist_only,1,-1,1,1,0,0,1,1,1177807013,1347984585,300,False,8,8,8,0.0,21.0,0.20333333333333334,0.20333333333333334,0.20333333333333334
525,87,../environments/smooth.17.csv,dist_only,1,-1,1,1,0,0,1,1,1177807013,1347984585,400,False,9,9,9,0.0,28.0,0.215,0.215,0.215
526,87,../environments/smooth.17.csv,dist_only,1,-1,1,1,0,0,1,1,1177807013,1347984585,500,False,11,11,11,0.0,35.0,0.216,0.216,0.216
527,87,../environments/smooth.17.csv,dist_only,1,-1,1,1,0,0,1,1,1177807013,1347984585,599,False,16,16,16,0.0,43.0,0.21202003338898165,0.21202003338898165,0.21202003338898165
528,88,../environments/smooth.17.csv,dist_only,1,-1,1,1,0,0,1,1,1177807013,884777651,100,False,3,3,3,0.0,7.0,0.19,0.19,0.19
529,88,../environments/smooth.17.csv,dist_only,1,-1,1,1,0,0,1,1,1177807013,884777651,200,False,4,4,4,0.0,15.0,0.18,0.18,0.18
530,88,../environments/smooth.17.csv,dist_only,1,-1,1,1,0,0,1,1,1177807013,884777651,300,False,6,6,6,0.0,22.0,0.17666666666666667,0.17666666666666667,0.17666666666666667
531,88,../environments/smooth.17.csv,dist_only,1,-1,1,1,0,0,1,1,1177807013,884777651,400,False,9,9,9,0.0,30.0,0.1775,0.1775,0.1775
532,88,../environments/smooth.17.csv,dist_only,1,-1,1,1,0,0,1,1,1177807013,884777651,500,False,11,11,11,0.0,37.0,0.17,0.17,0.17
533,88,../environments/smooth.17.csv,dist_only,1,-1,1,1,0,0,1,1,1177807013,884777651,599,False,13,13,13,0.0,45.0,0.17028380634390652,0.17028380634390652,0.17028380634390652
534,89,../environments/smooth.17.csv,dist_only,1,-1,1,1,0,0,1,1,1177807013,2299003041,100,False,1,1,1,0.0,7.0,0.23,0.23,0.23
535,89,../environments/smooth.17.csv,dist_only,1,-1,1,1,0,0,1,1,1177807013,2299003041,200,False,2,2,2,0.0,14.0,0.19,0.19,0.19
536,89,../environments/smooth.17.csv,dist_only,1,-1,1,1,0,0,1,1,1177807013,2299003041,300,False,6,6,6,0.0,22.0,0.18666666666666668,0.18666666666666668,0.18666666666666668
537,89,../environments/smooth.17.csv,dist_only,1,-1,1,1,0,0,1,1,1177807013,2299003041,400,False,9,9,9,0.0,29.0,0.1825,0.1825,0.1825
538,89,../environments/smooth.17.csv,dist_only,1,-1,1,1,0,0,1,1,1177807013,2299003041,500,False,9,9,9,0.0,36.0,0.19,0.19,0.19
539,89,../environments/smooth.17.csv,dist_only,1,-1,1,1,0,0,1,1,1177807013,2299003041,599,False,13,13,13,0.0,44.0,0.19365609348914858,0.19365609348914858,0.19365609348914858
540,90,../environments/smooth.17.csv,dist_only,1,-1,1,1,0,0,1,1,2622444117,3334515826,100,False,2,2,2,0.0,7.0,0.24,0.24,0.24
541,90,../environments/smooth.17.csv,dist_only,1,-1,1,1,0,0,1,1,2622444117,3334515826,200,False,4,4,4,0.0,14.0,0.22,0.22,0.22
542,90,../environments/smooth.17.csv,dist_only,1,-1,1,1,0,0,1,1,2622444117,3334515826,300,False,7,7,7,0.0,21.0,0.20333333333333334,0.20333333333333334,0.20333333333333334
543,90,../environments/smooth.17.csv,dist_only,1,-1,1,1,0,0,1,1,2622444117,3334515826,400,False,7,7,7,0.0,28.0,0.2225,0.2225,0.2225
544,90,../environments/smooth.17.csv,dist_only,1,-1,1,1,0,0,1,1,2622444117,3334515826,500,False,7,7,7,0.0,35.0,0.224,0.224,0.224
545,90,../environments/smooth.17.csv,dist_only,1,-1,1,1,0,0,1,1,2622444117,3334515826,599,False,8,8,8,0.0,41.0,0.2353923205342237,0.2353923205342237,0.2353923205342237
546,91,../environments/smooth.17.csv,dist_only,1,-1,1,1,0,0,1,1,2622444117,262994761,100,False,5,5,5,0.0,7.0,0.15,0.15,0.15
547,91,../environments/smooth.17.csv,dist_only,1,-1,1,1,0,0,1,1,2622444117,262994761,200,False,7,7,7,0.0,15.0,0.175,0.175,0.175
548,91,../environments/smooth.17.csv,dist_only,1,-1,1,1,0,0,1,1,2622444117,262994761,300,False,10,10,10,0.0,22.0,0.18,0.18,0.18
549,91,../environments/smooth.17.csv,dist_only,1,-1,1,1,0,0,1,1,2622444117,262994761,400,False,10,10,10,0.0,29.0,0.19,0.19,0.19
550,91,../environments/smooth.17.csv,dist_only,1,-1,1,1,0,0,1,1,2622444117,262994761,500,False,14,14,14,0.0,37.0,0.182,0.182,0.182
551,91,../environments/smooth.17.csv,dist_only,1,-1,1,1,0,0,1,1,2622444117,262994761,599,False,16,16,16,0.0,44.0,0.18363939899833054,0.18363939899833054,0.18363939899833054
552,92,../environments/smooth.17.csv,dist_only,1,-1,1,1,0,0,1,1,2622444117,3602806192,100,False,1,1,1,0.0,7.0,0.22,0.22,0.22
553,92,../environments/smooth.17.csv,dist_only,1,-1,1,1,0,0,1,1,2622444117,3602806192,200,False,3,3,3,0.0,14.0,0.21,0.21,0.21
554,92,../environments/smooth.17.csv,dist_only,1,-1,1,1,0,0,1,1,2622444117,3602806192,300,False,3,3,3,0.0,21.0,0.21333333333333335,0.21333333333333335,0.21333333333333335
555,92,../environments/smooth.17.csv,dist_only,1,-1,1,1,0,0,1,1,2622444117,3602806192,400,False,3,3,3,0.0,29.0,0.205,0.205,0.205
556,92,../environments/smooth.17.csv,dist_only,1,-1,1,1,0,0,1,1,2622444117,3602806192,500,False,5,5,5,0.0,36.0,0.2,0.2,0.2
557,92,../environments/smooth.17.csv,dist_only,1,-1,1,1,0,0,1,1,2622444117,3602806192,599,False,7,7,7,0.0,43.0,0.2036727879799666,0.2036727879799666,0.2036727879799666
558,93,../environments/smooth.17.csv,dist_only,1,-1,1,1,0,0,1,1,2622444117,3437971635,100,False,1,1,1,0.0,7.0,0.2,0.2,0.2
559,93,../environments/smooth.17.csv,dist_only,1,-1,1,1,0,0,1,1,2622444117,3437971635,200,False,1,1,1,0.0,14.0,0.225,0.225,0.225
560,93,../environments/smooth.17.csv,dist_only,1,-1,1,1,0,0,1,1,2622444117,3437971635,300,False,4,4,4,0.0,21.0,0.22666666666666666,0.22666666666666666,0.22666666666666666
561,93,../environments/smooth.17.csv,dist_only,1,-1,1,1,0,0,1,1,2622444117,3437971635,400,False,6,6,6,0.0,28.0,0.215,0.215,0.215
562,93,../environments/smooth.17.csv,dist_only,1,-1,1,1,0,0,1,1,2622444117,3437971635,500,False,8,8,8,0.0,36.0,0.21,0.21,0.21
563,93,../environments/smooth.17.csv,dist_only,1,-1,1,1,0,0,1,1,2622444117,3437971635,599,False,11,11,11,0.0,43.0,0.2036727879799666,0.2036727879799666,0.2036727879799666
564,94,../environments/smooth.17.csv,dist_only,1,-1,1,1,0,0,1,1,2622444117,4010425793,100,False,5,5,5,0.0,8.0,0.13,0.13,0.13
565,94,../environments/smooth.17.csv,dist_only,1,-1,1,1,0,0,1,1,2622444117,4010425793,200,False,9,9,9,0.0,15.0,0.15,0.15,0.15
566,94,../environments/smooth.17.csv,dist_only,1,-1,1,1,0,0,1,1,2622444117,4010425793,300,False,11,11,11,0.0,22.0,0.18333333333333332,0.18333333333333332,0.18333333333333332
567,94,../environments/smooth.17.csv,dist_only,1,-1,1,1,0,0,1,1,2622444117,4010425793,400,False,12,12,12,0.0,30.0,0.1775,0.1775,0.1775
568,94,../environments/smooth.17.csv,dist_only,1,-1,1,1,0,0,1,1,2622444117,4010425793,500,False,12,12,12,0.0,36.0,0.192,0.192,0.192
569,94,../environments/smooth.17.csv,dist_only,1,-1,1,1,0,0,1,1,2622444117,4010425793,599,False,14,14,14,0.0,43.0,0.19532554257095158,0.19532554257095158,0.19532554257095158
570,95,../environments/smooth.17.csv,dist_only,1,-1,1,1,0,0,1,1,2622444117,2734561081,100,False,1,1,1,0.0,7.0,0.24,0.24,0.24
571,95,../environments/smooth.17.csv,dist_only,1,-1,1,1,0,0,1,1,2622444117,2734561081,200,False,5,5,5,0.0,14.0,0.205,0.205,0.205
572,95,../environments/smooth.17.csv,dist_only,1,-1,1,1,0,0,1,1,2622444117,2734561081,300,False,10,10,10,0.0,22.0,0.19666666666666666,0.19666666666666666,0.19666666666666666
573,95,../environments/smooth.17.csv,dist_only,1,-1,1,1,0,0,1,1,2622444117,2734561081,400,False,11,11,11,0.0,29.0,0.1975,0.1975,0.1975
574,95,../environments/smooth.17.csv,dist_only,1,-1,1,1,0,0,1,1,2622444117,2734561081,500,False,12,12,12,0.0,36.0,0.204,0.204,0.204
575,95,../environments/smooth.17.csv,dist_only,1,-1,1,1,0,0,1,1,2622444117,2734561081,599,False,12,12,12,0.0,43.0,0.2036727879799666,0.2036727879799666,0.2036727879799666
576,96,../environments/smooth.17.csv,dist_only,1,-1,1,1,0,0,1,1,2622444117,1253946826,100,False,1,1,1,0.0,7.0,0.16,0.16,0.16
577,96,../environments/smooth.17.csv,dist_only,1,-1,1,1,0,0,1,1,2622444117,1253946826,200,False,4,4,4,0.0,14.0,0.21,0.21,0.21
578,96,../environments/smooth.17.csv,dist_only,1,-1,1,1,0,0,1,1,2622444117,1253946826,300,False,11,11,11,0.0,22.0,0.19666666666666666,0.19666666666666666,0.19666666666666666
579,96,../environments/smooth.17.csv,dist_only,1,-1,1,1,0,0,1,1,2622444117,1253946826,400,False,12,12,12,0.0,29.0,0.19,0.19,0.19
580,96,../environments/smooth.17.csv,dist_only,1,-1,1,1,0,0,1,1,2622444117,1253946826,500,False,12,12,12,0.0,36.0,0.194,0.194,0.194
581,96,../environments/smooth.17.csv,dist_only,1,-1,1,1,0,0,1,1,2622444117,1253946826,599,False,14,14,14,0.0,44.0,0.18363939899833054,0.18363939899833054,0.18363939899833054
582,97,../environments/smooth.17.csv,dist_only,1,-1,1,1,0,0,1,1,2622444117,1347984585,100,False,0,0,0,0.0,7.0,0.24,0.24,0.24
583,97,../environments/smooth.17.csv,dist_only,1,-1,1,1,0,0,1,1,2622444117,1347984585,200,False,1,1,1,0.0,14.0,0.22,0.22,0.22
584,97,../environments/smooth.17.csv,dist_only,1,-1,1,1,0,0,1,1,2622444117,1347984585,300,False,6,6,6,0.0,21.0,0.21333333333333335,0.21333333333333335,0.21333333333333335
585,97,../environments/smooth.17.csv,dist_only,1,-1,1,1,0,0,1,1,2622444117,1347984585,400,False,10,10,10,0.0,28.0,0.2225,0.2225,0.2225
586,97,../environments/smooth.17.csv,dist_only,1,-1,1,1,0,0,1,1,2622444117,1347984585,500,False,11,11,11,0.0,35.0,0.22,0.22,0.22
587,97,../environments/smooth.17.csv,dist_only,1,-1,1,1,0,0,1,1,2622444117,1347984585,599,False,11,11,11,0.0,42.0,0.22036727879799667,0.22036727879799667,0.22036727879799667
588,98,../environments/smooth.17.csv,dist_only,1,-1,1,1,0,0,1,1,2622444117,884777651,100,False,2,2,2,0.0,7.0,0.23,0.23,0.23
589,98,../environments/smooth.17.csv,dist_only,1,-1,1,1,0,0,1,1,2622444117,884777651,200,False,2,2,2,0.0,14.0,0.235,0.235,0.235
590,98,../environments/smooth.17.csv,dist_only,1,-1,1,1,0,0,1,1,2622444117,884777651,300,False,3,3,3,0.0,21.0,0.2,0.2,0.2
591,98,../environments/smooth.17.csv,dist_only,1,-1,1,1,0,0,1,1,2622444117,884777651,400,False,6,6,6,0.0,29.0,0.205,0.205,0.205
592,98,../environments/smooth.17.csv,dist_only,1,-1,1,1,0,0,1,1,2622444117,884777651,500,False,11,11,11,0.0,36.0,0.198,0.198,0.198
593,98,../environments/smooth.17.csv,dist_only,1,-1,1,1,0,0,1,1,2622444117,884777651,599,False,12,12,12,0.0,44.0,0.19198664440734559,0.19198664440734559,0.19198664440734559
594,99,../environments/smooth.17.csv,dist_only,1,-1,1,1,0,0,1,1,2622444117,2299003041,100,False,0,0,0,0.0,7.0,0.24,0.24,0.24
595,99,../environments/smooth.17.csv,dist_only,1,-1,1,1,0,0,1,1,2622444117,2299003041,200,False,5,5,5,0.0,14.0,0.205,0.205,0.205
596,99,../environments/smooth.17.csv,dist_only,1,-1,1,1,0,0,1,1,2622444117,2299003041,300,False,8,8,8,0.0,22.0,0.19666666666666666,0.19666666666666666,0.19666666666666666
597,99,../environments/smooth.17.csv,dist_only,1,-1,1,1,0,0,1,1,2622444117,2299003041,400,False,8,8,8,0.0,29.0,0.205,0.205,0.205
598,99,../environments/smooth.17.csv,dist_only,1,-1,1,1,0,0,1,1,2622444117,2299003041,500,False,9,9,9,0.0,36.0,0.198,0.198,0.198
599,99,../environments/smooth.17.csv,dist_only,1,-1,1,1,0,0,1,1,2622444117,2299003041,599,False,10,10,10,0.0,43.0,0.19699499165275458,0.19699499165275458,0.19699499165275458
600,100,../environments/random.12.csv,dist_only,1,-1,1,1,0,0,1,1,2271760180,3334515826,100,False,1,1,1,0.0,7.0,0.18,0.18,0.18
601,100,../environments/random.12.csv,dist_only,1,-1,1,1,0,0,1,1,2271760180,3334515826,200,False,2,2,2,0.0,15.0,0.18,0.18,0.18
602,100,../environments/random.12.csv,dist_only,1,-1,1,1,0,0,1,1,2271760180,3334515826,300,False,4,4,4,0.0,22.0,0.18666666666666668,0.18666666666666668,0.18666666666666668
603,100,../environments/random.12.csv,dist_only,1,-1,1,1,0,0,1,1,2271760180,3334515826,400,False,6,6,6,0.0,30.0,0.1775,0.1775,0.1775
604,100,../environments/random.12.csv,dist_only,1,-1,1,1,0,0,1,1,2271760180,3334515826,500,False,10,10,10,0.0,37.0,0.188,0.188,0.188
605,100,../environments/random.12.csv,dist_only,1,-1,1,1,0,0,1,1,2271760180,3334515826,599,False,12,12,12,0.0,44.0,0.19365609348914858,0.19365609348914858,0.19365609348914858
606,101,../environments/random.12.csv,dist_only,1,-1,1,1,0,0,1,1,2271760180,262994761,100,False,1,1,1,0.0,7.0,0.2,0.2,0.2
607,101,../environments/random.12.csv,dist_only,1,-1,1,1,0,0,1,1,2271760180,262994761,200,False,2,2,2,0.0,14.0,0.19,0.19,0.19
608,101,../environments/random.12.csv,dist_only,1,-1,1,1,0,0,1,1,2271760180,262994761,300,False,6,6,6,0.0,22.0,0.18333333333333332,0.18333333333333332,0.18333333333333332
609,101,../environments/random.12.csv,dist_only,1,-1,1,1,0,0,1,1,2271760180,262994761,400,False,7,7,7,0.0,29.0,0.1875,0.1875,0.1875
610,101,../environments/random.12.csv,dist_only,1,-1,1,1,0,0,1,1,2271760180,262994761,500,False,9,9,9,0.0,37.0,0.188,0.188,0.188
611,101,../environments/random.12.csv,dist_only,1,-1,1,1,0,0,1,1,2271760180,262994761,599,False,9,9,9,0.0,44.0,0.19031719532554256,0.19031719532554256,0.19031719532554256
612,102,../environments/random.12.csv,dist_only,1,-1,1,1,0,0,1,1,2271760180,3602806192,100,False,4,4,4,0.0,7.0,0.18,0.18,0.18
613,102,../environments/random.12.csv,dist_only,1,-1,1,1,0,0,1,1,2271760180,3602806192,200,False,5,5,5,0.0,14.0,0.225,0.225,0.225
614,102,../environments/random.12.csv,dist_only,1,-1,1,1,0,0,1,1,2271760180,3602806192,300,False,7,7,7,0.0,21.0,0.20333333333333334,0.20333333333333334,0.20333333333333334
615,102,../environments/random.12.csv,dist_only,1,-1,1,1,0,0,1,1,2271760180,3602806192,400,False,9,9,9,0.0,29.0,0.205,0.205,0.205
616,102,../environments/random.12.csv,dist_only,1,-1,1,1,0,0,1,1,2271760180,3602806192,500,False,11,11,11,0.0,36.0,0.2,0.2,0.2
617,102,../environments/random.12.csv,dist_only,1,-1,1,1,0,0,1,1,2271760180,3602806192,599,False,13,13,13,0.0,43.0,0.1986644407345576,0.1986644407345576,0.1986644407345576
618,103,../environments/random.12.csv,dist_only,1,-1,1,1,0,0,1,1,2271760180,3437971635,100,False,0,0,0,0.0,7.0,0.2,0.2,0.2
619,103,../environments/random.12.csv,dist_only,1,-1,1,1,0,0,1,1,2271760180,3437971635,200,False,2,2,2,0.0,14.0,0.205,0.205,0.205
620,103,../environments/random.12.csv,dist_only,1,-1,1,1,0,0,1,1,2271760180,3437971635,300,False,6,6,6,0.0,22.0,0.19666666666666666,0.19666666666666666,0.19666666666666666
621,103,../environments/random.12.csv,dist_only,1,-1,1,1,0,0,1,1,2271760180,3437971635,400,False,7,7,7,0.0,29.0,0.1975,0.1975,0.1975
622,103,../environments/random.12.csv,dist_only,1,-1,1,1,0,0,1,1,2271760180,3437971635,500,False,8,8,8,0.0,37.0,0.188,0.188,0.188
623,103,../environments/random.12.csv,dist_only,1,-1,1,1,0,0,1,1,2271760180,3437971635,599,False,8,8,8,0.0,44.0,0.17863105175292154,0.17863105175292154,0.17863105175292154
624,104,../environments/random.12.csv,dist_only,1,-1,1,1,0,0,1,1,2271760180,4010425793,100,False,3,3,3,0.0,7.0,0.17,0.17,0.17
625,104,../environments/random.12.csv,dist_only,1,-1,1,1,0,0,1,1,2271760180,4010425793,200,False,4,4,4,0.0,14.0,0.195,0.195,0.195
626,104,../environments/random.12.csv,dist_only,1,-1,1,1,0,0,1,1,2271760180,4010425793,300,False,7,7,7,0.0,21.0,0.20666666666666667,0.20666666666666667,0.20666666666666667
627,104,../environments/random.12.csv,dist_only,1,-1,1,1,0,0,1,1,2271760180,4010425793,400,False,8,8,8,0.0,29.0,0.205,0.205,0.205
628,104,../environments/random.12.csv,dist_only,1,-1,1,1,0,0,1,1,2271760180,4010425793,500,False,10,10,10,0.0,36.0,0.206,0.206,0.206
629,104,../environments/random.12.csv,dist_only,1,-1,1,1,0,0,1,1,2271760180,4010425793,599,False,11,11,11,0.0,43.0,0.2003338898163606,0.2003338898163606,0.2003338898163606
630,105,../environments/random.12.csv,dist_only,1,-1,1,1,0,0,1,1,2271760180,2734561081,100,False,3,3,3,0.0,7.0,0.2,0.2,0.2
631,105,../environments/random.12.csv,dist_only,1,-1,1,1,0,0,1,1,2271760180,2734561081,200,False,4,4,4,0.0,14.0,0.195,0.195,0.195
632,105,../environments/random.12.csv,dist_only,1,-1,1,1,0,0,1,1,2271760180,2734561081,300,False,6,6,6,0.0,22.0,0.19666666666666666,0.19666666666666666,0.19666666666666666
633,105,../environments/random.12.csv,dist_only,1,-1,1,1,0,0,1,1,2271760180,2734561081,400,False,7,7,7,0.0,29.0,0.195,0.195,0.195
634,105,../environments/random.12.csv,dist_only,1,-1,1,1,0,0,1,1,2271760180,2734561081,500,False,9,9,9,0.0,37.0,0.186,0.186,0.186
635,105,../environments/random.12.csv,dist_only,1,-1,1,1,0,0,1,1,2271760180,2734561081,599,False,11,11,11,0.0,44.0,0.18363939899833054,0.18363939899833054,0.18363939899833054
636,106,../environments/random.12.csv,dist_only,1,-1,1,1,0,0,1,1,2271760180,1253946826,100,False,1,1,1,0.0,7.0,0.17,0.17,0.17
637,106,../environments/random.12.csv,dist_only,1,-1,1,1,0,0,1,1,2271760180,1253946826,200,False,3,3,3,0.0,14.0,0.2,0.2,0.2
638,106,../environments/random.12.csv,dist_only,1,-1,1,1,0,0,1,1,2271760180,1253946826,300,False,5,5,5,0.0,21.0,0.20333333333333334,0.20333333333333334,0.20333333333333334
639,106,../environments/random.12.csv,dist_only,1,-1,1,1,0,0,1,1,2271760180,1253946826,400,False,6,6,6,0.0,29.0,0.2,0.2,0.2
640,106,../environments/random.12.csv,dist_only,1,-1,1,1,0,0,1,1,2271760180,1253946826,500,False,7,7,7,0.0,36.0,0.202,0.202,0.202
641,106,../environments/random.12.csv,dist_only,1,-1,1,1,0,0,1,1,2271760180,1253946826,599,False,8,8,8,0.0,43.0,0.2003338898163606,0.2003338898163606,0.2003338898163606
642,107,../environments/random.12.csv,dist_only,1,-1,1,1,0,0,1,1,2271760180,1347984585,100,False,4,4,4,0.0,7.0,0.23,0.23,0.23
643,107,../environments/random.12.csv,dist_only,1,-1,1,1,0,0,1,1,2271760180,1347984585,200,False,5,5,5,0.0,14.0,0.22,0.22,0.22
644,107,../environments/random.12.csv,dist_only,1,-1,1,1,0,0,1,1,2271760180,1347984585,300,False,6,6,6,0.0,21.0,0.21666666666666667,0.21666666666666667,0.21666666666666667
645,107,../environments/random.12.csv,dist_only,1,-1,1,1,0,0,1,1,2271760180,1347984585,400,False,6,6,6,0.0,28.0,0.2175,0.2175,0.2175
646,107,../environments/random.12.csv,dist_only,1,-1,1,1,0,0,1,1,2271760180,1347984585,500,False,8,8,8,0.0,35.0,0.214,0.214,0.214
647,107,../environments/random.12.csv,dist_only,1,-1,1,1,0,0,1,1,2271760180,1347984585,599,False,10,10,10,0.0,43.0,0.21202003338898165,0.21202003338898165,0.21202003338898165
648,108,../environments/random.12.csv,dist_only,1,-1,1,1,0,0,1,1,2271760180,884777651,100,False,3,3,3,0.0,7.0,0.19,0.19,0.19
649,108,../environments/random.12.csv,dist_only,1,-1,1,1,0,0,1,1,2271760180,884777651,200,False,7,7,7,0.0,14.0,0.185,0.185,0.185
650,108,../environments/random.12.csv,dist_only,1,-1,1,1,0,0,1,1,2271760180,884777651,300,False,7,7,7,0.0,22.0,0.18666666666666668,0.18666666666666668,0.18666666666666668
651,108,../environments/random.12.csv,dist_only,1,-1,1,1,0,0,1,1,2271760180,884777651,400,False,8,8,8,0.0,29.0,0.185,0.185,0.185
652,108,../environments/random.12.csv,dist_only,1,-1,1,1,0,0,1,1,2271760180,884777651,500,False,11,11,11,0.0,37.0,0.184,0.184,0.184
653,108,../environments/random.12.csv,dist_only,1,-1,1,1,0,0,1,1,2271760180,884777651,599,False,13,13,13,0.0,44.0,0.17696160267111852,0.17696160267111852,0.17696160267111852
654,109,../environments/random.12.csv,dist_only,1,-1,1,1,0,0,1,1,2271760180,2299003041,100,False,0,0,0,0.0,7.0,0.18,0.18,0.18
655,109,../environments/random.12.csv,dist_only,1,-1,1,1,0,0,1,1,2271760180,2299003041,200,False,2,2,2,0.0,15.0,0.18,0.18,0.18
656,109,../environments/random.12.csv,dist_only,1,-1,1,1,0,0,1,1,2271760180,2299003041,300,False,3,3,3,0.0,22.0,0.17,0.17,0.17
657,109,../environments/random.12.csv,dist_only,1,-1,1,1,0,0,1,1,2271760180,2299003041,400,False,6,6,6,0.0,30.0,0.1725,0.1725,0.1725
658,109,../environments/random.12.csv,dist_only,1,-1,1,1,0,0,1,1,2271760180,2299003041,500,False,9,9,9,0.0,37.0,0.18,0.18,0.18
659,109,../environments/random.12.csv,dist_only,1,-1,1,1,0,0,1,1,2271760180,2299003041,599,False,12,12,12,0.0,44.0,0.18030050083472454,0.18030050083472454,0.18030050083472454
660,110,../environments/random.12.csv,dist_only,1,-1,1,1,0,0,1,1,2515763587,3334515826,100,False,1,1,1,0.0,7.0,0.19,0.19,0.19
661,110,../environments/random.12.csv,dist_only,1,-1,1,1,0,0,1,1,2515763587,3334515826,200,False,2,2,2,0.0,15.0,0.18,0.18,0.18
662,110,../environments/random.12.csv,dist_only,1,-1,1,1,0,0,1,1,2515763587,3334515826,300,False,6,6,6,0.0,22.0,0.17,0.17,0.17
663,110,../environments/random.12.csv,dist_only,1,-1,1,1,0,0,1,1,2515763587,3334515826,400,False,8,8,8,0.0,30.0,0.175,0.175,0.175
664,110,../environments/random.12.csv,dist_only,1,-1,1,1,0,0,1,1,2515763587,3334515826,500,False,9,9,9,0.0,37.0,0.188,0.188,0.188
665,110,../environments/random.12.csv,dist_only,1,-1,1,1,0,0,1,1,2515763587,3334515826,599,False,9,9,9,0.0,44.0,0.19365609348914858,0.19365609348914858,0.19365609348914858
666,111,../environments/random.12.csv,dist_only,1,-1,1,1,0,0,1,1,2515763587,262994761,100,False,5,5,5,0.0,7.0,0.19,0.19,0.19
667,111,../environments/random.12.csv,dist_only,1,-1,1,1,0,0,1,1,2515763587,262994761,200,False,8,8,8,0.0,14.0,0.19,0.19,0.19
668,111,../environments/random.12.csv,dist_only,1,-1,1,1,0,0,1,1,2515763587,262994761,300,False,8,8,8,0.0,22.0,0.18,0.18,0.18
669,111,../environments/random.12.csv,dist_only,1,-1,1,1,0,0,1,1,2515763587,262994761,400,False,9,9,9,0.0,29.0,0.185,0.185,0.185
670,111,../environments/random.12.csv,dist_only,1,-1,1,1,0,0,1,1,2515763587,262994761,500,False,9,9,9,0.0,36.0,0.198,0.198,0.198
671,111,../environments/random.12.csv,dist_only,1,-1,1,1,0,0,1,1,2515763587,262994761,599,False,10,10,10,0.0,44.0,0.19031719532554256,0.19031719532554256,0.19031719532554256
672,112,../environments/random.12.csv,dist_only,1,-1,1,1,0,0,1,1,2515763587,3602806192,100,False,2,2,2,0.0,7.0,0.18,0.18,0.18
673,112,../environments/random.12.csv,dist_only,1,-1,1,1,0,0,1,1,2515763587,3602806192,200,False,4,4,4,0.0,14.0,0.215,0.215,0.215
674,112,../environments/random.12.csv,dist_only,1,-1,1,1,0,0,1,1,2515763587,3602806192,300,False,5,5,5,0.0,21.0,0.20333333333333334,0.20333333333333334,0.20333333333333334
675,112,../environments/random.12.csv,dist_only,1,-1,1,1,0,0,1,1,2515763587,3602806192,400,False,9,9,9,0.0,29.0,0.205,0.205,0.205
676,112,../environments/random.12.csv,dist_only,1,-1,1,1,0,0,1,1,2515763587,3602806192,500,False,10,10,10,0.0,36.0,0.192,0.192,0.192
677,112,../environments/random.12.csv,dist_only,1,-1,1,1,0,0,1,1,2515763587,3602806192,599,False,12,12,12,0.0,43.0,0.1986644407345576,0.1986644407345576,0.1986644407345576
678,113,../environments/random.12.csv,dist_only,1,-1,1,1,0,0,1,1,2515763587,3437971635,100,False,3,3,3,0.0,7.0,0.19,0.19,0.19
679,113,../environments/random.12.csv,dist_only,1,-1,1,1,0,0,1,1,2515763587,3437971635,200,False,6,6,6,0.0,15.0,0.18,0.18,0.18
680,113,../environments/random.12.csv,dist_only,1,-1,1,1,0,0,1,1,2515763587,3437971635,300,False,8,8,8,0.0,22.0,0.17666666666666667,0.17666666666666667,0.17666666666666667
681,113,../environments/random.12.csv,dist_only,1,-1,1,1,0,0,1,1,2515763587,3437971635,400,False,10,10,10,0.0,30.0,0.1775,0.1775,0.1775
682,113,../environments/random.12.csv,dist_only,1,-1,1,1,0,0,1,1,2515763587,3437971635,500,False,10,10,10,0.0,37.0,0.182,0.182,0.182
683,113,../environments/random.12.csv,dist_only,1,-1,1,1,0,0,1,1,2515763587,3437971635,599,False,11,11,11,0.0,44.0,0.17863105175292154,0.17863105175292154,0.17863105175292154
684,114,../environments/random.12.csv,dist_only,1,-1,1,1,0,0,1,1,2515763587,4010425793,100,False,3,3,3,0.0,7.0,0.16,0.16,0.16
685,114,../environments/random.12.csv,dist_only,1,-1,1,1,0,0,1,1,2515763587,4010425793,200,False,4,4,4,0.0,14.0,0.19,0.19,0.19
686,114,../environments/random.12.csv,dist_only,1,-1,1,1,0,0,1,1,2515763587,4010425793,300,False,5,5,5,0.0,21.0,0.22333333333333333,0.22333333333333333,0.22333333333333333
687,114,../environments/random.12.csv,dist_only,1,-1,1,1,0,0,1,1,2515763587,4010425793,400,False,6,6,6,0.0,28.0,0.2075,0.2075,0.2075
688,114,../environments/random.12.csv,dist_only,1,-1,1,1,0,0,1,1,2515763587,4010425793,500,False,8,8,8,0.0,35.0,0.214,0.214,0.214
689,114,../environments/random.12.csv,dist_only,1,-1,1,1,0,0,1,1,2515763587,4010425793,599,False,10,10,10,0.0,43.0,0.21202003338898165,0.21202003338898165,0.21202003338898165
690,115,../environments/random.12.csv,dist_only,1,-1,1,1,0,0,1,1,2515763587,2734561081,100,False,2,2,2,0.0,7.0,0.22,0.22,0.22
691,115,../environments/random.12.csv,dist_only,1,-1,1,1,0,0,1,1,2515763587,2734561081,200,False,4,4,4,0.0,15.0,0.18,0.18,0.18
692,115,../environments/random.12.csv,dist_only,1,-1,1,1,0,0,1,1,2515763587,2734561081,300,False,5,5,5,0.0,22.0,0.18333333333333332,0.18333333333333332,0.18333333333333332
693,115,../environments/random.12.csv,dist_only,1,-1,1,1,0,0,1,1,2515763587,2734561081,400,False,5,5,5,0.0,29.0,0.19,0.19,0.19
694,115,../environments/random.12.csv,dist_only,1,-1,1,1,0,0,1,1,2515763587,2734561081,500,False,9,9,9,0.0,37.0,0.18,0.18,0.18
695,115,../environments/random.12.csv,dist_only,1,-1,1,1,0,0,1,1,2515763587,2734561081,599,False,10,10,10,0.0,44.0,0.17696160267111852,0.17696160267111852,0.17696160267111852
696,116,../environments/random.12.csv,dist_only,1,-1,1,1,0,0,1,1,2515763587,1253946826,100,False,4,4,4,0.0,8.0,0.13,0.13,0.13
697,116,../environments/random.12.csv,dist_only,1,-1,1,1,0,0,1,1,2515763587,1253946826,200,False,5,5,5,0.0,15.0,0.18,0.18,0.18
698,116,../environments/random.12.csv,dist_only,1,-1,1,1,0,0,1,1,2515763587,1253946826,300,False,7,7,7,0.0,22.0,0.19666666666666666,0.19666666666666666,0.19666666666666666
699,116,../environments/random.12.csv,dist_only,1,-1,1,1,0,0,1,1,2515763587,1253946826,400,False,8,8,8,0.0,29.0,0.185,0.185,0.185
700,116,../environments/random.12.csv,dist_only,1,-1,1,1,0,0,1,1,2515763587,1253946826,500,False,8,8,8,0.0,36.0,0.2,0.2,0.2
701,116,../environments/random.12.csv,dist_only,1,-1,1,1,0,0,1,1,2515763587,1253946826,599,False,12,12,12,0.0,43.0,0.19532554257095158,0.19532554257095158,0.19532554257095158
702,117,../environments/random.12.csv,dist_only,1,-1,1,1,0,0,1,1,2515763587,1347984585,100,False,2,2,2,0.0,7.0,0.22,0.22,0.22
703,117,../environments/random.12.csv,dist_only,1,-1,1,1,0,0,1,1,2515763587,1347984585,200,False,2,2,2,0.0,14.0,0.185,0.185,0.185
704,117,../environments/random.12.csv,dist_only,1,-1,1,1,0,0,1,1,2515763587,1347984585,300,False,3,3,3,0.0,21.0,0.20666666666666667,0.20666666666666667,0.20666666666666667
705,117,../environments/random.12.csv,dist_only,1,-1,1,1,0,0,1,1,2515763587,1347984585,400,False,3,3,3,0.0,28.0,0.21,0.21,0.21
706,117,../environments/random.12.csv,dist_only,1,-1,1,1,0,0,1,1,2515763587,1347984585,500,False,4,4,4,0.0,36.0,0.206,0.206,0.206
707,117,../environments/random.12.csv,dist_only,1,-1,1,1,0,0,1,1,2515763587,1347984585,599,False,6,6,6,0.0,43.0,0.2036727879799666,0.2036727879799666,0.2036727879799666
708,118,../environments/random.12.csv,dist_only,1,-1,1,1,0,0,1,1,2515763587,884777651,100,False,4,4,4,0.0,7.0,0.19,0.19,0.19
709,118,../environments/random.12.csv,dist_only,1,-1,1,1,0,0,1,1,2515763587,884777651,200,False,8,8,8,0.0,15.0,0.18,0.18,0.18
710,118,../environments/random.12.csv,dist_only,1,-1,1,1,0,0,1,1,2515763587,884777651,300,False,8,8,8,0.0,22.0,0.19666666666666666,0.19666666666666666,0.19666666666666666
711,118,../environments/random.12.csv,dist_only,1,-1,1,1,0,0,1,1,2515763587,884777651,400,False,12,12,12,0.0,29.0,0.1875,0.1875,0.1875
712,118,../environments/random.12.csv,dist_only,1,-1,1,1,0,0,1,1,2515763587,884777651,500,False,14,14,14,0.0,37.0,0.184,0.184,0.184
713,118,../environments/random.12.csv,dist_only,1,-1,1,1,0,0,1,1,2515763587,884777651,599,False,14,14,14,0.0,44.0,0.18196994991652754,0.18196994991652754,0.18196994991652754
714,119,../environments/random.12.csv,dist_only,1,-1,1,1,0,0,1,1,2515763587,2299003041,100,False,2,2,2,0.0,7.0,0.2,0.2,0.2
715,119,../environments/random.12.csv,dist_only,1,-1,1,1,0,0,1,1,2515763587,2299003041,200,False,4,4,4,0.0,15.0,0.18,0.18,0.18
716,119,../environments/random.12.csv,dist_only,1,-1,1,1,0,0,1,1,2515763587,2299003041,300,False,7,7,7,0.0,22.0,0.17333333333333334,0.17333333333333334,0.17333333333333334
717,119,../environments/random.12.csv,dist_only,1,-1,1,1,0,0,1,1,2515763587,2299003041,400,False,10,10,10,0.0,30.0,0.1775,0.1775,0.1775
718,119,../environments/random.12.csv,dist_only,1,-1,1,1,0,0,1,1,2515763587,2299003041,500,False,13,13,13,0.0,37.0,0.18,0.18,0.18
719,119,../environments/random.12.csv,dist_only,1,-1,1,1,0,0,1,1,2515763587,2299003041,599,False,15,15,15,0.0,44.0,0.18530884808013356,0.18530884808013356,0.18530884808013356
720,120,../environments/random.12.csv,dist_only,1,-1,1,1,0,0,1,1,3622058494,3334515826,100,False,1,1,1,0.0,7.0,0.23,0.23,0.23
721,120,../environments/random.12.csv,dist_only,1,-1,1,1,0,0,1,1,3622058494,3334515826,200,False,2,2,2,0.0,14.0,0.21,0.21,0.21
722,120,../environments/random.12.csv,dist_only,1,-1,1,1,0,0,1,1,3622058494,3334515826,300,False,3,3,3,0.0,21.0,0.20666666666666667,0.20666666666666667,0.20666666666666667
723,120,../environments/random.12.csv,dist_only,1,-1,1,1,0,0,1,1,3622058494,3334515826,400,False,5,5,5,0.0,28.0,0.2075,0.2075,0.2075
724,120,../environments/random.12.csv,dist_only,1,-1,1,1,0,0,1,1,3622058494,3334515826,500,False,7,7,7,0.0,35.0,0.228,0.228,0.228
725,120,../environments/random.12.csv,dist_only,1,-1,1,1,0,0,1,1,3622058494,3334515826,599,False,9,9,9,0.0,41.0,0.23205342237061768,0.23205342237061768,0.23205342237061768
726,121,../environments/random.12.csv,dist_only,1,-1,1,1,0,0,1,1,3622058494,262994761,100,False,2,2,2,0.0,7.0,0.14,0.14,0.14
727,121,../environments/random.12.csv,dist_only,1,-1,1,1,0,0,1,1,3622058494,262994761,200,False,5,5,5,0.0,15.0,0.18,0.18,0.18
728,121,../environments/random.12.csv,dist_only,1,-1,1,1,0,0,1,1,3622058494,262994761,300,False,5,5,5,0.0,22.0,0.19666666666666666,0.19666666666666666,0.19666666666666666
729,121,../environments/random.12.csv,dist_only,1,-1,1,1,0,0,1,1,3622058494,262994761,400,False,7,7,7,0.0,29.0,0.1975,0.1975,0.1975
730,121,../environments/random.12.csv,dist_only,1,-1,1,1,0,0,1,1,3622058494,262994761,500,False,8,8,8,0.0,36.0,0.196,0.196,0.196
731,121,../environments/random.12.csv,dist_only,1,-1,1,1,0,0,1,1,3622058494,262994761,599,False,13,13,13,0.0,43.0,0.19532554257095158,0.19532554257095158,0.19532554257095158
732,122,../environments/random.12.csv,dist_only,1,-1,1,1,0,0,1,1,3622058494,3602806192,100,False,4,4,4,0.0,8.0,0.13,0.13,0.13
733,122,../environments/random.12.csv,dist_only,1,-1,1,1,0,0,1,1,3622058494,3602806192,200,False,5,5,5,0.0,15.0,0.175,0.175,0.175
734,122,../environments/random.12.csv,dist_only,1,-1,1,1,0,0,1,1,3622058494,3602806192,300,False,6,6,6,0.0,23.0,0.16,0.16,0.16
735,122,../environments/random.12.csv,dist_only,1,-1,1,1,0,0,1,1,3622058494,3602806192,400,False,7,7,7,0.0,30.0,0.1625,0.1625,0.1625
736,122,../environments/random.12.csv,dist_only,1,-1,1,1,0,0,1,1,3622058494,3602806192,500,False,10,10,10,0.0,37.0,0.186,0.186,0.186
737,122,../environments/random.12.csv,dist_only,1,-1,1,1,0,0,1,1,3622058494,3602806192,599,False,10,10,10,0.0,44.0,0.18530884808013356,0.18530884808013356,0.18530884808013356
738,123,../environments/random.12.csv,dist_only,1,-1,1,1,0,0,1,1,3622058494,3437971635,100,False,2,2,2,0.0,7.0,0.18,0.18,0.18
739,123,../environments/random.12.csv,dist_only,1,-1,1,1,0,0,1,1,3622058494,3437971635,200,False,4,4,4,0.0,14.0,0.19,0.19,0.19
740,123,../environments/random.12.csv,dist_only,1,-1,1,1,0,0,1,1,3622058494,3437971635,300,False,7,7,7,0.0,22.0,0.19,0.19,0.19
741,123,../environments/random.12.csv,dist_only,1,-1,1,1,0,0,1,1,3622058494,3437971635,400,False,9,9,9,0.0,29.0,0.19,0.19,0.19
742,123,../environments/random.12.csv,dist_only,1,-1,1,1,0,0,1,1,3622058494,3437971635,500,False,11,11,11,0.0,37.0,0.188,0.188,0.188
743,123,../environments/random.12.csv,dist_only,1,-1,1,1,0,0,1,1,3622058494,3437971635,599,False,12,12,12,0.0,44.0,0.18030050083472454,0.18030050083472454,0.18030050083472454
744,124,../environments/random.12.csv,dist_only,1,-1,1,1,0,0,1,1,3622058494,4010425793,100,False,1,1,1,0.0,7.0,0.15,0.15,0.15
745,124,../environments/random.12.csv,dist_only,1,-1,1,1,0,0,1,1,3622058494,4010425793,200,False,2,2,2,0.0,15.0,0.175,0.175,0.175
746,124,../environments/random.12.csv,dist_only,1,-1,1,1,0,0,1,1,3622058494,4010425793,300,False,2,2,2,0.0,22.0,0.19666666666666666,0.19666666666666666,0.19666666666666666
747,124,../environments/random.12.csv,dist_only,1,-1,1,1,0,0,1,1,3622058494,4010425793,400,False,3,3,3,0.0,29.0,0.195,0.195,0.195
748,124,../environments/random.12.csv,dist_only,1,-1,1,1,0,0,1,1,3622058494,4010425793,500,False,5,5,5,0.0,36.0,0.204,0.204,0.204
749,124,../environments/random.12.csv,dist_only,1,-1,1,1,0,0,1,1,3622058494,4010425793,599,False,7,7,7,0.0,43.0,0.1986644407345576,0.1986644407345576,0.1986644407345576
750,125,../environments/random.12.csv,dist_only,1,-1,1,1,0,0,1,1,3622058494,2734561081,100,False,2,2,2,0.0,7.0,0.19,0.19,0.19
751,125,../environments/random.12.csv,dist_only,1,-1,1,1,0,0,1,1,3622058494,2734561081,200,False,3,3,3,0.0,14.0,0.195,0.195,0.195
752,125,../environments/random.12.csv,dist_only,1,-1,1,1,0,0,1,1,3622058494,2734561081,300,False,5,5,5,0.0,22.0,0.19666666666666666,0.19666666666666666,0.19666666666666666
753,125,../environments/random.12.csv,dist_only,1,-1,1,1,0,0,1,1,3622058494,2734561081,400,False,8,8,8,0.0,29.0,0.19,0.19,0.19
754,125,../environments/random.12.csv,dist_only,1,-1,1,1,0,0,1,1,3622058494,2734561081,500,False,9,9,9,0.0,37.0,0.188,0.188,0.188
755,125,../environments/random.12.csv,dist_only,1,-1,1,1,0,0,1,1,3622058494,2734561081,599,False,11,11,11,0.0,44.0,0.19198664440734559,0.19198664440734559,0.19198664440734559
756,126,../environments/random.12.csv,dist_only,1,-1,1,1,0,0,1,1,3622058494,1253946826,100,False,2,2,2,0.0,7.0,0.19,0.19,0.19
757,126,../environments/random.12.csv,dist_only,1,-1,1,1,0,0,1,1,3622058494,1253946826,200,False,3,3,3,0.0,14.0,0.2,0.2,0.2
758,126,../environments/random.12.csv,dist_only,1,-1,1,1,0,0,1,1,3622058494,1253946826,300,False,6,6,6,0.0,21.0,0.22,0.22,0.22
759,126,../environments/random.12.csv,dist_only,1,-1,1,1,0,0,1,1,3622058494,1253946826,400,False,8,8,8,0.0,28.0,0.21,0.21,0.21
760,126,../environments/random.12.csv,dist_only,1,-1,1,1,0,0,1,1,3622058494,1253946826,500,False,10,10,10,0.0,36.0,0.21,0.21,0.21
761,126,../environments/random.12.csv,dist_only,1,-1,1,1,0,0,1,1,3622058494,1253946826,599,False,11,11,11,0.0,43.0,0.21035058430717862,0.21035058430717862,0.21035058430717862
762,127,../environments/random.12.csv,dist_only,1,-1,1,1,0,0,1,1,3622058494,1347984585,100,False,0,0,0,0.0,6.0,0.25,0.25,0.25
763,127,../environments/random.12.csv,dist_only,1,-1,1,1,0,0,1,1,3622058494,1347984585,200,False,3,3,3,0.0,14.0,0.235,0.235,0.235
764,127,../environments/random.12.csv,dist_only,1,-1,1,1,0,0,1,1,3622058494,1347984585,300,False,4,4,4,0.0,21.0,0.23333333333333334,0.23333333333333334,0.23333333333333334
765,127,../environments/random.12.csv,dist_only,1,-1,1,1,0,0,1,1,3622058494,1347984585,400,False,5,5,5,0.0,28.0,0.2325,0.2325,0.2325
766,127,../environments/random.12.csv,dist_only,1,-1,1,1,0,0,1,1,3622058494,1347984585,500,False,5,5,5,0.0,35.0,0.232,0.232,0.232
767,127,../environments/random.12.csv,dist_only,1,-1,1,1,0,0,1,1,3622058494,1347984585,599,False,7,7,7,0.0,42.0,0.22537562604340566,0.22537562604340566,0.22537562604340566
768,128,../environments/random.12.csv,dist_only,1,-1,1,1,0,0,1,1,3622058494,884777651,100,False,1,1,1,0.0,6.0,0.27,0.27,0.27
769,128,../environments/random.12.csv,dist_only,1,-1,1,1,0,0,1,1,3622058494,884777651,200,False,1,1,1,0.0,14.0,0.205,0.205,0.205
770,128,../environments/random.12.csv,dist_only,1,-1,1,1,0,0,1,1,3622058494,884777651,300,False,3,3,3,0.0,21.0,0.20666666666666667,0.20666666666666667,0.20666666666666667
771,128,../environments/random.12.csv,dist_only,1,-1,1,1,0,0,1,1,3622058494,884777651,400,False,5,5,5,0.0,29.0,0.205,0.205,0.205
772,128,../environments/random.12.csv,dist_only,1,-1,1,1,0,0,1,1,3622058494,884777651,500,False,7,7,7,0.0,36.0,0.204,0.204,0.204
773,128,../environments/random.12.csv,dist_only,1,-1,1,1,0,0,1,1,3622058494,884777651,599,False,8,8,8,0.0,44.0,0.19365609348914858,0.19365609348914858,0.19365609348914858
774,129,../environments/random.12.csv,dist_only,1,-1,1,1,0,0,1,1,3622058494,2299003041,100,False,1,1,1,0.0,7.0,0.19,0.19,0.19
775,129,../environments/random.12.csv,dist_only,1,-1,1,1,0,0,1,1,3622058494,2299003041,200,False,3,3,3,0.0,15.0,0.18,0.18,0.18
776,129,../environments/random.12.csv,dist_only,1,-1,1,1,0,0,1,1,3622058494,2299003041,300,False,4,4,4,0.0,22.0,0.18666666666666668,0.18666666666666668,0.18666666666666668
777,129,../environments/random.12.csv,dist_only,1,-1,1,1,0,0,1,1,3622058494,2299003041,400,False,5,5,5,0.0,29.0,0.1875,0.1875,0.1875
778,129,../environments/random.12.csv,dist_only,1,-1,1,1,0,0,1,1,3622058494,2299003041,500,False,7,7,7,0.0,37.0,0.188,0.188,0.188
779,129,../environments/random.12.csv,dist_only,1,-1,1,1,0,0,1,1,3622058494,2299003041,599,False,8,8,8,0.0,44.0,0.19365609348914858,0.19365609348914858,0.19365609348914858
780,130,../environments/random.12.csv,dist_only,1,-1,1,1,0,0,1,1,3859649351,3334515826,100,False,2,2,2,0.0,7.0,0.24,0.24,0.24
781,130,../environments/random.12.csv,dist_only,1,-1,1,1,0,0,1,1,3859649351,3334515826,200,False,5,5,5,0.0,14.0,0.2,0.2,0.2
782,130,../environments/random.12.csv,dist_only,1,-1,1,1,0,0,1,1,3859649351,3334515826,300,False,7,7,7,0.0,22.0,0.18333333333333332,0.18333333333333332,0.18333333333333332
783,130,../environments/random.12.csv,dist_only,1,-1,1,1,0,0,1,1,3859649351,3334515826,400,False,9,9,9,0.0,30.0,0.1725,0.1725,0.1725
784,130,../environments/random.12.csv,dist_only,1,-1,1,1,0,0,1,1,3859649351,3334515826,500,False,11,11,11,0.0,36.0,0.2,0.2,0.2
785,130,../environments/random.12.csv,dist_only,1,-1,1,1,0,0,1,1,3859649351,3334515826,599,False,11,11,11,0.0,43.0,0.21202003338898165,0.21202003338898165,0.21202003338898165
786,131,../environments/random.12.csv,dist_only,1,-1,1,1,0,0,1,1,3859649351,262994761,100,False,2,2,2,0.0,7.0,0.17,0.17,0.17
787,131,../environments/random.12.csv,dist_only,1,-1,1,1,0,0,1,1,3859649351,262994761,200,False,4,4,4,0.0,14.0,0.19,0.19,0.19
788,131,../environments/random.12.csv,dist_only,1,-1,1,1,0,0,1,1,3859649351,262994761,300,False,6,6,6,0.0,22.0,0.18,0.18,0.18
789,131,../environments/random.12.csv,dist_only,1,-1,1,1,0,0,1,1,3859649351,262994761,400,False,7,7,7,0.0,29.0,0.18,0.18,0.18
790,131,../environments/random.12.csv,dist_only,1,-1,1,1,0,0,1,1,3859649351,262994761,500,False,9,9,9,0.0,37.0,0.188,0.188,0.188
791,131,../environments/random.12.csv,dist_only,1,-1,1,1,0,0,1,1,3859649351,262994761,599,False,13,13,13,0.0,44.0,0.18030050083472454,0.18030050083472454,0.18030050083472454
792,132,../environments/random.12.csv,dist_only,1,-1,1,1,0,0,1,1,3859649351,3602806192,100,False,2,2,2,0.0,7.0,0.16,0.16,0.16
793,132,../environments/random.12.csv,dist_only,1,-1,1,1,0,0,1,1,3859649351,3602806192,200,False,3,3,3,0.0,14.0,0.205,0.205,0.205
794,132,../environments/random.12.csv,dist_only,1,-1,1,1,0,0,1,1,3859649351,3602806192,300,False,6,6,6,0.0,22.0,0.19666666666666666,0.19666666666666666,0.19666666666666666
795,132,../environments/random.12.csv,dist_only,1,-1,1,1,0,0,1,1,3859649351,3602806192,400,False,7,7,7,0.0,29.0,0.2,0.2,0.2
796,132,../environments/random.12.csv,dist_only,1,-1,1,1,0,0,1,1,3859649351,3602806192,500,False,10,10,10,0.0,36.0,0.194,0.194,0.194
797,132,../environments/random.12.csv,dist_only,1,-1,1,1,0,0,1,1,3859649351,3602806192,599,False,12,12,12,0.0,44.0,0.19365609348914858,0.19365609348914858,0.19365609348914858
798,133,../environments/random.12.csv,dist_only,1,-1,1,1,0,0,1,1,3859649351,3437971635,100,False,2,2,2,0.0,7.0,0.14,0.14,0.14
799,133,../environments/random.12.csv,dist_only,1,-1,1,1,0,0,1,1,3859649351,3437971635,200,False,3,3,3,0.0,15.0,0.18,0.18,0.18
800,133,../environments/random.12.csv,dist_only,1,-1,1,1,0,0,1,1,3859649351,3437971635,300,False,7,7,7,0.0,22.0,0.19,0.19,0.19
801,133,../environments/random.12.csv,dist_only,1,-1,1,1,0,0,1,1,3859649351,3437971635,400,False,9,9,9,0.0,29.0,0.18,0.18,0.18
802,133,../environments/random.12.csv,dist_only,1,-1,1,1,0,0,1,1,3859649351,3437971635,500,False,13,13,13,0.0,37.0,0.182,0.182,0.182
803,133,../environments/random.12.csv,dist_only,1,-1,1,1,0,0,1,1,3859649351,3437971635,599,False,13,13,13,0.0,45.0,0.17529215358931552,0.17529215358931552,0.17529215358931552
804,134,../environments/random.12.csv,dist_only,1,-1,1,1,0,0,1,1,3859649351,4010425793,100,False,1,1,1,0.0,7.0,0.23,0.23,0.23
805,134,../environments/random.12.csv,dist_only,1,-1,1,1,0,0,1,1,3859649351,4010425793,200,False,3,3,3,0.0,14.0,0.23,0.23,0.23
806,134,../environments/random.12.csv,dist_only,1,-1,1,1,0,0,1,1,3859649351,4010425793,300,False,4,4,4,0.0,21.0,0.21666666666666667,0.21666666666666667,0.21666666666666667
807,134,../environments/random.12.csv,dist_only,1,-1,1,1,0,0,1,1,3859649351,4010425793,400,False,6,6,6,0.0,28.0,0.2075,0.2075,0.2075
808,134,../environments/random.12.csv,dist_only,1,-1,1,1,0,0,1,1,3859649351,4010425793,500,False,7,7,7,0.0,36.0,0.21,0.21,0.21
809,134,../environments/random.12.csv,dist_only,1,-1,1,1,0,0,1,1,3859649351,4010425793,599,False,9,9,9,0.0,43.0,0.21202003338898165,0.21202003338898165,0.21202003338898165
810,135,../environments/random.12.csv,dist_only,1,-1,1,1,0,0,1,1,3859649351,2734561081,100,False,0,0,0,0.0,7.0,0.24,0.24,0.24
811,135,../environments/random.12.csv,dist_only,1,-1,1,1,0,0,1,1,3859649351,2734561081,200,False,1,1,1,0.0,14.0,0.23,0.23,0.23
812,135,../environments/random.12.csv,dist_only,1,-1,1,1,0,0,1,1,3859649351,2734561081,300,False,4,4,4,0.0,22.0,0.19666666666666666,0.19666666666666666,0.19666666666666666
813,135,../environments/random.12.csv,dist_only,1,-1,1,1,0,0,1,1,3859649351,2734561081,400,False,6,6,6,0.0,29.0,0.205,0.205,0.205
814,135,../environments/random.12.csv,dist_only,1,-1,1,1,0,0,1,1,3859649351,2734561081,500,False,10,10,10,0.0,36.0,0.196,0.196,0.196
815,135,../environments/random.12.csv,dist_only,1,-1,1,1,0,0,1,1,3859649351,2734561081,599,False,11,11,11,0.0,44.0,0.19198664440734559,0.19198664440734559,0.19198664440734559
816,136,../environments/random.12.csv,dist_only,1,-1,1,1,0,0,1,1,3859649351,1253946826,100,False,1,1,1,0.0,7.0,0.14,0.14,0.14
817,136,../environments/random.12.csv,dist_only,1,-1,1,1,0,0,1,1,3859649351,1253946826,200,False,3,3,3,0.0,14.0,0.215,0.215,0.215
818,136,../environments/random.12.csv,dist_only,1,-1,1,1,0,0,1,1,3859649351,1253946826,300,False,4,4,4,0.0,21.0,0.22333333333333333,0.22333333333333333,0.22333333333333333
819,136,../environments/random.12.csv,dist_only,1,-1,1,1,0,0,1,1,3859649351,1253946826,400,False,6,6,6,0.0,28.0,0.2075,0.2075,0.2075
820,136,../environments/random.12.csv,dist_only,1,-1,1,1,0,0,1,1,3859649351,1253946826,500,False,8,8,8,0.0,36.0,0.208,0.208,0.208
821,136,../environments/random.12.csv,dist_only,1,-1,1,1,0,0,1,1,3859649351,1253946826,599,False,11,11,11,0.0,43.0,0.1986644407345576,0.1986644407345576,0.1986644407345576
822,137,../environments/random.12.csv,dist_only,1,-1,1,1,0,0,1,1,3859649351,1347984585,100,False,2,2,2,0.0,7.0,0.22,0.22,0.22
823,137,../environments/random.12.csv,dist_only,1,-1,1,1,0,0,1,1,3859649351,1347984585,200,False,3,3,3,0.0,14.0,0.235,0.235,0.235
824,137,../environments/random.12.csv,dist_only,1,-1,1,1,0,0,1,1,3859649351,1347984585,300,False,4,4,4,0.0,21.0,0.21666666666666667,0.21666666666666667,0.21666666666666667
825,137,../environments/random.12.csv,dist_only,1,-1,1,1,0,0,1,1,3859649351,1347984585,400,False,6,6,6,0.0,28.0,0.2125,0.2125,0.2125
826,137,../environments/random.12.csv,dist_only,1,-1,1,1,0,0,1,1,3859649351,1347984585,500,False,7,7,7,0.0,36.0,0.21,0.21,0.21
827,137,../environments/random.12.csv,dist_only,1,-1,1,1,0,0,1,1,3859649351,1347984585,599,False,10,10,10,0.0,42.0,0.22036727879799667,0.22036727879799667,0.22036727879799667
828,138,../environments/random.12.csv,dist_only,1,-1,1,1,0,0,1,1,3859649351,884777651,100,False,5,5,5,0.0,7.0,0.2,0.2,0.2
829,138,../environments/random.12.csv,dist_only,1,-1,1,1,0,0,1,1,3859649351,884777651,200,False,7,7,7,0.0,15.0,0.17,0.17,0.17
830,138,../environments/random.12.csv,dist_only,1,-1,1,1,0,0,1,1,3859649351,884777651,300,False,9,9,9,0.0,22.0,0.18,0.18,0.18
831,138,../environments/random.12.csv,dist_only,1,-1,1,1,0,0,1,1,3859649351,884777651,400,False,12,12,12,0.0,29.0,0.18,0.18,0.18
832,138,../environments/random.12.csv,dist_only,1,-1,1,1,0,0,1,1,3859649351,884777651,500,False,13,13,13,0.0,37.0,0.178,0.178,0.178
833,138,../environments/random.12.csv,dist_only,1,-1,1,1,0,0,1,1,3859649351,884777651,599,False,15,15,15,0.0,44.0,0.18030050083472454,0.18030050083472454,0.18030050083472454
834,139,../environments/random.12.csv,dist_only,1,-1,1,1,0,0,1,1,3859649351,2299003041,100,False,2,2,2,0.0,7.0,0.18,0.18,0.18
835,139,../environments/random.12.csv,dist_only,1,-1,1,1,0,0,1,1,3859649351,2299003041,200,False,4,4,4,0.0,15.0,0.18,0.18,0.18
836,139,../environments/random.12.csv,dist_only,1,-1,1,1,0,0,1,1,3859649351,2299003041,300,False,6,6,6,0.0,22.0,0.17,0.17,0.17
837,139,../environments/random.12.csv,dist_only,1,-1,1,1,0,0,1,1,3859649351,2299003041,400,False,8,8,8,0.0,30.0,0.175,0.175,0.175
838,139,../environments/random.12.csv,dist_only,1,-1,1,1,0,0,1,1,3859649351,2299003041,500,False,9,9,9,0.0,37.0,0.18,0.18,0.18
839,139,../environments/random.12.csv,dist_only,1,-1,1,1,0,0,1,1,3859649351,2299003041,599,False,11,11,11,0.0,44.0,0.18864774624373956,0.18864774624373956,0.18864774624373956
840,140,../environments/random.12.csv,dist_only,1,-1,1,1,0,0,1,1,3788962293,3334515826,100,False,2,2,2,0.0,7.0,0.23,0.23,0.23
841,140,../environments/random.12.csv,dist_only,1,-1,1,1,0,0,1,1,3788962293,3334515826,200,False,3,3,3,0.0,14.0,0.215,0.215,0.215
842,140,../environments/random.12.csv,dist_only,1,-1,1,1,0,0,1,1,3788962293,3334515826,300,False,6,6,6,0.0,21.0,0.20333333333333334,0.20333333333333334,0.20333333333333334
843,140,../environments/random.12.csv,dist_only,1,-1,1,1,0,0,1,1,3788962293,3334515826,400,False,10,10,10,0.0,29.0,0.2,0.2,0.2
844,140,../environments/random.12.csv,dist_only,1,-1,1,1,0,0,1,1,3788962293,3334515826,500,False,11,11,11,0.0,36.0,0.21,0.21,0.21
845,140,../environments/random.12.csv,dist_only,1,-1,1,1,0,0,1,1,3788962293,3334515826,599,False,12,12,12,0.0,42.0,0.22203672787979967,0.22203672787979967,0.22203672787979967
846,141,../environments/random.12.csv,dist_only,1,-1,1,1,0,0,1,1,3788962293,262994761,100,False,2,2,2,0.0,8.0,0.13,0.13,0.13
847,141,../environments/random.12.csv,dist_only,1,-1,1,1,0,0,1,1,3788962293,262994761,200,False,3,3,3,0.0,15.0,0.155,0.155,0.155
848,141,../environments/random.12.csv,dist_only,1,-1,1,1,0,0,1,1,3788962293,262994761,300,False,7,7,7,0.0,22.0,0.17,0.17,0.17
849,141,../environments/random.12.csv,dist_only,1,-1,1,1,0,0,1,1,3788962293,262994761,400,False,7,7,7,0.0,30.0,0.175,0.175,0.175
850,141,../environments/random.12.csv,dist_only,1,-1,1,1,0,0,1,1,3788962293,262994761,500,False,8,8,8,0.0,37.0,0.186,0.186,0.186
851,141,../environments/random.12.csv,dist_only,1,-1,1,1,0,0,1,1,3788962293,262994761,599,False,10,10,10,0.0,44.0,0.18030050083472454,0.18030050083472454,0.18030050083472454
852,142,../environments/random.12.csv,dist_only,1,-1,1,1,0,0,1,1,3788962293,3602806192,100,False,3,3,3,0.0,7.0,0.23,0.23,0.23
853,142,../environments/random.12.csv,dist_only,1,-1,1,1,0,0,1,1,3788962293,3602806192,200,False,5,5,5,0.0,14.0,0.23,0.23,0.23
854,142,../environments/random.12.csv,dist_only,1,-1,1,1,0,0,1,1,3788962293,3602806192,300,False,8,8,8,0.0,21.0,0.21,0.21,0.21
855,142,../environments/random.12.csv,dist_only,1,-1,1,1,0,0,1,1,3788962293,3602806192,400,False,9,9,9,0.0,29.0,0.205,0.205,0.205
856,142,../environments/random.12.csv,dist_only,1,-1,1,1,0,0,1,1,3788962293,3602806192,500,False,11,11,11,0.0,36.0,0.19,0.19,0.19
857,142,../environments/random.12.csv,dist_only,1,-1,1,1,0,0,1,1,3788962293,3602806192,599,False,13,13,13,0.0,43.0,0.19699499165275458,0.19699499165275458,0.19699499165275458
858,143,../environments/random.12.csv,dist_only,1,-1,1,1,0,0,1,1,3788962293,3437971635,100,False,1,1,1,0.0,7.0,0.21,0.21,0.21
859,143,../environments/random.12.csv,dist_only,1,-1,1,1,0,0,1,1,3788962293,3437971635,200,False,3,3,3,0.0,14.0,0.205,0.205,0.205
860,143,../environments/random.12.csv,dist_only,1,-1,1,1,0,0,1,1,3788962293,3437971635,300,False,5,5,5,0.0,21.0,0.21,0.21,0.21
861,143,../environments/random.12.csv,dist_only,1,-1,1,1,0,0,1,1,3788962293,3437971635,400,False,7,7,7,0.0,28.0,0.2075,0.2075,0.2075
862,143,../environments/random.12.csv,dist_only,1,-1,1,1,0,0,1,1,3788962293,3437971635,500,False,9,9,9,0.0,36.0,0.204,0.204,0.204
863,143,../environments/random.12.csv,dist_only,1,-1,1,1,0,0,1,1,3788962293,3437971635,599,False,11,11,11,0.0,44.0,0.19365609348914858,0.19365609348914858,0.19365609348914858
864,144,../environments/random.12.csv,dist_only,1,-1,1,1,0,0,1,1,3788962293,4010425793,100,False,3,3,3,0.0,8.0,0.13,0.13,0.13
865,144,../environments/random.12.csv,dist_only,1,-1,1,1,0,0,1,1,3788962293,4010425793,200,False,4,4,4,0.0,15.0,0.155,0.155,0.155
866,144,../environments/random.12.csv,dist_only,1,-1,1,1,0,0,1,1,3788962293,4010425793,300,False,8,8,8,0.0,22.0,0.19666666666666666,0.19666666666666666,0.19666666666666666
867,144,../environments/random.12.csv,dist_only,1,-1,1,1,0,0,1,1,3788962293,4010425793,400,False,12,12,12,0.0,30.0,0.1775,0.1775,0.1775
868,144,../environments/random.12.csv,dist_only,1,-1,1,1,0,0,1,1,3788962293,4010425793,500,False,15,15,15,0.0,37.0,0.188,0.188,0.188
869,144,../environments/random.12.csv,dist_only,1,-1,1,1,0,0,1,1,3788962293,4010425793,599,False,19,19,19,0.0,44.0,0.17863105175292154,0.17863105175292154,0.17863105175292154
870,145,../environments/random.12.csv,dist_only,1,-1,1,1,0,0,1,1,3788962293,2734561081,100,False,2,2,2,0.0,7.0,0.22,0.22,0.22
871,145,../environments/random.12.csv,dist_only,1,-1,1,1,0,0,1,1,3788962293,2734561081,200,False,5,5,5,0.0,14.0,0.215,0.215,0.215
872,145,../environments/random.12.csv,dist_only,1,-1,1,1,0,0,1,1,3788962293,2734561081,300,False,7,7,7,0.0,21.0,0.2,0.2,0.2
873,145,../environments/random.12.csv,dist_only,1,-1,1,1,0,0,1,1,3788962293,2734561081,400,False,8,8,8,0.0,29.0,0.2,0.2,0.2
874,145,../environments/random.12.csv,dist_only,1,-1,1,1,0,0,1,1,3788962293,2734561081,500,False,9,9,9,0.0,36.0,0.194,0.194,0.194
875,145,../environments/random.12.csv,dist_only,1,-1,1,1,0,0,1,1,3788962293,2734561081,599,False,10,10,10,0.0,44.0,0.19365609348914858,0.19365609348914858,0.19365609348914858
876,146,../environments/random.12.csv,dist_only,1,-1,1,1,0,0,1,1,3788962293,1253946826,100,False,2,2,2,0.0,7.0,0.15,0.15,0.15
877,146,../environments/random.12.csv,dist_only,1,-1,1,1,0,0,1,1,3788962293,1253946826,200,False,3,3,3,0.0,14.0,0.185,0.185,0.185
878,146,../environments/random.12.csv,dist_only,1,-1,1,1,0,0,1,1,3788962293,1253946826,300,False,5,5,5,0.0,21.0,0.20333333333333334,0.20333333333333334,0.20333333333333334
879,146,../environments/random.12.csv,dist_only,1,-1,1,1,0,0,1,1,3788962293,1253946826,400,False,8,8,8,0.0,29.0,0.195,0.195,0.195
880,146,../environments/random.12.csv,dist_only,1,-1,1,1,0,0,1,1,3788962293,1253946826,500,False,10,10,10,0.0,36.0,0.194,0.194,0.194
881,146,../environments/random.12.csv,dist_only,1,-1,1,1,0,0,1,1,3788962293,1253946826,599,False,13,13,13,0.0,44.0,0.19365609348914858,0.19365609348914858,0.19365609348914858
882,147,../environments/random.12.csv,dist_only,1,-1,1,1,0,0,1,1,3788962293,1347984585,100,False,1,1,1,0.0,7.0,0.23,0.23,0.23
883,147,../environments/random.12.csv,dist_only,1,-1,1,1,0,0,1,1,3788962293,1347984585,200,False,6,6,6,0.0,15.0,0.175,0.175,0.175
884,147,../environments/random.12.csv,dist_only,1,-1,1,1,0,0,1,1,3788962293,1347984585,300,False,8,8,8,0.0,22.0,0.18333333333333332,0.18333333333333332,0.18333333333333332
885,147,../environments/random.12.csv,dist_only,1,-1,1,1,0,0,1,1,3788962293,1347984585,400,False,9,9,9,0.0,29.0,0.1975,0.1975,0.1975
886,147,../environments/random.12.csv,dist_only,1,-1,1,1,0,0,1,1,3788962293,1347984585,500,False,11,11,11,0.0,36.0,0.2,0.2,0.2
887,147,../environments/random.12.csv,dist_only,1,-1,1,1,0,0,1,1,3788962293,1347984585,599,False,12,12,12,0.0,43.0,0.2020033388981636,0.2020033388981636,0.2020033388981636
888,148,../environments/random.12.csv,dist_only,1,-1,1,1,0,0,1,1,3788962293,884777651,100,False,1,1,1,0.0,7.0,0.24,0.24,0.24
889,148,../environments/random.12.csv,dist_only,1,-1,1,1,0,0,1,1,3788962293,884777651,200,False,3,3,3,0.0,14.0,0.2,0.2,0.2
890,148,../environments/random.12.csv,dist_only,1,-1,1,1,0,0,1,1,3788962293,884777651,300,False,6,6,6,0.0,22.0,0.19666666666666666,0.19666666666666666,0.19666666666666666
891,148,../environments/random.12.csv,dist_only,1,-1,1,1,0,0,1,1,3788962293,884777651,400,False,8,8,8,0.0,29.0,0.205,0.205,0.205
892,148,../environments/random.12.csv,dist_only,1,-1,1,1,0,0,1,1,3788962293,884777651,500,False,14,14,14,0.0,37.0,0.188,0.188,0.188
893,148,../environments/random.12.csv,dist_only,1,-1,1,1,0,0,1,1,3788962293,884777651,599,False,16,16,16,0.0,44.0,0.18196994991652754,0.18196994991652754,0.18196994991652754
894,149,../environments/random.12.csv,dist_only,1,-1,1,1,0,0,1,1,3788962293,2299003041,100,False,2,2,2,0.0,7.0,0.16,0.16,0.16
895,149,../environments/random.12.csv,dist_only,1,-1,1,1,0,0,1,1,3788962293,2299003041,200,False,4,4,4,0.0,15.0,0.155,0.155,0.155
896,149,../environments/random.12.csv,dist_only,1,-1,1,1,0,0,1,1,3788962293,2299003041,300,False,6,6,6,0.0,22.0,0.17666666666666667,0.17666666666666667,0.17666666666666667
897,149,../environments/random.12.csv,dist_only,1,-1,1,1,0,0,1,1,3788962293,2299003041,400,False,8,8,8,0.0,30.0,0.1625,0.1625,0.1625
898,149,../environments/random.12.csv,dist_only,1,-1,1,1,0,0,1,1,3788962293,2299003041,500,False,10,10,10,0.0,38.0,0.16,0.16,0.16
899,149,../environments/random.12.csv,dist_only,1,-1,1,1,0,0,1,1,3788962293,2299003041,599,False,11,11,11,0.0,45.0,0.1636060100166945,0.1636060100166945,0.1636060100166945
900,150,../environments/random.12.csv,dist_only,1,-1,1,1,0,0,1,1,4075238685,3334515826,100,False,0,0,0,0.0,7.0,0.18,0.18,0.18
901,150,../environments/random.12.csv,dist_only,1,-1,1,1,0,0,1,1,4075238685,3334515826,200,False,0,0,0,0.0,15.0,0.175,0.175,0.175
902,150,../environments/random.12.csv,dist_only,1,-1,1,1,0,0,1,1,4075238685,3334515826,300,False,2,2,2,0.0,22.0,0.19333333333333333,0.19333333333333333,0.19333333333333333
903,150,../environments/random.12.csv,dist_only,1,-1,1,1,0,0,1,1,4075238685,3334515826,400,False,3,3,3,0.0,29.0,0.19,0.19,0.19
904,150,../environments/random.12.csv,dist_only,1,-1,1,1,0,0,1,1,4075238685,3334515826,500,False,6,6,6,0.0,36.0,0.206,0.206,0.206
905,150,../environments/random.12.csv,dist_only,1,-1,1,1,0,0,1,1,4075238685,3334515826,599,False,10,10,10,0.0,43.0,0.20534223706176963,0.20534223706176963,0.20534223706176963
906,151,../environments/random.12.csv,dist_only,1,-1,1,1,0,0,1,1,4075238685,262994761,100,False,1,1,1,0.0,7.0,0.2,0.2,0.2
907,151,../environments/random.12.csv,dist_only,1,-1,1,1,0,0,1,1,4075238685,262994761,200,False,4,4,4,0.0,15.0,0.18,0.18,0.18
908,151,../environments/random.12.csv,dist_only,1,-1,1,1,0,0,1,1,4075238685,262994761,300,False,7,7,7,0.0,22.0,0.18666666666666668,0.18666666666666668,0.18666666666666668
909,151,../environments/random.12.csv,dist_only,1,-1,1,1,0,0,1,1,4075238685,262994761,400,False,8,8,8,0.0,29.0,0.185,0.185,0.185
910,151,../environments/random.12.csv,dist_only,1,-1,1,1,0,0,1,1,4075238685,262994761,500,False,9,9,9,0.0,37.0,0.186,0.186,0.186
911,151,../environments/random.12.csv,dist_only,1,-1,1,1,0,0,1,1,4075238685,262994761,599,False,10,10,10,0.0,43.0,0.19532554257095158,0.19532554257095158,0.19532554257095158
912,152,../environments/random.12.csv,dist_only,1,-1,1,1,0,0,1,1,4075238685,3602806192,100,False,0,0,0,0.0,7.0,0.21,0.21,0.21
913,152,../environments/random.12.csv,dist_only,1,-1,1,1,0,0,1,1,4075238685,3602806192,200,False,1,1,1,0.0,14.0,0.21,0.21,0.21
914,152,../environments/random.12.csv,dist_only,1,-1,1,1,0,0,1,1,4075238685,3602806192,300,False,3,3,3,0.0,21.0,0.20333333333333334,0.20333333333333334,0.20333333333333334
915,152,../environments/random.12.csv,dist_only,1,-1,1,1,0,0,1,1,4075238685,3602806192,400,False,6,6,6,0.0,29.0,0.2025,0.2025,0.2025
916,152,../environments/random.12.csv,dist_only,1,-1,1,1,0,0,1,1,4075238685,3602806192,500,False,8,8,8,0.0,37.0,0.188,0.188,0.188
917,152,../environments/random.12.csv,dist_only,1,-1,1,1,0,0,1,1,4075238685,3602806192,599,False,10,10,10,0.0,44.0,0.19365609348914858,0.19365609348914858,0.19365609348914858
918,153,../environments/random.12.csv,dist_only,1,-1,1,1,0,0,1,1,4075238685,3437971635,100,False,3,3,3,0.0,7.0,0.17,0.17,0.17
919,153,../environments/random.12.csv,dist_only,1,-1,1,1,0,0,1,1,4075238685,3437971635,200,False,5,5,5,0.0,15.0,0.18,0.18,0.18
920,153,../environments/random.12.csv,dist_only,1,-1,1,1,0,0,1,1,4075238685,3437971635,300,False,9,9,9,0.0,22.0,0.18666666666666668,0.18666666666666668,0.18666666666666668
921,153,../environments/random.12.csv,dist_only,1,-1,1,1,0,0,1,1,4075238685,3437971635,400,False,9,9,9,0.0,29.0,0.18,0.18,0.18
922,153,../environments/random.12.csv,dist_only,1,-1,1,1,0,0,1,1,4075238685,3437971635,500,False,11,11,11,0.0,37.0,0.178,0.178,0.178
923,153,../environments/random.12.csv,dist_only,1,-1,1,1,0,0,1,1,4075238685,3437971635,599,False,13,13,13,0.0,45.0,0.17362270450751252,0.17362270450751252,0.17362270450751252
924,154,../environments/random.12.csv,dist_only,1,-1,1,1,0,0,1,1,4075238685,4010425793,100,False,3,3,3,0.0,7.0,0.15,0.15,0.15
925,154,../environments/random.12.csv,dist_only,1,-1,1,1,0,0,1,1,4075238685,4010425793,200,False,5,5,5,0.0,14.0,0.185,0.185,0.185
926,154,../environments/random.12.csv,dist_only,1,-1,1,1,0,0,1,1,4075238685,4010425793,300,False,6,6,6,0.0,22.0,0.19666666666666666,0.19666666666666666,0.19666666666666666
927,154,../environments/random.12.csv,dist_only,1,-1,1,1,0,0,1,1,4075238685,4010425793,400,False,8,8,8,0.0,29.0,0.185,0.185,0.185
928,154,../environments/random.12.csv,dist_only,1,-1,1,1,0,0,1,1,4075238685,4010425793,500,False,11,11,11,0.0,36.0,0.194,0.194,0.194
929,154,../environments/random.12.csv,dist_only,1,-1,1,1,0,0,1,1,4075238685,4010425793,599,False,15,15,15,0.0,44.0,0.19365609348914858,0.19365609348914858,0.19365609348914858
930,155,../environments/random.12.csv,dist_only,1,-1,1,1,0,0,1,1,4075238685,2734561081,100,False,0,0,0,0.0,7.0,0.21,0.21,0.21
931,155,../environments/random.12.csv,dist_only,1,-1,1,1,0,0,1,1,4075238685,2734561081,200,False,3,3,3,0.0,14.0,0.19,0.19,0.19
932,155,../environments/random.12.csv,dist_only,1,-1,1,1,0,0,1,1,4075238685,2734561081,300,False,4,4,4,0.0,22.0,0.19666666666666666,0.19666666666666666,0.19666666666666666
933,155,../environments/random.12.csv,dist_only,1,-1,1,1,0,0,1,1,4075238685,2734561081,400,False,4,4,4,0.0,29.0,0.1975,0.1975,0.1975
934,155,../environments/random.12.csv,dist_only,1,-1,1,1,0,0,1,1,4075238685,2734561081,500,False,5,5,5,0.0,37.0,0.188,0.188,0.188
935,155,../environments/random.12.csv,dist_only,1,-1,1,1,0,0,1,1,4075238685,2734561081,599,False,7,7,7,0.0,44.0,0.18196994991652754,0.18196994991652754,0.18196994991652754
936,156,../environments/random.12.csv,dist_only,1,-1,1,1,0,0,1,1,4075238685,1253946826,100,False,2,2,2,0.0,7.0,0.22,0.22,0.22
937,156,../environments/random.12.csv,dist_only,1,-1,1,1,0,0,1,1,4075238685,1253946826,200,False,3,3,3,0.0,13.0,0.245,0.245,0.245
938,156,../environments/random.12.csv,dist_only,1,-1,1,1,0,0,1,1,4075238685,1253946826,300,False,3,3,3,0.0,21.0,0.23333333333333334,0.23333333333333334,0.23333333333333334
939,156,../environments/random.12.csv,dist_only,1,-1,1,1,0,0,1,1,4075238685,1253946826,400,False,5,5,5,0.0,28.0,0.2275,0.2275,0.2275
940,156,../environments/random.12.csv,dist_only,1,-1,1,1,0,0,1,1,4075238685,1253946826,500,False,8,8,8,0.0,35.0,0.214,0.214,0.214
941,156,../environments/random.12.csv,dist_only,1,-1,1,1,0,0,1,1,4075238685,1253946826,599,False,8,8,8,0.0,43.0,0.2036727879799666,0.2036727879799666,0.2036727879799666
942,157,../environments/random.12.csv,dist_only,1,-1,1,1,0,0,1,1,4075238685,1347984585,100,False,2,2,2,0.0,7.0,0.24,0.24,0.24
943,157,../environments/random.12.csv,dist_only,1,-1,1,1,0,0,1,1,4075238685,1347984585,200,False,3,3,3,0.0,13.0,0.255,0.255,0.255
944,157,../environments/random.12.csv,dist_only,1,-1,1,1,0,0,1,1,4075238685,1347984585,300,False,7,7,7,0.0,21.0,0.23333333333333334,0.23333333333333334,0.23333333333333334
945,157,../environments/random.12.csv,dist_only,1,-1,1,1,0,0,1,1,4075238685,1347984585,400,False,8,8,8,0.0,28.0,0.23,0.23,0.23
946,157,../environments/random.12.csv,dist_only,1,-1,1,1,0,0,1,1,4075238685,1347984585,500,False,12,12,12,0.0,35.0,0.22,0.22,0.22
947,157,../environments/random.12.csv,dist_only,1,-1,1,1,0,0,1,1,4075238685,1347984585,599,False,12,12,12,0.0,42.0,0.21368948247078465,0.21368948247078465,0.21368948247078465
948,158,../environments/random.12.csv,dist_only,1,-1,1,1,0,0,1,1,4075238685,884777651,100,False,0,0,0,0.0,7.0,0.22,0.22,0.22
949,158,../environments/random.12.csv,dist_only,1,-1,1,1,0,0,1,1,4075238685,884777651,200,False,2,2,2,0.0,14.0,0.2,0.2,0.2
950,158,../environments/random.12.csv,dist_only,1,-1,1,1,0,0,1,1,4075238685,884777651,300,False,2,2,2,0.0,22.0,0.19333333333333333,0.19333333333333333,0.19333333333333333
951,158,../environments/random.12.csv,dist_only,1,-1,1,1,0,0,1,1,4075238685,884777651,400,False,3,3,3,0.0,29.0,0.1975,0.1975,0.1975
952,158,../environments/random.12.csv,dist_only,1,-1,1,1,0,0,1,1,4075238685,884777651,500,False,5,5,5,0.0,37.0,0.186,0.186,0.186
953,158,../environments/random.12.csv,dist_only,1,-1,1,1,0,0,1,1,4075238685,884777651,599,False,6,6,6,0.0,44.0,0.17863105175292154,0.17863105175292154,0.17863105175292154
954,159,../environments/random.12.csv,dist_only,1,-1,1,1,0,0,1,1,4075238685,2299003041,100,False,1,1,1,0.0,7.0,0.17,0.17,0.17
955,159,../environments/random.12.csv,dist_only,1,-1,1,1,0,0,1,1,4075238685,2299003041,200,False,1,1,1,0.0,14.0,0.185,0.185,0.185
956,159,../environments/random.12.csv,dist_only,1,-1,1,1,0,0,1,1,4075238685,2299003041,300,False,3,3,3,0.0,22.0,0.18333333333333332,0.18333333333333332,0.18333333333333332
957,159,../environments/random.12.csv,dist_only,1,-1,1,1,0,0,1,1,4075238685,2299003041,400,False,4,4,4,0.0,29.0,0.1925,0.1925,0.1925
958,159,../environments/random.12.csv,dist_only,1,-1,1,1,0,0,1,1,4075238685,2299003041,500,False,6,6,6,0.0,37.0,0.186,0.186,0.186
959,159,../environments/random.12.csv,dist_only,1,-1,1,1,0,0,1,1,4075238685,2299003041,599,False,9,9,9,0.0,44.0,0.18697829716193656,0.18697829716193656,0.18697829716193656
960,160,../environments/random.12.csv,dist_only,1,-1,1,1,0,0,1,1,1315049272,3334515826,100,False,1,1,1,0.0,7.0,0.2,0.2,0.2
961,160,../environments/random.12.csv,dist_only,1,-1,1,1,0,0,1,1,1315049272,3334515826,200,False,5,5,5,0.0,14.0,0.185,0.185,0.185
962,160,../environments/random.12.csv,dist_only,1,-1,1,1,0,0,1,1,1315049272,3334515826,300,False,6,6,6,0.0,22.0,0.19,0.19,0.19
963,160,../environments/random.12.csv,dist_only,1,-1,1,1,0,0,1,1,1315049272,3334515826,400,False,7,7,7,0.0,29.0,0.1975,0.1975,0.1975
964,160,../environments/random.12.csv,dist_only,1,-1,1,1,0,0,1,1,1315049272,3334515826,500,False,7,7,7,0.0,36.0,0.204,0.204,0.204
965,160,../environments/random.12.csv,dist_only,1,-1,1,1,0,0,1,1,1315049272,3334515826,599,False,10,10,10,0.0,43.0,0.21202003338898165,0.21202003338898165,0.21202003338898165
966,161,../environments/random.12.csv,dist_only,1,-1,1,1,0,0,1,1,1315049272,262994761,100,False,0,0,0,0.0,7.0,0.16,0.16,0.16
967,161,../environments/random.12.csv,dist_only,1,-1,1,1,0,0,1,1,1315049272,262994761,200,False,0,0,0,0.0,15.0,0.18,0.18,0.18
968,161,../environments/random.12.csv,dist_only,1,-1,1,1,0,0,1,1,1315049272,262994761,300,False,2,2,2,0.0,22.0,0.18,0.18,0.18
969,161,../environments/random.12.csv,dist_only,1,-1,1,1,0,0,1,1,1315049272,262994761,400,False,5,5,5,0.0,29.0,0.18,0.18,0.18
970,161,../environments/random.12.csv,dist_only,1,-1,1,1,0,0,1,1,1315049272,262994761,500,False,6,6,6,0.0,37.0,0.174,0.174,0.174
971,161,../environments/random.12.csv,dist_only,1,-1,1,1,0,0,1,1,1315049272,262994761,599,False,8,8,8,0.0,45.0,0.17529215358931552,0.17529215358931552,0.17529215358931552
972,162,../environments/random.12.csv,dist_only,1,-1,1,1,0,0,1,1,1315049272,3602806192,100,False,1,1,1,0.0,7.0,0.17,0.17,0.17
973,162,../environments/random.12.csv,dist_only,1,-1,1,1,0,0,1,1,1315049272,3602806192,200,False,3,3,3,0.0,14.0,0.185,0.185,0.185
974,162,../environments/random.12.csv,dist_only,1,-1,1,1,0,0,1,1,1315049272,3602806192,300,False,4,4,4,0.0,22.0,0.19666666666666666,0.19666666666666666,0.19666666666666666
975,162,../environments/random.12.csv,dist_only,1,-1,1,1,0,0,1,1,1315049272,3602806192,400,False,8,8,8,0.0,29.0,0.1925,0.1925,0.1925
976,162,../environments/random.12.csv,dist_only,1,-1,1,1,0,0,1,1,1315049272,3602806192,500,False,11,11,11,0.0,37.0,0.188,0.188,0.188
977,162,../environments/random.12.csv,dist_only,1,-1,1,1,0,0,1,1,1315049272,3602806192,599,False,13,13,13,0.0,44.0,0.17696160267111852,0.17696160267111852,0.17696160267111852
978,163,../environments/random.12.csv,dist_only,1,-1,1,1,0,0,1,1,1315049272,3437971635,100,False,3,3,3,0.0,7.0,0.17,0.17,0.17
979,163,../environments/random.12.csv,dist_only,1,-1,1,1,0,0,1,1,1315049272,3437971635,200,False,6,6,6,0.0,15.0,0.18,0.18,0.18
980,163,../environments/random.12.csv,dist_only,1,-1,1,1,0,0,1,1,1315049272,3437971635,300,False,9,9,9,0.0,22.0,0.17666666666666667,0.17666666666666667,0.17666666666666667
981,163,../environments/random.12.csv,dist_only,1,-1,1,1,0,0,1,1,1315049272,3437971635,400,False,12,12,12,0.0,30.0,0.1775,0.1775,0.1775
982,163,../environments/random.12.csv,dist_only,1,-1,1,1,0,0,1,1,1315049272,3437971635,500,False,15,15,15,0.0,37.0,0.174,0.174,0.174
983,163,../environments/random.12.csv,dist_only,1,-1,1,1,0,0,1,1,1315049272,3437971635,599,False,15,15,15,0.0,45.0,0.17028380634390652,0.17028380634390652,0.17028380634390652
984,164,../environments/random.12.csv,dist_only,1,-1,1,1,0,0,1,1,1315049272,4010425793,100,False,1,1,1,0.0,7.0,0.15,0.15,0.15
985,164,../environments/random.12.csv,dist_only,1,-1,1,1,0,0,1,1,1315049272,4010425793,200,False,4,4,4,0.0,15.0,0.17,0.17,0.17
986,164,../environments/random.12.csv,dist_only,1,-1,1,1,0,0,1,1,1315049272,4010425793,300,False,4,4,4,0.0,22.0,0.19666666666666666,0.19666666666666666,0.19666666666666666
987,164,../environments/random.12.csv,dist_only,1,-1,1,1,0,0,1,1,1315049272,4010425793,400,False,6,6,6,0.0,29.0,0.185,0.185,0.185
988,164,../environments/random.12.csv,dist_only,1,-1,1,1,0,0,1,1,1315049272,4010425793,500,False,8,8,8,0.0,36.0,0.192,0.192,0.192
989,164,../environments/random.12.csv,dist_only,1,-1,1,1,0,0,1,1,1315049272,4010425793,599,False,10,10,10,0.0,43.0,0.19699499165275458,0.19699499165275458,0.19699499165275458
990,165,../environments/random.12.csv,dist_only,1,-1,1,1,0,0,1,1,1315049272,2734561081,100,False,1,1,1,0.0,7.0,0.21,0.21,0.21
991,165,../environments/random.12.csv,dist_only,1,-1,1,1,0,0,1,1,1315049272,2734561081,200,False,3,3,3,0.0,14.0,0.195,0.195,0.195
992,165,../environments/random.12.csv,dist_only,1,-1,1,1,0,0,1,1,1315049272,2734561081,300,False,4,4,4,0.0,22.0,0.19666666666666666,0.19666666666666666,0.19666666666666666
993,165,../environments/random.12.csv,dist_only,1,-1,1,1,0,0,1,1,1315049272,2734561081,400,False,9,9,9,0.0,29.0,0.1925,0.1925,0.1925
994,165,../environments/random.12.csv,dist_only,1,-1,1,1,0,0,1,1,1315049272,2734561081,500,False,12,12,12,0.0,37.0,0.182,0.182,0.182
995,165,../environments/random.12.csv,dist_only,1,-1,1,1,0,0,1,1,1315049272,2734561081,599,False,15,15,15,0.0,44.0,0.17696160267111852,0.17696160267111852,0.17696160267111852
996,166,../environments/random.12.csv,dist_only,1,-1,1,1,0,0,1,1,1315049272,1253946826,100,False,1,1,1,0.0,7.0,0.14,0.14,0.14
997,166,../environments/random.12.csv,dist_only,1,-1,1,1,0,0,1,1,1315049272,1253946826,200,False,2,2,2,0.0,14.0,0.22,0.22,0.22
998,166,../environments/random.12.csv,dist_only,1,-1,1,1,0,0,1,1,1315049272,1253946826,300,False,3,3,3,0.0,21.0,0.22,0.22,0.22
999,166,../environments/random.12.csv,dist_only,1,-1,1,1,0,0,1,1,1315049272,1253946826,400,False,4,4,4,0.0,29.0,0.205,0.205,0.205
1000,166,../environments/random.12.csv,dist_only,1,-1,1,1,0,0,1,1,1315049272,1253946826,500,False,5,5,5,0.0,36.0,0.208,0.208,0.208
1001,166,../environments/random.12.csv,dist_only,1,-1,1,1,0,0,1,1,1315049272,1253946826,599,False,6,6,6,0.0,43.0,0.2036727879799666,0.2036727879799666,0.2036727879799666
1002,167,../environments/random.12.csv,dist_only,1,-1,1,1,0,0,1,1,1315049272,1347984585,100,False,2,2,2,0.0,7.0,0.22,0.22,0.22
1003,167,../environments/random.12.csv,dist_only,1,-1,1,1,0,0,1,1,1315049272,1347984585,200,False,4,4,4,0.0,14.0,0.23,0.23,0.23
1004,167,../environments/random.12.csv,dist_only,1,-1,1,1,0,0,1,1,1315049272,1347984585,300,False,7,7,7,0.0,21.0,0.22666666666666666,0.22666666666666666,0.22666666666666666
1005,167,../environments/random.12.csv,dist_only,1,-1,1,1,0,0,1,1,1315049272,1347984585,400,False,8,8,8,0.0,28.0,0.225,0.225,0.225
1006,167,../environments/random.12.csv,dist_only,1,-1,1,1,0,0,1,1,1315049272,1347984585,500,False,11,11,11,0.0,35.0,0.222,0.222,0.222
1007,167,../environments/random.12.csv,dist_only,1,-1,1,1,0,0,1,1,1315049272,1347984585,599,False,12,12,12,0.0,42.0,0.21535893155258765,0.21535893155258765,0.21535893155258765
1008,168,../environments/random.12.csv,dist_only,1,-1,1,1,0,0,1,1,1315049272,884777651,100,False,2,2,2,0.0,7.0,0.21,0.21,0.21
1009,168,../environments/random.12.csv,dist_only,1,-1,1,1,0,0,1,1,1315049272,884777651,200,False,5,5,5,0.0,15.0,0.18,0.18,0.18
1010,168,../environments/random.12.csv,dist_only,1,-1,1,1,0,0,1,1,1315049272,884777651,300,False,9,9,9,0.0,22.0,0.18666666666666668,0.18666666666666668,0.18666666666666668
1011,168,../environments/random.12.csv,dist_only,1,-1,1,1,0,0,1,1,1315049272,884777651,400,False,11,11,11,0.0,29.0,0.1925,0.1925,0.1925
1012,168,../environments/random.12.csv,dist_only,1,-1,1,1,0,0,1,1,1315049272,884777651,500,False,17,17,17,0.0,36.0,0.19,0.19,0.19
1013,168,../environments/random.12.csv,dist_only,1,-1,1,1,0,0,1,1,1315049272,884777651,599,False,18,18,18,0.0,44.0,0.18697829716193656,0.18697829716193656,0.18697829716193656
1014,169,../environments/random.12.csv,dist_only,1,-1,1,1,0,0,1,1,1315049272,2299003041,100,False,2,2,2,0.0,7.0,0.19,0.19,0.19
1015,169,../environments/random.12.csv,dist_only,1,-1,1,1,0,0,1,1,1315049272,2299003041,200,False,3,3,3,0.0,15.0,0.18,0.18,0.18
1016,169,../environments/random.12.csv,dist_only,1,-1,1,1,0,0,1,1,1315049272,2299003041,300,False,4,4,4,0.0,21.0,0.2,0.2,0.2
1017,169,../environments/random.12.csv,dist_only,1,-1,1,1,0,0,1,1,1315049272,2299003041,400,False,6,6,6,0.0,29.0,0.1975,0.1975,0.1975
1018,169,../environments/random.12.csv,dist_only,1,-1,1,1,0,0,1,1,1315049272,2299003041,500,False,7,7,7,0.0,36.0,0.196,0.196,0.196
1019,169,../environments/random.12.csv,dist_only,1,-1,1,1,0,0,1,1,1315049272,2299003041,599,False,9,9,9,0.0,43.0,0.2003338898163606,0.2003338898163606,0.2003338898163606
1020,170,../environments/random.12.csv,dist_only,1,-1,1,1,0,0,1,1,664961228,3334515826,100,False,0,0,0,0.0,7.0,0.17,0.17,0.17
1021,170,../environments/random.12.csv,dist_only,1,-1,1,1,0,0,1,1,664961228,3334515826,200,False,2,2,2,0.0,15.0,0.175,0.175,0.175
1022,170,../environments/random.12.csv,dist_only,1,-1,1,1,0,0,1,1,664961228,3334515826,300,False,3,3,3,0.0,22.0,0.18,0.18,0.18
1023,170,../environments/random.12.csv,dist_only,1,-1,1,1,0,0,1,1,664961228,3334515826,400,False,5,5,5,0.0,30.0,0.1775,0.1775,0.1775
1024,170,../environments/random.12.csv,dist_only,1,-1,1,1,0,0,1,1,664961228,3334515826,500,False,6,6,6,0.0,37.0,0.186,0.186,0.186
1025,170,../environments/random.12.csv,dist_only,1,-1,1,1,0,0,1,1,664961228,3334515826,599,False,6,6,6,0.0,44.0,0.19365609348914858,0.19365609348914858,0.19365609348914858
1026,171,../environments/random.12.csv,dist_only,1,-1,1,1,0,0,1,1,664961228,262994761,100,False,2,2,2,0.0,7.0,0.15,0.15,0.15
1027,171,../environments/random.12.csv,dist_only,1,-1,1,1,0,0,1,1,664961228,262994761,200,False,5,5,5,0.0,15.0,0.18,0.18,0.18
1028,171,../environments/random.12.csv,dist_only,1,-1,1,1,0,0,1,1,664961228,262994761,300,False,8,8,8,0.0,22.0,0.17333333333333334,0.17333333333333334,0.17333333333333334
1029,171,../environments/random.12.csv,dist_only,1,-1,1,1,0,0,1,1,664961228,262994761,400,False,9,9,9,0.0,30.0,0.1775,0.1775,0.1775
1030,171,../environments/random.12.csv,dist_only,1,-1,1,1,0,0,1,1,664961228,262994761,500,False,9,9,9,0.0,37.0,0.176,0.176,0.176
1031,171,../environments/random.12.csv,dist_only,1,-1,1,1,0,0,1,1,664961228,262994761,599,False,11,11,11,0.0,45.0,0.17529215358931552,0.17529215358931552,0.17529215358931552
1032,172,../environments/random.12.csv,dist_only,1,-1,1,1,0,0,1,1,664961228,3602806192,100,False,2,2,2,0.0,7.0,0.15,0.15,0.15
1033,172,../environments/random.12.csv,dist_only,1,-1,1,1,0,0,1,1,664961228,3602806192,200,False,2,2,2,0.0,14.0,0.185,0.185,0.185
1034,172,../environments/random.12.csv,dist_only,1,-1,1,1,0,0,1,1,664961228,3602806192,300,False,5,5,5,0.0,22.0,0.18666666666666668,0.18666666666666668,0.18666666666666668
1035,172,../environments/random.12.csv,dist_only,1,-1,1,1,0,0,1,1,664961228,3602806192,400,False,5,5,5,0.0,29.0,0.1825,0.1825,0.1825
1036,172,../environments/random.12.csv,dist_only,1,-1,1,1,0,0,1,1,664961228,3602806192,500,False,6,6,6,0.0,37.0,0.186,0.186,0.186
1037,172,../environments/random.12.csv,dist_only,1,-1,1,1,0,0,1,1,664961228,3602806192,599,False,8,8,8,0.0,44.0,0.19031719532554256,0.19031719532554256,0.19031719532554256
1038,173,../environments/random.12.csv,dist_only,1,-1,1,1,0,0,1,1,664961228,3437971635,100,False,1,1,1,0.0,7.0,0.18,0.18,0.18
1039,173,../environments/random.12.csv,dist_only,1,-1,1,1,0,0,1,1,664961228,3437971635,200,False,4,4,4,0.0,14.0,0.195,0.195,0.195
1040,173,../environments/random.12.csv,dist_only,1,-1,1,1,0,0,1,1,664961228,3437971635,300,False,7,7,7,0.0,22.0,0.19666666666666666,0.19666666666666666,0.19666666666666666
1041,173,../environments/random.12.csv,dist_only,1,-1,1,1,0,0,1,1,664961228,3437971635,400,False,8,8,8,0.0,30.0,0.1775,0.1775,0.1775
1042,173,../environments/random.12.csv,dist_only,1,-1,1,1,0,0,1,1,664961228,3437971635,500,False,10,10,10,0.0,37.0,0.18,0.18,0.18
1043,173,../environments/random.12.csv,dist_only,1,-1,1,1,0,0,1,1,664961228,3437971635,599,False,11,11,11,0.0,45.0,0.17529215358931552,0.17529215358931552,0.17529215358931552
1044,174,../environments/random.12.csv,dist_only,1,-1,1,1,0,0,1,1,664961228,4010425793,100,False,3,3,3,0.0,7.0,0.17,0.17,0.17
1045,174,../environments/random.12.csv,dist_only,1,-1,1,1,0,0,1,1,664961228,4010425793,200,False,7,7,7,0.0,15.0,0.17,0.17,0.17
1046,174,../environments/random.12.csv,dist_only,1,-1,1,1,0,0,1,1,664961228,4010425793,300,False,8,8,8,0.0,22.0,0.19666666666666666,0.19666666666666666,0.19666666666666666
1047,174,../environments/random.12.csv,dist_only,1,-1,1,1,0,0,1,1,664961228,4010425793,400,False,10,10,10,0.0,29.0,0.1975,0.1975,0.1975
1048,174,../environments/random.12.csv,dist_only,1,-1,1,1,0,0,1,1,664961228,4010425793,500,False,12,12,12,0.0,36.0,0.208,0.208,0.208
1049,174,../environments/random.12.csv,dist_only,1,-1,1,1,0,0,1,1,664961228,4010425793,599,False,14,14,14,0.0,43.0,0.20534223706176963,0.20534223706176963,0.20534223706176963
1050,175,../environments/random.12.csv,dist_only,1,-1,1,1,0,0,1,1,664961228,2734561081,100,False,0,0,0,0.0,7.0,0.21,0.21,0.21
1051,175,../environments/random.12.csv,dist_only,1,-1,1,1,0,0,1,1,664961228,2734561081,200,False,5,5,5,0.0,14.0,0.19,0.19,0.19
1052,175,../environments/random.12.csv,dist_only,1,-1,1,1,0,0,1,1,664961228,2734561081,300,False,7,7,7,0.0,22.0,0.19,0.19,0.19
1053,175,../environments/random.12.csv,dist_only,1,-1,1,1,0,0,1,1,664961228,2734561081,400,False,9,9,9,0.0,29.0,0.2025,0.2025,0.2025
1054,175,../environments/random.12.csv,dist_only,1,-1,1,1,0,0,1,1,664961228,2734561081,500,False,10,10,10,0.0,37.0,0.188,0.188,0.188
1055,175,../environments/random.12.csv,dist_only,1,-1,1,1,0,0,1,1,664961228,2734561081,599,False,12,12,12,0.0,44.0,0.18864774624373956,0.18864774624373956,0.18864774624373956
1056,176,../environments/random.12.csv,dist_only,1,-1,1,1,0,0,1,1,664961228,1253946826,100,False,1,1,1,0.0,7.0,0.15,0.15,0.15
1057,176,../environments/random.12.csv,dist_only,1,-1,1,1,0,0,1,1,664961228,1253946826,200,False,3,3,3,0.0,14.0,0.22,0.22,0.22
1058,176,../environments/random.12.csv,dist_only,1,-1,1,1,0,0,1,1,664961228,1253946826,300,False,5,5,5,0.0,21.0,0.2,0.2,0.2
1059,176,../environments/random.12.csv,dist_only,1,-1,1,1,0,0,1,1,664961228,1253946826,400,False,7,7,7,0.0,29.0,0.1825,0.1825,0.1825
1060,176,../environments/random.12.csv,dist_only,1,-1,1,1,0,0,1,1,664961228,1253946826,500,False,7,7,7,0.0,37.0,0.188,0.188,0.188
1061,176,../environments/random.12.csv,dist_only,1,-1,1,1,0,0,1,1,664961228,1253946826,599,False,10,10,10,0.0,44.0,0.19031719532554256,0.19031719532554256,0.19031719532554256
1062,177,../environments/random.12.csv,dist_only,1,-1,1,1,0,0,1,1,664961228,1347984585,100,False,3,3,3,0.0,7.0,0.23,0.23,0.23
1063,177,../environments/random.12.csv,dist_only,1,-1,1,1,0,0,1,1,664961228,1347984585,200,False,7,7,7,0.0,14.0,0.235,0.235,0.235
1064,177,../environments/random.12.csv,dist_only,1,-1,1,1,0,0,1,1,664961228,1347984585,300,False,12,12,12,0.0,21.0,0.23333333333333334,0.23333333333333334,0.23333333333333334
1065,177,../environments/random.12.csv,dist_only,1,-1,1,1,0,0,1,1,664961228,1347984585,400,False,12,12,12,0.0,28.0,0.225,0.225,0.225
1066,177,../environments/random.12.csv,dist_only,1,-1,1,1,0,0,1,1,664961228,1347984585,500,False,13,13,13,0.0,35.0,0.22,0.22,0.22
1067,177,../environments/random.12.csv,dist_only,1,-1,1,1,0,0,1,1,664961228,1347984585,599,False,16,16,16,0.0,43.0,0.21202003338898165,0.21202003338898165,0.21202003338898165
1068,178,../environments/random.12.csv,dist_only,1,-1,1,1,0,0,1,1,664961228,884777651,100,False,1,1,1,0.0,7.0,0.23,0.23,0.23
1069,178,../environments/random.12.csv,dist_only,1,-1,1,1,0,0,1,1,664961228,884777651,200,False,4,4,4,0.0,14.0,0.215,0.215,0.215
1070,178,../environments/random.12.csv,dist_only,1,-1,1,1,0,0,1,1,664961228,884777651,300,False,6,6,6,0.0,22.0,0.19666666666666666,0.19666666666666666,0.19666666666666666
1071,178,../environments/random.12.csv,dist_only,1,-1,1,1,0,0,1,1,664961228,884777651,400,False,10,10,10,0.0,29.0,0.195,0.195,0.195
1072,178,../environments/random.12.csv,dist_only,1,-1,1,1,0,0,1,1,664961228,884777651,500,False,12,12,12,0.0,37.0,0.184,0.184,0.184
1073,178,../environments/random.12.csv,dist_only,1,-1,1,1,0,0,1,1,664961228,884777651,599,False,15,15,15,0.0,44.0,0.17863105175292154,0.17863105175292154,0.17863105175292154
1074,179,../environments/random.12.csv,dist_only,1,-1,1,1,0,0,1,1,664961228,2299003041,100,False,0,0,0,0.0,7.0,0.19,0.19,0.19
1075,179,../environments/random.12.csv,dist_only,1,-1,1,1,0,0,1,1,664961228,2299003041,200,False,3,3,3,0.0,15.0,0.18,0.18,0.18
1076,179,../environments/random.12.csv,dist_only,1,-1,1,1,0,0,1,1,664961228,2299003041,300,False,4,4,4,0.0,21.0,0.20666666666666667,0.20666666666666667,0.20666666666666667
1077,179,../environments/random.12.csv,dist_only,1,-1,1,1,0,0,1,1,664961228,2299003041,400,False,7,7,7,0.0,29.0,0.205,0.205,0.205
1078,179,../environments/random.12.csv,dist_only,1,-1,1,1,0,0,1,1,664961228,2299003041,500,False,10,10,10,0.0,37.0,0.188,0.188,0.188
1079,179,../environments/random.12.csv,dist_only,1,-1,1,1,0,0,1,1,664961228,2299003041,599,False,12,12,12,0.0,44.0,0.18530884808013356,0.18530884808013356,0.18530884808013356
1080,180,../environments/random.12.csv,dist_only,1,-1,1,1,0,0,1,1,1177807013,3334515826,100,False,2,2,2,0.0,7.0,0.18,0.18,0.18
1081,180,../environments/random.12.csv,dist_only,1,-1,1,1,0,0,1,1,1177807013,3334515826,200,False,3,3,3,0.0,15.0,0.18,0.18,0.18
1082,180,../environments/random.12.csv,dist_only,1,-1,1,1,0,0,1,1,1177807013,3334515826,300,False,4,4,4,0.0,21.0,0.2,0.2,0.2
1083,180,../environments/random.12.csv,dist_only,1,-1,1,1,0,0,1,1,1177807013,3334515826,400,False,6,6,6,0.0,29.0,0.1875,0.1875,0.1875
1084,180,../environments/random.12.csv,dist_only,1,-1,1,1,0,0,1,1,1177807013,3334515826,500,False,7,7,7,0.0,36.0,0.198,0.198,0.198
1085,180,../environments/random.12.csv,dist_only,1,-1,1,1,0,0,1,1,1177807013,3334515826,599,False,8,8,8,0.0,43.0,0.21035058430717862,0.21035058430717862,0.21035058430717862
1086,181,../environments/random.12.csv,dist_only,1,-1,1,1,0,0,1,1,1177807013,262994761,100,False,3,3,3,0.0,7.0,0.16,0.16,0.16
1087,181,../environments/random.12.csv,dist_only,1,-1,1,1,0,0,1,1,1177807013,262994761,200,False,4,4,4,0.0,15.0,0.175,0.175,0.175
1088,181,../environments/random.12.csv,dist_only,1,-1,1,1,0,0,1,1,1177807013,262994761,300,False,6,6,6,0.0,22.0,0.18,0.18,0.18
1089,181,../environments/random.12.csv,dist_only,1,-1,1,1,0,0,1,1,1177807013,262994761,400,False,9,9,9,0.0,29.0,0.1825,0.1825,0.1825
1090,181,../environments/random.12.csv,dist_only,1,-1,1,1,0,0,1,1,1177807013,262994761,500,False,10,10,10,0.0,36.0,0.196,0.196,0.196
1091,181,../environments/random.12.csv,dist_only,1,-1,1,1,0,0,1,1,1177807013,262994761,599,False,10,10,10,0.0,44.0,0.19365609348914858,0.19365609348914858,0.19365609348914858
1092,182,../environments/random.12.csv,dist_only,1,-1,1,1,0,0,1,1,1177807013,3602806192,100,False,2,2,2,0.0,7.0,0.22,0.22,0.22
1093,182,../environments/random.12.csv,dist_only,1,-1,1,1,0,0,1,1,1177807013,3602806192,200,False,4,4,4,0.0,14.0,0.235,0.235,0.235
1094,182,../environments/random.12.csv,dist_only,1,-1,1,1,0,0,1,1,1177807013,3602806192,300,False,6,6,6,0.0,21.0,0.23,0.23,0.23
1095,182,../environments/random.12.csv,dist_only,1,-1,1,1,0,0,1,1,1177807013,3602806192,400,False,8,8,8,0.0,28.0,0.225,0.225,0.225
1096,182,../environments/random.12.csv,dist_only,1,-1,1,1,0,0,1,1,1177807013,3602806192,500,False,8,8,8,0.0,36.0,0.21,0.21,0.21
1097,182,../environments/random.12.csv,dist_only,1,-1,1,1,0,0,1,1,1177807013,3602806192,599,False,10,10,10,0.0,42.0,0.21869782971619364,0.21869782971619364,0.21869782971619364
1098,183,../environments/random.12.csv,dist_only,1,-1,1,1,0,0,1,1,1177807013,3437971635,100,False,2,2,2,0.0,7.0,0.2,0.2,0.2
1099,183,../environments/random.12.csv,dist_only,1,-1,1,1,0,0,1,1,1177807013,3437971635,200,False,3,3,3,0.0,14.0,0.195,0.195,0.195
1100,183,../environments/random.12.csv,dist_only,1,-1,1,1,0,0,1,1,1177807013,3437971635,300,False,4,4,4,0.0,22.0,0.18333333333333332,0.18333333333333332,0.18333333333333332
1101,183,../environments/random.12.csv,dist_only,1,-1,1,1,0,0,1,1,1177807013,3437971635,400,False,6,6,6,0.0,29.0,0.18,0.18,0.18
1102,183,../environments/random.12.csv,dist_only,1,-1,1,1,0,0,1,1,1177807013,3437971635,500,False,10,10,10,0.0,38.0,0.166,0.166,0.166
1103,183,../environments/random.12.csv,dist_only,1,-1,1,1,0,0,1,1,1177807013,3437971635,599,False,11,11,11,0.0,45.0,0.17195325542570952,0.17195325542570952,0.17195325542570952
1104,184,../environments/random.12.csv,dist_only,1,-1,1,1,0,0,1,1,1177807013,4010425793,100,False,6,6,6,0.0,8.0,0.13,0.13,0.13
1105,184,../environments/random.12.csv,dist_only,1,-1,1,1,0,0,1,1,1177807013,4010425793,200,False,8,8,8,0.0,15.0,0.165,0.165,0.165
1106,184,../environments/random.12.csv,dist_only,1,-1,1,1,0,0,1,1,1177807013,4010425793,300,False,9,9,9,0.0,22.0,0.17333333333333334,0.17333333333333334,0.17333333333333334
1107,184,../environments/random.12.csv,dist_only,1,-1,1,1,0,0,1,1,1177807013,4010425793,400,False,10,10,10,0.0,30.0,0.1775,0.1775,0.1775
1108,184,../environments/random.12.csv,dist_only,1,-1,1,1,0,0,1,1,1177807013,4010425793,500,False,12,12,12,0.0,37.0,0.18,0.18,0.18
1109,184,../environments/random.12.csv,dist_only,1,-1,1,1,0,0,1,1,1177807013,4010425793,599,False,15,15,15,0.0,45.0,0.17529215358931552,0.17529215358931552,0.17529215358931552
1110,185,../environments/random.12.csv,dist_only,1,-1,1,1,0,0,1,1,1177807013,2734561081,100,False,2,2,2,0.0,7.0,0.24,0.24,0.24
1111,185,../environments/random.12.csv,dist_only,1,-1,1,1,0,0,1,1,1177807013,2734561081,200,False,5,5,5,0.0,14.0,0.205,0.205,0.205
1112,185,../environments/random.12.csv,dist_only,1,-1,1,1,0,0,1,1,1177807013,2734561081,300,False,8,8,8,0.0,22.0,0.19666666666666666,0.19666666666666666,0.19666666666666666
1113,185,../environments/random.12.csv,dist_only,1,-1,1,1,0,0,1,1,1177807013,2734561081,400,False,10,10,10,0.0,29.0,0.205,0.205,0.205
1114,185,../environments/random.12.csv,dist_only,1,-1,1,1,0,0,1,1,1177807013,2734561081,500,False,12,12,12,0.0,35.0,0.218,0.218,0.218
1115,185,../environments/random.12.csv,dist_only,1,-1,1,1,0,0,1,1,1177807013,2734561081,599,False,14,14,14,0.0,43.0,0.20701168614357263,0.20701168614357263,0.20701168614357263
1116,186,../environments/random.12.csv,dist_only,1,-1,1,1,0,0,1,1,1177807013,1253946826,100,False,1,1,1,0.0,7.0,0.2,0.2,0.2
1117,186,../environments/random.12.csv,dist_only,1,-1,1,1,0,0,1,1,1177807013,1253946826,200,False,5,5,5,0.0,14.0,0.195,0.195,0.195
1118,186,../environments/random.12.csv,dist_only,1,-1,1,1,0,0,1,1,1177807013,1253946826,300,False,7,7,7,0.0,22.0,0.18666666666666668,0.18666666666666668,0.18666666666666668
1119,186,../environments/random.12.csv,dist_only,1,-1,1,1,0,0,1,1,1177807013,1253946826,400,False,8,8,8,0.0,29.0,0.18,0.18,0.18
1120,186,../environments/random.12.csv,dist_only,1,-1,1,1,0,0,1,1,1177807013,1253946826,500,False,10,10,10,0.0,37.0,0.188,0.188,0.188
1121,186,../environments/random.12.csv,dist_only,1,-1,1,1,0,0,1,1,1177807013,1253946826,599,False,13,13,13,0.0,44.0,0.17863105175292154,0.17863105175292154,0.17863105175292154
1122,187,../environments/random.12.csv,dist_only,1,-1,1,1,0,0,1,1,1177807013,1347984585,100,False,2,2,2,0.0,7.0,0.24,0.24,0.24
1123,187,../environments/random.12.csv,dist_only,1,-1,1,1,0,0,1,1,1177807013,1347984585,200,False,3,3,3,0.0,15.0,0.18,0.18,0.18
1124,187,../environments/random.12.csv,dist_only,1,-1,1,1,0,0,1,1,1177807013,1347984585,300,False,6,6,6,0.0,22.0,0.19666666666666666,0.19666666666666666,0.19666666666666666
1125,187,../environments/random.12.csv,dist_only,1,-1,1,1,0,0,1,1,1177807013,1347984585,400,False,9,9,9,0.0,29.0,0.205,0.205,0.205
1126,187,../environments/random.12.csv,dist_only,1,-1,1,1,0,0,1,1,1177807013,1347984585,500,False,11,11,11,0.0,36.0,0.21,0.21,0.21
1127,187,../environments/random.12.csv,dist_only,1,-1,1,1,0,0,1,1,1177807013,1347984585,599,False,12,12,12,0.0,43.0,0.21202003338898165,0.21202003338898165,0.21202003338898165
1128,188,../environments/random.12.csv,dist_only,1,-1,1,1,0,0,1,1,1177807013,884777651,100,False,2,2,2,0.0,7.0,0.19,0.19,0.19
1129,188,../environments/random.12.csv,dist_only,1,-1,1,1,0,0,1,1,1177807013,884777651,200,False,7,7,7,0.0,14.0,0.19,0.19,0.19
1130,188,../environments/random.12.csv,dist_only,1,-1,1,1,0,0,1,1,1177807013,884777651,300,False,9,9,9,0.0,22.0,0.18666666666666668,0.18666666666666668,0.18666666666666668
1131,188,../environments/random.12.csv,dist_only,1,-1,1,1,0,0,1,1,1177807013,884777651,400,False,11,11,11,0.0,29.0,0.195,0.195,0.195
1132,188,../environments/random.12.csv,dist_only,1,-1,1,1,0,0,1,1,1177807013,884777651,500,False,12,12,12,0.0,36.0,0.19,0.19,0.19
1133,188,../environments/random.12.csv,dist_only,1,-1,1,1,0,0,1,1,1177807013,884777651,599,False,13,13,13,0.0,44.0,0.19365609348914858,0.19365609348914858,0.19365609348914858
1134,189,../environments/random.12.csv,dist_only,1,-1,1,1,0,0,1,1,1177807013,2299003041,100,False,2,2,2,0.0,7.0,0.24,0.24,0.24
1135,189,../environments/random.12.csv,dist_only,1,-1,1,1,0,0,1,1,1177807013,2299003041,200,False,4,4,4,0.0,14.0,0.195,0.195,0.195
1136,189,../environments/random.12.csv,dist_only,1,-1,1,1,0,0,1,1,1177807013,2299003041,300,False,4,4,4,0.0,21.0,0.2,0.2,0.2
1137,189,../environments/random.12.csv,dist_only,1,-1,1,1,0,0,1,1,1177807013,2299003041,400,False,6,6,6,0.0,29.0,0.205,0.205,0.205
1138,189,../environments/random.12.csv,dist_only,1,-1,1,1,0,0,1,1,1177807013,2299003041,500,False,10,10,10,0.0,36.0,0.204,0.204,0.204
1139,189,../environments/random.12.csv,dist_only,1,-1,1,1,0,0,1,1,1177807013,2299003041,599,False,11,11,11,0.0,43.0,0.21202003338898165,0.21202003338898165,0.21202003338898165
1140,190,../environments/random.12.csv,dist_only,1,-1,1,1,0,0,1,1,2622444117,3334515826,100,False,2,2,2,0.0,7.0,0.21,0.21,0.21
1141,190,../environments/random.12.csv,dist_only,1,-1,1,1,0,0,1,1,2622444117,3334515826,200,False,4,4,4,0.0,14.0,0.21,0.21,0.21
1142,190,../environments/random.12.csv,dist_only,1,-1,1,1,0,0,1,1,2622444117,3334515826,300,False,6,6,6,0.0,21.0,0.2,0.2,0.2
1143,190,../environments/random.12.csv,dist_only,1,-1,1,1,0,0,1,1,2622444117,3334515826,400,False,7,7,7,0.0,29.0,0.19,0.19,0.19
1144,190,../environments/random.12.csv,dist_only,1,-1,1,1,0,0,1,1,2622444117,3334515826,500,False,11,11,11,0.0,36.0,0.202,0.202,0.202
1145,190,../environments/random.12.csv,dist_only,1,-1,1,1,0,0,1,1,2622444117,3334515826,599,False,13,13,13,0.0,43.0,0.2020033388981636,0.2020033388981636,0.2020033388981636
1146,191,../environments/random.12.csv,dist_only,1,-1,1,1,0,0,1,1,2622444117,262994761,100,False,1,1,1,0.0,7.0,0.17,0.17,0.17
1147,191,../environments/random.12.csv,dist_only,1,-1,1,1,0,0,1,1,2622444117,262994761,200,False,5,5,5,0.0,15.0,0.17,0.17,0.17
1148,191,../environments/random.12.csv,dist_only,1,-1,1,1,0,0,1,1,2622444117,262994761,300,False,7,7,7,0.0,22.0,0.16666666666666666,0.16666666666666666,0.16666666666666666
1149,191,../environments/random.12.csv,dist_only,1,-1,1,1,0,0,1,1,2622444117,262994761,400,False,10,10,10,0.0,29.0,0.185,0.185,0.185
1150,191,../environments/random.12.csv,dist_only,1,-1,1,1,0,0,1,1,2622444117,262994761,500,False,12,12,12,0.0,36.0,0.202,0.202,0.202
1151,191,../environments/random.12.csv,dist_only,1,-1,1,1,0,0,1,1,2622444117,262994761,599,False,13,13,13,0.0,43.0,0.2003338898163606,0.2003338898163606,0.2003338898163606
1152,192,../environments/random.12.csv,dist_only,1,-1,1,1,0,0,1,1,2622444117,3602806192,100,False,2,2,2,0.0,7.0,0.17,0.17,0.17
1153,192,../environments/random.12.csv,dist_only,1,-1,1,1,0,0,1,1,2622444117,3602806192,200,False,3,3,3,0.0,14.0,0.185,0.185,0.185
1154,192,../environments/random.12.csv,dist_only,1,-1,1,1,0,0,1,1,2622444117,3602806192,300,False,4,4,4,0.0,22.0,0.18,0.18,0.18
1155,192,../environments/random.12.csv,dist_only,1,-1,1,1,0,0,1,1,2622444117,3602806192,400,False,5,5,5,0.0,30.0,0.1775,0.1775,0.1775
1156,192,../environments/random.12.csv,dist_only,1,-1,1,1,0,0,1,1,2622444117,3602806192,500,False,6,6,6,0.0,37.0,0.176,0.176,0.176
1157,192,../environments/random.12.csv,dist_only,1,-1,1,1,0,0,1,1,2622444117,3602806192,599,False,8,8,8,0.0,45.0,0.17529215358931552,0.17529215358931552,0.17529215358931552
1158,193,../environments/random.12.csv,dist_only,1,-1,1,1,0,0,1,1,2622444117,3437971635,100,False,1,1,1,0.0,7.0,0.2,0.2,0.2
1159,193,../environments/random.12.csv,dist_only,1,-1,1,1,0,0,1,1,2622444117,3437971635,200,False,5,5,5,0.0,14.0,0.21,0.21,0.21
1160,193,../environments/random.12.csv,dist_only,1,-1,1,1,0,0,1,1,2622444117,3437971635,300,False,6,6,6,0.0,22.0,0.19666666666666666,0.19666666666666666,0.19666666666666666
1161,193,../environments/random.12.csv,dist_only,1,-1,1,1,0,0,1,1,2622444117,3437971635,400,False,10,10,10,0.0,29.0,0.1925,0.1925,0.1925
1162,193,../environments/random.12.csv,dist_only,1,-1,1,1,0,0,1,1,2622444117,3437971635,500,False,10,10,10,0.0,37.0,0.188,0.188,0.188
1163,193,../environments/random.12.csv,dist_only,1,-1,1,1,0,0,1,1,2622444117,3437971635,599,False,11,11,11,0.0,44.0,0.18530884808013356,0.18530884808013356,0.18530884808013356
1164,194,../environments/random.12.csv,dist_only,1,-1,1,1,0,0,1,1,2622444117,4010425793,100,False,1,1,1,0.0,7.0,0.14,0.14,0.14
1165,194,../environments/random.12.csv,dist_only,1,-1,1,1,0,0,1,1,2622444117,4010425793,200,False,2,2,2,0.0,15.0,0.175,0.175,0.175
1166,194,../environments/random.12.csv,dist_only,1,-1,1,1,0,0,1,1,2622444117,4010425793,300,False,5,5,5,0.0,22.0,0.19,0.19,0.19
1167,194,../environments/random.12.csv,dist_only,1,-1,1,1,0,0,1,1,2622444117,4010425793,400,False,8,8,8,0.0,29.0,0.1875,0.1875,0.1875
1168,194,../environments/random.12.csv,dist_only,1,-1,1,1,0,0,1,1,2622444117,4010425793,500,False,9,9,9,0.0,36.0,0.192,0.192,0.192
1169,194,../environments/random.12.csv,dist_only,1,-1,1,1,0,0,1,1,2622444117,4010425793,599,False,9,9,9,0.0,43.0,0.19699499165275458,0.19699499165275458,0.19699499165275458
1170,195,../environments/random.12.csv,dist_only,1,-1,1,1,0,0,1,1,2622444117,2734561081,100,False,0,0,0,0.0,7.0,0.22,0.22,0.22
1171,195,../environments/random.12.csv,dist_only,1,-1,1,1,0,0,1,1,2622444117,2734561081,200,False,2,2,2,0.0,15.0,0.18,0.18,0.18
1172,195,../environments/random.12.csv,dist_only,1,-1,1,1,0,0,1,1,2622444117,2734561081,300,False,4,4,4,0.0,22.0,0.19,0.19,0.19
1173,195,../environments/random.12.csv,dist_only,1,-1,1,1,0,0,1,1,2622444117,2734561081,400,False,5,5,5,0.0,29.0,0.1925,0.1925,0.1925
1174,195,../environments/random.12.csv,dist_only,1,-1,1,1,0,0,1,1,2622444117,2734561081,500,False,6,6,6,0.0,37.0,0.188,0.188,0.188
1175,195,../environments/random.12.csv,dist_only,1,-1,1,1,0,0,1,1,2622444117,2734561081,599,False,9,9,9,0.0,44.0,0.19198664440734559,0.19198664440734559,0.19198664440734559
1176,196,../environments/random.12.csv,dist_only,1,-1,1,1,0,0,1,1,2622444117,1253946826,100,False,2,2,2,0.0,7.0,0.14,0.14,0.14
1177,196,../environments/random.12.csv,dist_only,1,-1,1,1,0,0,1,1,2622444117,1253946826,200,False,5,5,5,0.0,14.0,0.195,0.195,0.195
1178,196,../environments/random.12.csv,dist_only,1,-1,1,1,0,0,1,1,2622444117,1253946826,300,False,8,8,8,0.0,22.0,0.19666666666666666,0.19666666666666666,0.19666666666666666
1179,196,../environments/random.12.csv,dist_only,1,-1,1,1,0,0,1,1,2622444117,1253946826,400,False,8,8,8,0.0,29.0,0.18,0.18,0.18
1180,196,../environments/random.12.csv,dist_only,1,-1,1,1,0,0,1,1,2622444117,1253946826,500,False,12,12,12,0.0,37.0,0.184,0.184,0.184
1181,196,../environments/random.12.csv,dist_only,1,-1,1,1,0,0,1,1,2622444117,1253946826,599,False,14,14,14,0.0,44.0,0.19198664440734559,0.19198664440734559,0.19198664440734559
1182,197,../environments/random.12.csv,dist_only,1,-1,1,1,0,0,1,1,2622444117,1347984585,100,False,2,2,2,0.0,7.0,0.24,0.24,0.24
1183,197,../environments/random.12.csv,dist_only,1,-1,1,1,0,0,1,1,2622444117,1347984585,200,False,4,4,4,0.0,14.0,0.205,0.205,0.205
1184,197,../environments/random.12.csv,dist_only,1,-1,1,1,0,0,1,1,2622444117,1347984585,300,False,5,5,5,0.0,21.0,0.20666666666666667,0.20666666666666667,0.20666666666666667
1185,197,../environments/random.12.csv,dist_only,1,-1,1,1,0,0,1,1,2622444117,1347984585,400,False,6,6,6,0.0,29.0,0.205,0.205,0.205
1186,197,../environments/random.12.csv,dist_only,1,-1,1,1,0,0,1,1,2622444117,1347984585,500,False,7,7,7,0.0,36.0,0.204,0.204,0.204
1187,197,../environments/random.12.csv,dist_only,1,-1,1,1,0,0,1,1,2622444117,1347984585,599,False,9,9,9,0.0,43.0,0.20701168614357263,0.20701168614357263,0.20701168614357263
1188,198,../environments/random.12.csv,dist_only,1,-1,1,1,0,0,1,1,2622444117,884777651,100,False,1,1,1,0.0,6.0,0.25,0.25,0.25
1189,198,../environments/random.12.csv,dist_only,1,-1,1,1,0,0,1,1,2622444117,884777651,200,False,5,5,5,0.0,14.0,0.225,0.225,0.225
1190,198,../environments/random.12.csv,dist_only,1,-1,1,1,0,0,1,1,2622444117,884777651,300,False,9,9,9,0.0,21.0,0.21333333333333335,0.21333333333333335,0.21333333333333335
1191,198,../environments/random.12.csv,dist_only,1,-1,1,1,0,0,1,1,2622444117,884777651,400,False,11,11,11,0.0,29.0,0.2,0.2,0.2
1192,198,../environments/random.12.csv,dist_only,1,-1,1,1,0,0,1,1,2622444117,884777651,500,False,11,11,11,0.0,36.0,0.19,0.19,0.19
1193,198,../environments/random.12.csv,dist_only,1,-1,1,1,0,0,1,1,2622444117,884777651,599,False,15,15,15,0.0,44.0,0.19365609348914858,0.19365609348914858,0.19365609348914858
1194,199,../environments/random.12.csv,dist_only,1,-1,1,1,0,0,1,1,2622444117,2299003041,100,False,0,0,0,0.0,7.0,0.24,0.24,0.24
1195,199,../environments/random.12.csv,dist_only,1,-1,1,1,0,0,1,1,2622444117,2299003041,200,False,3,3,3,0.0,15.0,0.18,0.18,0.18
1196,199,../environments/random.12.csv,dist_only,1,-1,1,1,0,0,1,1,2622444117,2299003041,300,False,6,6,6,0.0,22.0,0.19666666666666666,0.19666666666666666,0.19666666666666666
1197,199,../environments/random.12.csv,dist_only,1,-1,1,1,0,0,1,1,2622444117,2299003041,400,False,8,8,8,0.0,29.0,0.18,0.18,0.18
1198,199,../environments/random.12.csv,dist_only,1,-1,1,1,0,0,1,1,2622444117,2299003041,500,False,9,9,9,0.0,37.0,0.182,0.182,0.182
1199,199,../environments/random.12.csv,dist_only,1,-1,1,1,0,0,1,1,2622444117,2299003041,599,False,10,10,10,0.0,43.0,0.1986644407345576,0.1986644407345576,0.1986644407345576
1200,200,../environments/smooth.17.csv,dist_only_social_success,1,-1,1,1,0,1,1,1,2271760180,3334515826,100,False,0,0,0,0.0,7.0,0.17,0.17,0.17
1201,200,../environments/smooth.17.csv,dist_only_social_success,1,-1,1,1,0,1,1,1,2271760180,3334515826,200,False,2,2,2,0.0,15.0,0.18,0.18,0.18
1202,200,../environments/smooth.17.csv,dist_only_social_success,1,-1,1,1,0,1,1,1,2271760180,3334515826,300,False,3,3,3,0.0,22.0,0.19666666666666666,0.19666666666666666,0.19666666666666666
1203,200,../environments/smooth.17.csv,dist_only_social_success,1,-1,1,1,0,1,1,1,2271760180,3334515826,400,False,7,7,7,0.0,29.0,0.195,0.195,0.195
1204,200,../environments/smooth.17.csv,dist_only_social_success,1,-1,1,1,0,1,1,1,2271760180,3334515826,500,False,10,10,10,0.0,36.0,0.2,0.2,0.2
1205,200,../environments/smooth.17.csv,dist_only_social_success,1,-1,1,1,0,1,1,1,2271760180,3334515826,599,False,13,13,13,0.0,43.0,0.2003338898163606,0.2003338898163606,0.2003338898163606
1206,201,../environments/smooth.17.csv,dist_only_social_success,1,-1,1,1,0,1,1,1,2271760180,262994761,100,False,6,6,6,0.0,7.0,0.18,0.18,0.18
1207,201,../environments/smooth.17.csv,dist_only_social_success,1,-1,1,1,0,1,1,1,2271760180,262994761,200,False,7,7,7,0.0,15.0,0.18,0.18,0.18
1208,201,../environments/smooth.17.csv,dist_only_social_success,1,-1,1,1,0,1,1,1,2271760180,262994761,300,False,9,9,9,0.0,22.0,0.19666666666666666,0.19666666666666666,0.19666666666666666
1209,201,../environments/smooth.17.csv,dist_only_social_success,1,-1,1,1,0,1,1,1,2271760180,262994761,400,False,11,11,11,0.0,28.0,0.2225,0.2225,0.2225
1210,201,../environments/smooth.17.csv,dist_only_social_success,1,-1,1,1,0,1,1,1,2271760180,262994761,500,False,14,14,14,0.0,36.0,0.21,0.21,0.21
1211,201,../environments/smooth.17.csv,dist_only_social_success,1,-1,1,1,0,1,1,1,2271760180,262994761,599,False,18,18,18,0.0,43.0,0.21035058430717862,0.21035058430717862,0.21035058430717862
1212,202,../environments/smooth.17.csv,dist_only_social_success,1,-1,1,1,0,1,1,1,2271760180,3602806192,100,False,1,1,1,0.0,7.0,0.21,0.21,0.21
1213,202,../environments/smooth.17.csv,dist_only_social_success,1,-1,1,1,0,1,1,1,2271760180,3602806192,200,False,4,4,4,0.0,14.0,0.23,0.23,0.23
1214,202,../environments/smooth.17.csv,dist_only_social_success,1,-1,1,1,0,1,1,1,2271760180,3602806192,300,False,6,6,6,0.0,21.0,0.21,0.21,0.21
1215,202,../environments/smooth.17.csv,dist_only_social_success,1,-1,1,1,0,1,1,1,2271760180,3602806192,400,False,13,13,13,0.0,29.0,0.1925,0.1925,0.1925
1216,202,../environments/smooth.17.csv,dist_only_social_success,1,-1,1,1,0,1,1,1,2271760180,3602806192,500,False,13,13,13,0.0,37.0,0.188,0.188,0.188
1217,202,../environments/smooth.17.csv,dist_only_social_success,1,-1,1,1,0,1,1,1,2271760180,3602806192,599,False,13,13,13,0.0,44.0,0.19198664440734559,0.19198664440734559,0.19198664440734559
1218,203,../environments/smooth.17.csv,dist_only_social_success,1,-1,1,1,0,1,1,1,2271760180,3437971635,100,False,0,0,0,0.0,7.0,0.2,0.2,0.2
1219,203,../environments/smooth.17.csv,dist_only_social_success,1,-1,1,1,0,1,1,1,2271760180,3437971635,200,False,1,1,1,0.0,14.0,0.205,0.205,0.205
1220,203,../environments/smooth.17.csv,dist_only_social_success,1,-1,1,1,0,1,1,1,2271760180,3437971635,300,False,1,1,1,0.0,22.0,0.19666666666666666,0.19666666666666666,0.19666666666666666
1221,203,../environments/smooth.17.csv,dist_only_social_success,1,-1,1,1,0,1,1,1,2271760180,3437971635,400,False,1,1,1,0.0,29.0,0.205,0.205,0.205
1222,203,../environments/smooth.17.csv,dist_only_social_success,1,-1,1,1,0,1,1,1,2271760180,3437971635,500,False,3,3,3,0.0,36.0,0.202,0.202,0.202
1223,203,../environments/smooth.17.csv,dist_only_social_success,1,-1,1,1,0,1,1,1,2271760180,3437971635,599,False,9,9,9,0.0,44.0,0.19365609348914858,0.19365609348914858,0.19365609348914858
1224,204,../environments/smooth.17.csv,dist_only_social_success,1,-1,1,1,0,1,1,1,2271760180,4010425793,100,False,2,2,2,0.0,7.0,0.14,0.14,0.14
1225,204,../environments/smooth.17.csv,dist_only_social_success,1,-1,1,1,0,1,1,1,2271760180,4010425793,200,False,2,2,2,0.0,15.0,0.175,0.175,0.175
1226,204,../environments/smooth.17.csv,dist_only_social_success,1,-1,1,1,0,1,1,1,2271760180,4010425793,300,False,6,6,6,0.0,22.0,0.18333333333333332,0.18333333333333332,0.18333333333333332
1227,204,../environments/smooth.17.csv,dist_only_social_success,1,-1,1,1,0,1,1,1,2271760180,4010425793,400,False,10,10,10,0.0,30.0,0.1775,0.1775,0.1775
1228,204,../environments/smooth.17.csv,dist_only_social_success,1,-1,1,1,0,1,1,1,2271760180,4010425793,500,False,12,12,12,0.0,37.0,0.188,0.188,0.188
1229,204,../environments/smooth.17.csv,dist_only_social_success,1,-1,1,1,0,1,1,1,2271760180,4010425793,599,False,12,12,12,0.0,44.0,0.18530884808013356,0.18530884808013356,0.18530884808013356
1230,205,../environments/smooth.17.csv,dist_only_social_success,1,-1,1,1,0,1,1,1,2271760180,2734561081,100,False,1,1,1,0.0,7.0,0.23,0.23,0.23
1231,205,../environments/smooth.17.csv,dist_only_social_success,1,-1,1,1,0,1,1,1,2271760180,2734561081,200,False,3,3,3,0.0,14.0,0.225,0.225,0.225
1232,205,../environments/smooth.17.csv,dist_only_social_success,1,-1,1,1,0,1,1,1,2271760180,2734561081,300,False,6,6,6,0.0,21.0,0.2,0.2,0.2
1233,205,../environments/smooth.17.csv,dist_only_social_success,1,-1,1,1,0,1,1,1,2271760180,2734561081,400,False,8,8,8,0.0,29.0,0.205,0.205,0.205
1234,205,../environments/smooth.17.csv,dist_only_social_success,1,-1,1,1,0,1,1,1,2271760180,2734561081,500,False,11,11,11,0.0,36.0,0.198,0.198,0.198
1235,205,../environments/smooth.17.csv,dist_only_social_success,1,-1,1,1,0,1,1,1,2271760180,2734561081,599,False,15,15,15,0.0,44.0,0.18697829716193656,0.18697829716193656,0.18697829716193656
1236,206,../environments/smooth.17.csv,dist_only_social_success,1,-1,1,1,0,1,1,1,2271760180,1253946826,100,False,1,1,1,0.0,7.0,0.17,0.17,0.17
1237,206,../environments/smooth.17.csv,dist_only_social_success,1,-1,1,1,0,1,1,1,2271760180,1253946826,200,False,2,2,2,0.0,14.0,0.2,0.2,0.2
1238,206,../environments/smooth.17.csv,dist_only_social_success,1,-1,1,1,0,1,1,1,2271760180,1253946826,300,False,4,4,4,0.0,21.0,0.20333333333333334,0.20333333333333334,0.20333333333333334
1239,206,../environments/smooth.17.csv,dist_only_social_success,1,-1,1,1,0,1,1,1,2271760180,1253946826,400,False,10,10,10,0.0,29.0,0.1875,0.1875,0.1875
1240,206,../environments/smooth.17.csv,dist_only_social_success,1,-1,1,1,0,1,1,1,2271760180,1253946826,500,False,14,14,14,0.0,36.0,0.194,0.194,0.194
1241,206,../environments/smooth.17.csv,dist_only_social_success,1,-1,1,1,0,1,1,1,2271760180,1253946826,599,False,15,15,15,0.0,43.0,0.2003338898163606,0.2003338898163606,0.2003338898163606
1242,207,../environments/smooth.17.csv,dist_only_social_success,1,-1,1,1,0,1,1,1,2271760180,1347984585,100,False,1,1,1,0.0,6.0,0.26,0.26,0.26
1243,207,../environments/smooth.17.csv,dist_only_social_success,1,-1,1,1,0,1,1,1,2271760180,1347984585,200,False,6,6,6,0.0,13.0,0.245,0.245,0.245
1244,207,../environments/smooth.17.csv,dist_only_social_success,1,-1,1,1,0,1,1,1,2271760180,1347984585,300,False,9,9,9,0.0,21.0,0.23333333333333334,0.23333333333333334,0.23333333333333334
1245,207,../environments/smooth.17.csv,dist_only_social_success,1,-1,1,1,0,1,1,1,2271760180,1347984585,400,False,13,13,13,0.0,28.0,0.2325,0.2325,0.2325
1246,207,../environments/smooth.17.csv,dist_only_social_success,1,-1,1,1,0,1,1,1,2271760180,1347984585,500,False,16,16,16,0.0,35.0,0.222,0.222,0.222
1247,207,../environments/smooth.17.csv,dist_only_social_success,1,-1,1,1,0,1,1,1,2271760180,1347984585,599,False,19,19,19,0.0,42.0,0.21535893155258765,0.21535893155258765,0.21535893155258765
1248,208,../environments/smooth.17.csv,dist_only_social_success,1,-1,1,1,0,1,1,1,2271760180,884777651,100,False,2,2,2,0.0,7.0,0.19,0.19,0.19
1249,208,../environments/smooth.17.csv,dist_only_social_success,1,-1,1,1,0,1,1,1,2271760180,884777651,200,False,3,3,3,0.0,15.0,0.17,0.17,0.17
1250,208,../environments/smooth.17.csv,dist_only_social_success,1,-1,1,1,0,1,1,1,2271760180,884777651,300,False,4,4,4,0.0,22.0,0.17,0.17,0.17
1251,208,../environments/smooth.17.csv,dist_only_social_success,1,-1,1,1,0,1,1,1,2271760180,884777651,400,False,8,8,8,0.0,30.0,0.1775,0.1775,0.1775
1252,208,../environments/smooth.17.csv,dist_only_social_success,1,-1,1,1,0,1,1,1,2271760180,884777651,500,False,10,10,10,0.0,37.0,0.172,0.172,0.172
1253,208,../environments/smooth.17.csv,dist_only_social_success,1,-1,1,1,0,1,1,1,2271760180,884777651,599,False,12,12,12,0.0,45.0,0.17362270450751252,0.17362270450751252,0.17362270450751252
1254,209,../environments/smooth.17.csv,dist_only_social_success,1,-1,1,1,0,1,1,1,2271760180,2299003041,100,False,1,1,1,0.0,7.0,0.17,0.17,0.17
1255,209,../environments/smooth.17.csv,dist_only_social_success,1,-1,1,1,0,1,1,1,2271760180,2299003041,200,False,5,5,5,0.0,15.0,0.175,0.175,0.175
1256,209,../environments/smooth.17.csv,dist_only_social_success,1,-1,1,1,0,1,1,1,2271760180,2299003041,300,False,6,6,6,0.0,22.0,0.17666666666666667,0.17666666666666667,0.17666666666666667
1257,209,../environments/smooth.17.csv,dist_only_social_success,1,-1,1,1,0,1,1,1,2271760180,2299003041,400,False,7,7,7,0.0,30.0,0.17,0.17,0.17
1258,209,../environments/smooth.17.csv,dist_only_social_success,1,-1,1,1,0,1,1,1,2271760180,2299003041,500,False,8,8,8,0.0,38.0,0.166,0.166,0.166
1259,209,../environments/smooth.17.csv,dist_only_social_success,1,-1,1,1,0,1,1,1,2271760180,2299003041,599,False,9,9,9,0.0,44.0,0.17696160267111852,0.17696160267111852,0.17696160267111852
1260,210,../environments/smooth.17.csv,dist_only_social_success,1,-1,1,1,0,1,1,1,2515763587,3334515826,100,False,3,3,3,0.0,7.0,0.2,0.2,0.2
1261,210,../environments/smooth.17.csv,dist_only_social_success,1,-1,1,1,0,1,1,1,2515763587,3334515826,200,False,6,6,6,0.0,15.0,0.18,0.18,0.18
1262,210,../environments/smooth.17.csv,dist_only_social_success,1,-1,1,1,0,1,1,1,2515763587,3334515826,300,False,9,9,9,0.0,22.0,0.18666666666666668,0.18666666666666668,0.18666666666666668
1263,210,../environments/smooth.17.csv,dist_only_social_success,1,-1,1,1,0,1,1,1,2515763587,3334515826,400,False,11,11,11,0.0,30.0,0.1775,0.1775,0.1775
1264,210,../environments/smooth.17.csv,dist_only_social_success,1,-1,1,1,0,1,1,1,2515763587,3334515826,500,False,11,11,11,0.0,36.0,0.194,0.194,0.194
1265,210,../environments/smooth.17.csv,dist_only_social_success,1,-1,1,1,0,1,1,1,2515763587,3334515826,599,False,12,12,12,0.0,43.0,0.19699499165275458,0.19699499165275458,0.19699499165275458
1266,211,../environments/smooth.17.csv,dist_only_social_success,1,-1,1,1,0,1,1,1,2515763587,262994761,100,False,2,2,2,0.0,7.0,0.15,0.15,0.15
1267,211,../environments/smooth.17.csv,dist_only_social_success,1,-1,1,1,0,1,1,1,2515763587,262994761,200,False,4,4,4,0.0,15.0,0.165,0.165,0.165
1268,211,../environments/smooth.17.csv,dist_only_social_success,1,-1,1,1,0,1,1,1,2515763587,262994761,300,False,6,6,6,0.0,22.0,0.17666666666666667,0.17666666666666667,0.17666666666666667
1269,211,../environments/smooth.17.csv,dist_only_social_success,1,-1,1,1,0,1,1,1,2515763587,262994761,400,False,9,9,9,0.0,29.0,0.18,0.18,0.18
1270,211,../environments/smooth.17.csv,dist_only_social_success,1,-1,1,1,0,1,1,1,2515763587,262994761,500,False,13,13,13,0.0,37.0,0.182,0.182,0.182
1271,211,../environments/smooth.17.csv,dist_only_social_success,1,-1,1,1,0,1,1,1,2515763587,262994761,599,False,14,14,14,0.0,44.0,0.18030050083472454,0.18030050083472454,0.18030050083472454
1272,212,../environments/smooth.17.csv,dist_only_social_success,1,-1,1,1,0,1,1,1,2515763587,3602806192,100,False,0,0,0,0.0,7.0,0.19,0.19,0.19
1273,212,../environments/smooth.17.csv,dist_only_social_success,1,-1,1,1,0,1,1,1,2515763587,3602806192,200,False,4,4,4,0.0,14.0,0.235,0.235,0.235
1274,212,../environments/smooth.17.csv,dist_only_social_success,1,-1,1,1,0,1,1,1,2515763587,3602806192,300,False,6,6,6,0.0,20.0,0.23666666666666666,0.23666666666666666,0.23666666666666666
1275,212,../environments/smooth.17.csv,dist_only_social_success,1,-1,1,1,0,1,1,1,2515763587,3602806192,400,False,7,7,7,0.0,28.0,0.225,0.225,0.225
1276,212,../environments/smooth.17.csv,dist_only_social_success,1,-1,1,1,0,1,1,1,2515763587,3602806192,500,False,15,15,15,0.0,36.0,0.21,0.21,0.21
1277,212,../environments/smooth.17.csv,dist_only_social_success,1,-1,1,1,0,1,1,1,2515763587,3602806192,599,False,19,19,19,0.0,43.0,0.20868113522537562,0.20868113522537562,0.20868113522537562
1278,213,../environments/smooth.17.csv,dist_only_social_success,1,-1,1,1,0,1,1,1,2515763587,3437971635,100,False,1,1,1,0.0,7.0,0.2,0.2,0.2
1279,213,../environments/smooth.17.csv,dist_only_social_success,1,-1,1,1,0,1,1,1,2515763587,3437971635,200,False,1,1,1,0.0,14.0,0.185,0.185,0.185
1280,213,../environments/smooth.17.csv,dist_only_social_success,1,-1,1,1,0,1,1,1,2515763587,3437971635,300,False,4,4,4,0.0,22.0,0.19,0.19,0.19
1281,213,../environments/smooth.17.csv,dist_only_social_success,1,-1,1,1,0,1,1,1,2515763587,3437971635,400,False,10,10,10,0.0,30.0,0.1775,0.1775,0.1775
1282,213,../environments/smooth.17.csv,dist_only_social_success,1,-1,1,1,0,1,1,1,2515763587,3437971635,500,False,12,12,12,0.0,37.0,0.174,0.174,0.174
1283,213,../environments/smooth.17.csv,dist_only_social_success,1,-1,1,1,0,1,1,1,2515763587,3437971635,599,False,15,15,15,0.0,45.0,0.17529215358931552,0.17529215358931552,0.17529215358931552
1284,214,../environments/smooth.17.csv,dist_only_social_success,1,-1,1,1,0,1,1,1,2515763587,4010425793,100,False,5,5,5,0.0,7.0,0.18,0.18,0.18
1285,214,../environments/smooth.17.csv,dist_only_social_success,1,-1,1,1,0,1,1,1,2515763587,4010425793,200,False,7,7,7,0.0,14.0,0.19,0.19,0.19
1286,214,../environments/smooth.17.csv,dist_only_social_success,1,-1,1,1,0,1,1,1,2515763587,4010425793,300,False,9,9,9,0.0,22.0,0.18666666666666668,0.18666666666666668,0.18666666666666668
1287,214,../environments/smooth.17.csv,dist_only_social_success,1,-1,1,1,0,1,1,1,2515763587,4010425793,400,False,11,11,11,0.0,30.0,0.1775,0.1775,0.1775
1288,214,../environments/smooth.17.csv,dist_only_social_success,1,-1,1,1,0,1,1,1,2515763587,4010425793,500,False,13,13,13,0.0,37.0,0.188,0.188,0.188
1289,214,../environments/smooth.17.csv,dist_only_social_success,1,-1,1,1,0,1,1,1,2515763587,4010425793,599,False,19,19,19,0.0,44.0,0.19365609348914858,0.19365609348914858,0.19365609348914858
1290,215,../environments/smooth.17.csv,dist_only_social_success,1,-1,1,1,0,1,1,1,2515763587,2734561081,100,False,1,1,1,0.0,7.0,0.21,0.21,0.21
1291,215,../environments/smooth.17.csv,dist_only_social_success,1,-1,1,1,0,1,1,1,2515763587,2734561081,200,False,5,5,5,0.0,15.0,0.18,0.18,0.18
1292,215,../environments/smooth.17.csv,dist_only_social_success,1,-1,1,1,0,1,1,1,2515763587,2734561081,300,False,7,7,7,0.0,22.0,0.18666666666666668,0.18666666666666668,0.18666666666666668
1293,215,../environments/smooth.17.csv,dist_only_social_success,1,-1,1,1,0,1,1,1,2515763587,2734561081,400,False,10,10,10,0.0,29.0,0.195,0.195,0.195
1294,215,../environments/smooth.17.csv,dist_only_social_success,1,-1,1,1,0,1,1,1,2515763587,2734561081,500,False,10,10,10,0.0,36.0,0.194,0.194,0.194
1295,215,../environments/smooth.17.csv,dist_only_social_success,1,-1,1,1,0,1,1,1,2515763587,2734561081,599,False,12,12,12,0.0,44.0,0.19365609348914858,0.19365609348914858,0.19365609348914858
1296,216,../environments/smooth.17.csv,dist_only_social_success,1,-1,1,1,0,1,1,1,2515763587,1253946826,100,False,4,4,4,0.0,7.0,0.19,0.19,0.19
1297,216,../environments/smooth.17.csv,dist_only_social_success,1,-1,1,1,0,1,1,1,2515763587,1253946826,200,False,6,6,6,0.0,14.0,0.205,0.205,0.205
1298,216,../environments/smooth.17.csv,dist_only_social_success,1,-1,1,1,0,1,1,1,2515763587,1253946826,300,False,7,7,7,0.0,21.0,0.21333333333333335,0.21333333333333335,0.21333333333333335
1299,216,../environments/smooth.17.csv,dist_only_social_success,1,-1,1,1,0,1,1,1,2515763587,1253946826,400,False,10,10,10,0.0,29.0,0.1975,0.1975,0.1975
1300,216,../environments/smooth.17.csv,dist_only_social_success,1,-1,1,1,0,1,1,1,2515763587,1253946826,500,False,13,13,13,0.0,37.0,0.188,0.188,0.188
1301,216,../environments/smooth.17.csv,dist_only_social_success,1,-1,1,1,0,1,1,1,2515763587,1253946826,599,False,14,14,14,0.0,44.0,0.19365609348914858,0.19365609348914858,0.19365609348914858
1302,217,../environments/smooth.17.csv,dist_only_social_success,1,-1,1,1,0,1,1,1,2515763587,1347984585,100,False,0,0,0,0.0,7.0,0.23,0.23,0.23
1303,217,../environments/smooth.17.csv,dist_only_social_success,1,-1,1,1,0,1,1,1,2515763587,1347984585,200,False,5,5,5,0.0,15.0,0.18,0.18,0.18
1304,217,../environments/smooth.17.csv,dist_only_social_success,1,-1,1,1,0,1,1,1,2515763587,1347984585,300,False,9,9,9,0.0,22.0,0.19666666666666666,0.19666666666666666,0.19666666666666666
1305,217,../environments/smooth.17.csv,dist_only_social_success,1,-1,1,1,0,1,1,1,2515763587,1347984585,400,False,12,12,12,0.0,29.0,0.205,0.205,0.205
1306,217,../environments/smooth.17.csv,dist_only_social_success,1,-1,1,1,0,1,1,1,2515763587,1347984585,500,False,15,15,15,0.0,36.0,0.21,0.21,0.21
1307,217,../environments/smooth.17.csv,dist_only_social_success,1,-1,1,1,0,1,1,1,2515763587,1347984585,599,False,17,17,17,0.0,43.0,0.21202003338898165,0.21202003338898165,0.21202003338898165
1308,218,../environments/smooth.17.csv,dist_only_social_success,1,-1,1,1,0,1,1,1,2515763587,884777651,100,False,4,4,4,0.0,8.0,0.13,0.13,0.13
1309,218,../environments/smooth.17.csv,dist_only_social_success,1,-1,1,1,0,1,1,1,2515763587,884777651,200,False,5,5,5,0.0,15.0,0.18,0.18,0.18
1310,218,../environments/smooth.17.csv,dist_only_social_success,1,-1,1,1,0,1,1,1,2515763587,884777651,300,False,7,7,7,0.0,22.0,0.16666666666666666,0.16666666666666666,0.16666666666666666
1311,218,../environments/smooth.17.csv,dist_only_social_success,1,-1,1,1,0,1,1,1,2515763587,884777651,400,False,9,9,9,0.0,30.0,0.1775,0.1775,0.1775
1312,218,../environments/smooth.17.csv,dist_only_social_success,1,-1,1,1,0,1,1,1,2515763587,884777651,500,False,12,12,12,0.0,38.0,0.166,0.166,0.166
1313,218,../environments/smooth.17.csv,dist_only_social_success,1,-1,1,1,0,1,1,1,2515763587,884777651,599,False,14,14,14,0.0,45.0,0.1669449081803005,0.1669449081803005,0.1669449081803005
1314,219,../environments/smooth.17.csv,dist_only_social_success,1,-1,1,1,0,1,1,1,2515763587,2299003041,100,False,3,3,3,0.0,7.0,0.15,0.15,0.15
1315,219,../environments/smooth.17.csv,dist_only_social_success,1,-1,1,1,0,1,1,1,2515763587,2299003041,200,False,3,3,3,0.0,15.0,0.18,0.18,0.18
1316,219,../environments/smooth.17.csv,dist_only_social_success,1,-1,1,1,0,1,1,1,2515763587,2299003041,300,False,3,3,3,0.0,22.0,0.19333333333333333,0.19333333333333333,0.19333333333333333
1317,219,../environments/smooth.17.csv,dist_only_social_success,1,-1,1,1,0,1,1,1,2515763587,2299003041,400,False,7,7,7,0.0,29.0,0.1875,0.1875,0.1875
1318,219,../environments/smooth.17.csv,dist_only_social_success,1,-1,1,1,0,1,1,1,2515763587,2299003041,500,False,8,8,8,0.0,37.0,0.188,0.188,0.188
1319,219,../environments/smooth.17.csv,dist_only_social_success,1,-1,1,1,0,1,1,1,2515763587,2299003041,599,False,8,8,8,0.0,44.0,0.18697829716193656,0.18697829716193656,0.18697829716193656
1320,220,../environments/smooth.17.csv,dist_only_social_success,1,-1,1,1,0,1,1,1,3622058494,3334515826,100,False,0,0,0,0.0,7.0,0.21,0.21,0.21
1321,220,../environments/smooth.17.csv,dist_only_social_success,1,-1,1,1,0,1,1,1,3622058494,3334515826,200,False,4,4,4,0.0,15.0,0.18,0.18,0.18
1322,220,../environments/smooth.17.csv,dist_only_social_success,1,-1,1,1,0,1,1,1,3622058494,3334515826,300,False,7,7,7,0.0,22.0,0.17333333333333334,0.17333333333333334,0.17333333333333334
1323,220,../environments/smooth.17.csv,dist_only_social_success,1,-1,1,1,0,1,1,1,3622058494,3334515826,400,False,10,10,10,0.0,30.0,0.1725,0.1725,0.1725
1324,220,../environments/smooth.17.csv,dist_only_social_success,1,-1,1,1,0,1,1,1,3622058494,3334515826,500,False,12,12,12,0.0,37.0,0.184,0.184,0.184
1325,220,../environments/smooth.17.csv,dist_only_social_success,1,-1,1,1,0,1,1,1,3622058494,3334515826,599,False,12,12,12,0.0,44.0,0.18697829716193656,0.18697829716193656,0.18697829716193656
1326,221,../environments/smooth.17.csv,dist_only_social_success,1,-1,1,1,0,1,1,1,3622058494,262994761,100,False,3,3,3,0.0,7.0,0.2,0.2,0.2
1327,221,../environments/smooth.17.csv,dist_only_social_success,1,-1,1,1,0,1,1,1,3622058494,262994761,200,False,3,3,3,0.0,14.0,0.185,0.185,0.185
1328,221,../environments/smooth.17.csv,dist_only_social_success,1,-1,1,1,0,1,1,1,3622058494,262994761,300,False,3,3,3,0.0,22.0,0.19,0.19,0.19
1329,221,../environments/smooth.17.csv,dist_only_social_success,1,-1,1,1,0,1,1,1,3622058494,262994761,400,False,3,3,3,0.0,29.0,0.19,0.19,0.19
1330,221,../environments/smooth.17.csv,dist_only_social_success,1,-1,1,1,0,1,1,1,3622058494,262994761,500,False,7,7,7,0.0,37.0,0.188,0.188,0.188
1331,221,../environments/smooth.17.csv,dist_only_social_success,1,-1,1,1,0,1,1,1,3622058494,262994761,599,False,8,8,8,0.0,44.0,0.18697829716193656,0.18697829716193656,0.18697829716193656
1332,222,../environments/smooth.17.csv,dist_only_social_success,1,-1,1,1,0,1,1,1,3622058494,3602806192,100,False,6,6,6,0.0,8.0,0.13,0.13,0.13
1333,222,../environments/smooth.17.csv,dist_only_social_success,1,-1,1,1,0,1,1,1,3622058494,3602806192,200,False,10,10,10,0.0,14.0,0.21,0.21,0.21
1334,222,../environments/smooth.17.csv,dist_only_social_success,1,-1,1,1,0,1,1,1,3622058494,3602806192,300,False,13,13,13,0.0,22.0,0.19666666666666666,0.19666666666666666,0.19666666666666666
1335,222,../environments/smooth.17.csv,dist_only_social_success,1,-1,1,1,0,1,1,1,3622058494,3602806192,400,False,17,17,17,0.0,29.0,0.185,0.185,0.185
1336,222,../environments/smooth.17.csv,dist_only_social_success,1,-1,1,1,0,1,1,1,3622058494,3602806192,500,False,19,19,19,0.0,36.0,0.194,0.194,0.194
1337,222,../environments/smooth.17.csv,dist_only_social_success,1,-1,1,1,0,1,1,1,3622058494,3602806192,599,False,19,19,19,0.0,43.0,0.20701168614357263,0.20701168614357263,0.20701168614357263
1338,223,../environments/smooth.17.csv,dist_only_social_success,1,-1,1,1,0,1,1,1,3622058494,3437971635,100,False,6,6,6,0.0,7.0,0.22,0.22,0.22
1339,223,../environments/smooth.17.csv,dist_only_social_success,1,-1,1,1,0,1,1,1,3622058494,3437971635,200,False,6,6,6,0.0,14.0,0.205,0.205,0.205
1340,223,../environments/smooth.17.csv,dist_only_social_success,1,-1,1,1,0,1,1,1,3622058494,3437971635,300,False,9,9,9,0.0,21.0,0.2,0.2,0.2
1341,223,../environments/smooth.17.csv,dist_only_social_success,1,-1,1,1,0,1,1,1,3622058494,3437971635,400,False,12,12,12,0.0,29.0,0.205,0.205,0.205
1342,223,../environments/smooth.17.csv,dist_only_social_success,1,-1,1,1,0,1,1,1,3622058494,3437971635,500,False,14,14,14,0.0,36.0,0.198,0.198,0.198
1343,223,../environments/smooth.17.csv,dist_only_social_success,1,-1,1,1,0,1,1,1,3622058494,3437971635,599,False,15,15,15,0.0,43.0,0.19532554257095158,0.19532554257095158,0.19532554257095158
1344,224,../environments/smooth.17.csv,dist_only_social_success,1,-1,1,1,0,1,1,1,3622058494,4010425793,100,False,1,1,1,0.0,7.0,0.15,0.15,0.15
1345,224,../environments/smooth.17.csv,dist_only_social_success,1,-1,1,1,0,1,1,1,3622058494,4010425793,200,False,5,5,5,0.0,15.0,0.16,0.16,0.16
1346,224,../environments/smooth.17.csv,dist_only_social_success,1,-1,1,1,0,1,1,1,3622058494,4010425793,300,False,7,7,7,0.0,22.0,0.19666666666666666,0.19666666666666666,0.19666666666666666
1347,224,../environments/smooth.17.csv,dist_only_social_success,1,-1,1,1,0,1,1,1,3622058494,4010425793,400,False,10,10,10,0.0,29.0,0.2025,0.2025,0.2025
1348,224,../environments/smooth.17.csv,dist_only_social_success,1,-1,1,1,0,1,1,1,3622058494,4010425793,500,False,11,11,11,0.0,36.0,0.202,0.202,0.202
1349,224,../environments/smooth.17.csv,dist_only_social_success,1,-1,1,1,0,1,1,1,3622058494,4010425793,599,False,12,12,12,0.0,43.0,0.2036727879799666,0.2036727879799666,0.2036727879799666
1350,225,../environments/smooth.17.csv,dist_only_social_success,1,-1,1,1,0,1,1,1,3622058494,2734561081,100,False,1,1,1,0.0,7.0,0.22,0.22,0.22
1351,225,../environments/smooth.17.csv,dist_only_social_success,1,-1,1,1,0,1,1,1,3622058494,2734561081,200,False,2,2,2,0.0,14.0,0.205,0.205,0.205
1352,225,../environments/smooth.17.csv,dist_only_social_success,1,-1,1,1,0,1,1,1,3622058494,2734561081,300,False,4,4,4,0.0,22.0,0.19,0.19,0.19
1353,225,../environments/smooth.17.csv,dist_only_social_success,1,-1,1,1,0,1,1,1,3622058494,2734561081,400,False,7,7,7,0.0,29.0,0.2,0.2,0.2
1354,225,../environments/smooth.17.csv,dist_only_social_success,1,-1,1,1,0,1,1,1,3622058494,2734561081,500,False,9,9,9,0.0,36.0,0.196,0.196,0.196
1355,225,../environments/smooth.17.csv,dist_only_social_success,1,-1,1,1,0,1,1,1,3622058494,2734561081,599,False,13,13,13,0.0,44.0,0.19365609348914858,0.19365609348914858,0.19365609348914858
1356,226,../environments/smooth.17.csv,dist_only_social_success,1,-1,1,1,0,1,1,1,3622058494,1253946826,100,False,0,0,0,0.0,7.0,0.19,0.19,0.19
1357,226,../environments/smooth.17.csv,dist_only_social_success,1,-1,1,1,0,1,1,1,3622058494,1253946826,200,False,3,3,3,0.0,14.0,0.235,0.235,0.235
1358,226,../environments/smooth.17.csv,dist_only_social_success,1,-1,1,1,0,1,1,1,3622058494,1253946826,300,False,5,5,5,0.0,21.0,0.23,0.23,0.23
1359,226,../environments/smooth.17.csv,dist_only_social_success,1,-1,1,1,0,1,1,1,3622058494,1253946826,400,False,5,5,5,0.0,28.0,0.21,0.21,0.21
1360,226,../environments/smooth.17.csv,dist_only_social_success,1,-1,1,1,0,1,1,1,3622058494,1253946826,500,False,8,8,8,0.0,36.0,0.208,0.208,0.208
1361,226,../environments/smooth.17.csv,dist_only_social_success,1,-1,1,1,0,1,1,1,3622058494,1253946826,599,False,9,9,9,0.0,43.0,0.2020033388981636,0.2020033388981636,0.2020033388981636
1362,227,../environments/smooth.17.csv,dist_only_social_success,1,-1,1,1,0,1,1,1,3622058494,1347984585,100,False,4,4,4,0.0,7.0,0.23,0.23,0.23
1363,227,../environments/smooth.17.csv,dist_only_social_success,1,-1,1,1,0,1,1,1,3622058494,1347984585,200,False,5,5,5,0.0,14.0,0.235,0.235,0.235
1364,227,../environments/smooth.17.csv,dist_only_social_success,1,-1,1,1,0,1,1,1,3622058494,1347984585,300,False,7,7,7,0.0,21.0,0.22,0.22,0.22
1365,227,../environments/smooth.17.csv,dist_only_social_success,1,-1,1,1,0,1,1,1,3622058494,1347984585,400,False,7,7,7,0.0,28.0,0.225,0.225,0.225
1366,227,../environments/smooth.17.csv,dist_only_social_success,1,-1,1,1,0,1,1,1,3622058494,1347984585,500,False,11,11,11,0.0,36.0,0.21,0.21,0.21
1367,227,../environments/smooth.17.csv,dist_only_social_success,1,-1,1,1,0,1,1,1,3622058494,1347984585,599,False,13,13,13,0.0,43.0,0.21035058430717862,0.21035058430717862,0.21035058430717862
1368,228,../environments/smooth.17.csv,dist_only_social_success,1,-1,1,1,0,1,1,1,3622058494,884777651,100,False,0,0,0,0.0,6.0,0.27,0.27,0.27
1369,228,../environments/smooth.17.csv,dist_only_social_success,1,-1,1,1,0,1,1,1,3622058494,884777651,200,False,2,2,2,0.0,14.0,0.205,0.205,0.205
1370,228,../environments/smooth.17.csv,dist_only_social_success,1,-1,1,1,0,1,1,1,3622058494,884777651,300,False,2,2,2,0.0,22.0,0.18,0.18,0.18
1371,228,../environments/smooth.17.csv,dist_only_social_success,1,-1,1,1,0,1,1,1,3622058494,884777651,400,False,3,3,3,0.0,29.0,0.1975,0.1975,0.1975
1372,228,../environments/smooth.17.csv,dist_only_social_success,1,-1,1,1,0,1,1,1,3622058494,884777651,500,False,9,9,9,0.0,37.0,0.188,0.188,0.188
1373,228,../environments/smooth.17.csv,dist_only_social_success,1,-1,1,1,0,1,1,1,3622058494,884777651,599,False,14,14,14,0.0,44.0,0.17863105175292154,0.17863105175292154,0.17863105175292154
1374,229,../environments/smooth.17.csv,dist_only_social_success,1,-1,1,1,0,1,1,1,3622058494,2299003041,100,False,1,1,1,0.0,7.0,0.19,0.19,0.19
1375,229,../environments/smooth.17.csv,dist_only_social_success,1,-1,1,1,0,1,1,1,3622058494,2299003041,200,False,3,3,3,0.0,14.0,0.19,0.19,0.19
1376,229,../environments/smooth.17.csv,dist_only_social_success,1,-1,1,1,0,1,1,1,3622058494,2299003041,300,False,5,5,5,0.0,21.0,0.20666666666666667,0.20666666666666667,0.20666666666666667
1377,229,../environments/smooth.17.csv,dist_only_social_success,1,-1,1,1,0,1,1,1,3622058494,2299003041,400,False,7,7,7,0.0,29.0,0.2025,0.2025,0.2025
1378,229,../environments/smooth.17.csv,dist_only_social_success,1,-1,1,1,0,1,1,1,3622058494,2299003041,500,False,9,9,9,0.0,36.0,0.19,0.19,0.19
1379,229,../environments/smooth.17.csv,dist_only_social_success,1,-1,1,1,0,1,1,1,3622058494,2299003041,599,False,10,10,10,0.0,43.0,0.2020033388981636,0.2020033388981636,0.2020033388981636
1380,230,../environments/smooth.17.csv,dist_only_social_success,1,-1,1,1,0,1,1,1,3859649351,3334515826,100,False,1,1,1,0.0,7.0,0.18,0.18,0.18
1381,230,../environments/smooth.17.csv,dist_only_social_success,1,-1,1,1,0,1,1,1,3859649351,3334515826,200,False,3,3,3,0.0,15.0,0.155,0.155,0.155
1382,230,../environments/smooth.17.csv,dist_only_social_success,1,-1,1,1,0,1,1,1,3859649351,3334515826,300,False,5,5,5,0.0,23.0,0.15666666666666668,0.15666666666666668,0.15666666666666668
1383,230,../environments/smooth.17.csv,dist_only_social_success,1,-1,1,1,0,1,1,1,3859649351,3334515826,400,False,5,5,5,0.0,30.0,0.155,0.155,0.155
1384,230,../environments/smooth.17.csv,dist_only_social_success,1,-1,1,1,0,1,1,1,3859649351,3334515826,500,False,9,9,9,0.0,37.0,0.172,0.172,0.172
1385,230,../environments/smooth.17.csv,dist_only_social_success,1,-1,1,1,0,1,1,1,3859649351,3334515826,599,False,10,10,10,0.0,44.0,0.18030050083472454,0.18030050083472454,0.18030050083472454
1386,231,../environments/smooth.17.csv,dist_only_social_success,1,-1,1,1,0,1,1,1,3859649351,262994761,100,False,3,3,3,0.0,7.0,0.16,0.16,0.16
1387,231,../environments/smooth.17.csv,dist_only_social_success,1,-1,1,1,0,1,1,1,3859649351,262994761,200,False,3,3,3,0.0,14.0,0.195,0.195,0.195
1388,231,../environments/smooth.17.csv,dist_only_social_success,1,-1,1,1,0,1,1,1,3859649351,262994761,300,False,3,3,3,0.0,22.0,0.19666666666666666,0.19666666666666666,0.19666666666666666
1389,231,../environments/smooth.17.csv,dist_only_social_success,1,-1,1,1,0,1,1,1,3859649351,262994761,400,False,3,3,3,0.0,29.0,0.2,0.2,0.2
1390,231,../environments/smooth.17.csv,dist_only_social_success,1,-1,1,1,0,1,1,1,3859649351,262994761,500,False,4,4,4,0.0,37.0,0.188,0.188,0.188
1391,231,../environments/smooth.17.csv,dist_only_social_success,1,-1,1,1,0,1,1,1,3859649351,262994761,599,False,6,6,6,0.0,44.0,0.18864774624373956,0.18864774624373956,0.18864774624373956
1392,232,../environments/smooth.17.csv,dist_only_social_success,1,-1,1,1,0,1,1,1,3859649351,3602806192,100,False,8,8,8,0.0,8.0,0.13,0.13,0.13
1393,232,../environments/smooth.17.csv,dist_only_social_success,1,-1,1,1,0,1,1,1,3859649351,3602806192,200,False,9,9,9,0.0,15.0,0.18,0.18,0.18
1394,232,../environments/smooth.17.csv,dist_only_social_success,1,-1,1,1,0,1,1,1,3859649351,3602806192,300,False,9,9,9,0.0,22.0,0.19333333333333333,0.19333333333333333,0.19333333333333333
1395,232,../environments/smooth.17.csv,dist_only_social_success,1,-1,1,1,0,1,1,1,3859649351,3602806192,400,False,10,10,10,0.0,29.0,0.1925,0.1925,0.1925
1396,232,../environments/smooth.17.csv,dist_only_social_success,1,-1,1,1,0,1,1,1,3859649351,3602806192,500,False,15,15,15,0.0,37.0,0.188,0.188,0.188
1397,232,../environments/smooth.17.csv,dist_only_social_success,1,-1,1,1,0,1,1,1,3859649351,3602806192,599,False,17,17,17,0.0,44.0,0.18030050083472454,0.18030050083472454,0.18030050083472454
1398,233,../environments/smooth.17.csv,dist_only_social_success,1,-1,1,1,0,1,1,1,3859649351,3437971635,100,False,6,6,6,0.0,8.0,0.13,0.13,0.13
1399,233,../environments/smooth.17.csv,dist_only_social_success,1,-1,1,1,0,1,1,1,3859649351,3437971635,200,False,6,6,6,0.0,15.0,0.18,0.18,0.18
1400,233,../environments/smooth.17.csv,dist_only_social_success,1,-1,1,1,0,1,1,1,3859649351,3437971635,300,False,7,7,7,0.0,22.0,0.18,0.18,0.18
1401,233,../environments/smooth.17.csv,dist_only_social_success,1,-1,1,1,0,1,1,1,3859649351,3437971635,400,False,7,7,7,0.0,30.0,0.1775,0.1775,0.1775
1402,233,../environments/smooth.17.csv,dist_only_social_success,1,-1,1,1,0,1,1,1,3859649351,3437971635,500,False,8,8,8,0.0,37.0,0.18,0.18,0.18
1403,233,../environments/smooth.17.csv,dist_only_social_success,1,-1,1,1,0,1,1,1,3859649351,3437971635,599,False,10,10,10,0.0,45.0,0.17529215358931552,0.17529215358931552,0.17529215358931552
1404,234,../environments/smooth.17.csv,dist_only_social_success,1,-1,1,1,0,1,1,1,3859649351,4010425793,100,False,2,2,2,0.0,7.0,0.22,0.22,0.22
1405,234,../environments/smooth.17.csv,dist_only_social_success,1,-1,1,1,0,1,1,1,3859649351,4010425793,200,False,3,3,3,0.0,14.0,0.21,0.21,0.21
1406,234,../environments/smooth.17.csv,dist_only_social_success,1,-1,1,1,0,1,1,1,3859649351,4010425793,300,False,4,4,4,0.0,21.0,0.21,0.21,0.21
1407,234,../environments/smooth.17.csv,dist_only_social_success,1,-1,1,1,0,1,1,1,3859649351,4010425793,400,False,5,5,5,0.0,28.0,0.2075,0.2075,0.2075
1408,234,../environments/smooth.17.csv,dist_only_social_success,1,-1,1,1,0,1,1,1,3859649351,4010425793,500,False,5,5,5,0.0,36.0,0.21,0.21,0.21
1409,234,../environments/smooth.17.csv,dist_only_social_success,1,-1,1,1,0,1,1,1,3859649351,4010425793,599,False,7,7,7,0.0,43.0,0.20534223706176963,0.20534223706176963,0.20534223706176963
1410,235,../environments/smooth.17.csv,dist_only_social_success,1,-1,1,1,0,1,1,1,3859649351,2734561081,100,False,2,2,2,0.0,7.0,0.22,0.22,0.22
1411,235,../environments/smooth.17.csv,dist_only_social_success,1,-1,1,1,0,1,1,1,3859649351,2734561081,200,False,4,4,4,0.0,14.0,0.205,0.205,0.205
1412,235,../environments/smooth.17.csv,dist_only_social_success,1,-1,1,1,0,1,1,1,3859649351,2734561081,300,False,5,5,5,0.0,22.0,0.19,0.19,0.19
1413,235,../environments/smooth.17.csv,dist_only_social_success,1,-1,1,1,0,1,1,1,3859649351,2734561081,400,False,6,6,6,0.0,29.0,0.2,0.2,0.2
1414,235,../environments/smooth.17.csv,dist_only_social_success,1,-1,1,1,0,1,1,1,3859649351,2734561081,500,False,9,9,9,0.0,36.0,0.192,0.192,0.192
1415,235,../environments/smooth.17.csv,dist_only_social_success,1,-1,1,1,0,1,1,1,3859649351,2734561081,599,False,13,13,13,0.0,44.0,0.18697829716193656,0.18697829716193656,0.18697829716193656
1416,236,../environments/smooth.17.csv,dist_only_social_success,1,-1,1,1,0,1,1,1,3859649351,1253946826,100,False,5,5,5,0.0,7.0,0.24,0.24,0.24
1417,236,../environments/smooth.17.csv,dist_only_social_success,1,-1,1,1,0,1,1,1,3859649351,1253946826,200,False,6,6,6,0.0,13.0,0.245,0.245,0.245
1418,236,../environments/smooth.17.csv,dist_only_social_success,1,-1,1,1,0,1,1,1,3859649351,1253946826,300,False,8,8,8,0.0,21.0,0.22666666666666666,0.22666666666666666,0.22666666666666666
1419,236,../environments/smooth.17.csv,dist_only_social_success,1,-1,1,1,0,1,1,1,3859649351,1253946826,400,False,8,8,8,0.0,29.0,0.205,0.205,0.205
1420,236,../environments/smooth.17.csv,dist_only_social_success,1,-1,1,1,0,1,1,1,3859649351,1253946826,500,False,11,11,11,0.0,36.0,0.198,0.198,0.198
1421,236,../environments/smooth.17.csv,dist_only_social_success,1,-1,1,1,0,1,1,1,3859649351,1253946826,599,False,14,14,14,0.0,43.0,0.19532554257095158,0.19532554257095158,0.19532554257095158
1422,237,../environments/smooth.17.csv,dist_only_social_success,1,-1,1,1,0,1,1,1,3859649351,1347984585,100,False,5,5,5,0.0,7.0,0.19,0.19,0.19
1423,237,../environments/smooth.17.csv,dist_only_social_success,1,-1,1,1,0,1,1,1,3859649351,1347984585,200,False,6,6,6,0.0,14.0,0.205,0.205,0.205
1424,237,../environments/smooth.17.csv,dist_only_social_success,1,-1,1,1,0,1,1,1,3859649351,1347984585,300,False,11,11,11,0.0,21.0,0.2,0.2,0.2
1425,237,../environments/smooth.17.csv,dist_only_social_success,1,-1,1,1,0,1,1,1,3859649351,1347984585,400,False,14,14,14,0.0,28.0,0.215,0.215,0.215
1426,237,../environments/smooth.17.csv,dist_only_social_success,1,-1,1,1,0,1,1,1,3859649351,1347984585,500,False,17,17,17,0.0,35.0,0.218,0.218,0.218
1427,237,../environments/smooth.17.csv,dist_only_social_success,1,-1,1,1,0,1,1,1,3859649351,1347984585,599,False,18,18,18,0.0,43.0,0.21202003338898165,0.21202003338898165,0.21202003338898165
1428,238,../environments/smooth.17.csv,dist_only_social_success,1,-1,1,1,0,1,1,1,3859649351,884777651,100,False,4,4,4,0.0,7.0,0.21,0.21,0.21
1429,238,../environments/smooth.17.csv,dist_only_social_success,1,-1,1,1,0,1,1,1,3859649351,884777651,200,False,6,6,6,0.0,14.0,0.19,0.19,0.19
1430,238,../environments/smooth.17.csv,dist_only_social_success,1,-1,1,1,0,1,1,1,3859649351,884777651,300,False,8,8,8,0.0,22.0,0.19,0.19,0.19
1431,238,../environments/smooth.17.csv,dist_only_social_success,1,-1,1,1,0,1,1,1,3859649351,884777651,400,False,9,9,9,0.0,29.0,0.19,0.19,0.19
1432,238,../environments/smooth.17.csv,dist_only_social_success,1,-1,1,1,0,1,1,1,3859649351,884777651,500,False,12,12,12,0.0,36.0,0.19,0.19,0.19
1433,238,../environments/smooth.17.csv,dist_only_social_success,1,-1,1,1,0,1,1,1,3859649351,884777651,599,False,15,15,15,0.0,44.0,0.19365609348914858,0.19365609348914858,0.19365609348914858
1434,239,../environments/smooth.17.csv,dist_only_social_success,1,-1,1,1,0,1,1,1,3859649351,2299003041,100,False,4,4,4,0.0,7.0,0.16,0.16,0.16
1435,239,../environments/smooth.17.csv,dist_only_social_success,1,-1,1,1,0,1,1,1,3859649351,2299003041,200,False,9,9,9,0.0,15.0,0.17,0.17,0.17
1436,239,../environments/smooth.17.csv,dist_only_social_success,1,-1,1,1,0,1,1,1,3859649351,2299003041,300,False,9,9,9,0.0,22.0,0.18333333333333332,0.18333333333333332,0.18333333333333332
1437,239,../environments/smooth.17.csv,dist_only_social_success,1,-1,1,1,0,1,1,1,3859649351,2299003041,400,False,11,11,11,0.0,29.0,0.1825,0.1825,0.1825
1438,239,../environments/smooth.17.csv,dist_only_social_success,1,-1,1,1,0,1,1,1,3859649351,2299003041,500,False,13,13,13,0.0,37.0,0.174,0.174,0.174
1439,239,../environments/smooth.17.csv,dist_only_social_success,1,-1,1,1,0,1,1,1,3859649351,2299003041,599,False,13,13,13,0.0,44.0,0.17863105175292154,0.17863105175292154,0.17863105175292154
1440,240,../environments/smooth.17.csv,dist_only_social_success,1,-1,1,1,0,1,1,1,3788962293,3334515826,100,False,2,2,2,0.0,7.0,0.2,0.2,0.2
1441,240,../environments/smooth.17.csv,dist_only_social_success,1,-1,1,1,0,1,1,1,3788962293,3334515826,200,False,6,6,6,0.0,15.0,0.175,0.175,0.175
1442,240,../environments/smooth.17.csv,dist_only_social_success,1,-1,1,1,0,1,1,1,3788962293,3334515826,300,False,9,9,9,0.0,23.0,0.16,0.16,0.16
1443,240,../environments/smooth.17.csv,dist_only_social_success,1,-1,1,1,0,1,1,1,3788962293,3334515826,400,False,9,9,9,0.0,30.0,0.1725,0.1725,0.1725
1444,240,../environments/smooth.17.csv,dist_only_social_success,1,-1,1,1,0,1,1,1,3788962293,3334515826,500,False,9,9,9,0.0,37.0,0.188,0.188,0.188
1445,240,../environments/smooth.17.csv,dist_only_social_success,1,-1,1,1,0,1,1,1,3788962293,3334515826,599,False,12,12,12,0.0,43.0,0.19699499165275458,0.19699499165275458,0.19699499165275458
1446,241,../environments/smooth.17.csv,dist_only_social_success,1,-1,1,1,0,1,1,1,3788962293,262994761,100,False,4,4,4,0.0,8.0,0.11,0.11,0.11
1447,241,../environments/smooth.17.csv,dist_only_social_success,1,-1,1,1,0,1,1,1,3788962293,262994761,200,False,6,6,6,0.0,15.0,0.145,0.145,0.145
1448,241,../environments/smooth.17.csv,dist_only_social_success,1,-1,1,1,0,1,1,1,3788962293,262994761,300,False,13,13,13,0.0,23.0,0.16,0.16,0.16
1449,241,../environments/smooth.17.csv,dist_only_social_success,1,-1,1,1,0,1,1,1,3788962293,262994761,400,False,13,13,13,0.0,30.0,0.1725,0.1725,0.1725
1450,241,../environments/smooth.17.csv,dist_only_social_success,1,-1,1,1,0,1,1,1,3788962293,262994761,500,False,14,14,14,0.0,37.0,0.172,0.172,0.172
1451,241,../environments/smooth.17.csv,dist_only_social_success,1,-1,1,1,0,1,1,1,3788962293,262994761,599,False,19,19,19,0.0,45.0,0.17028380634390652,0.17028380634390652,0.17028380634390652
1452,242,../environments/smooth.17.csv,dist_only_social_success,1,-1,1,1,0,1,1,1,3788962293,3602806192,100,False,3,3,3,0.0,7.0,0.24,0.24,0.24
1453,242,../environments/smooth.17.csv,dist_only_social_success,1,-1,1,1,0,1,1,1,3788962293,3602806192,200,False,6,6,6,0.0,14.0,0.235,0.235,0.235
1454,242,../environments/smooth.17.csv,dist_only_social_success,1,-1,1,1,0,1,1,1,3788962293,3602806192,300,False,10,10,10,0.0,21.0,0.21,0.21,0.21
1455,242,../environments/smooth.17.csv,dist_only_social_success,1,-1,1,1,0,1,1,1,3788962293,3602806192,400,False,10,10,10,0.0,29.0,0.2025,0.2025,0.2025
1456,242,../environments/smooth.17.csv,dist_only_social_success,1,-1,1,1,0,1,1,1,3788962293,3602806192,500,False,12,12,12,0.0,36.0,0.192,0.192,0.192
1457,242,../environments/smooth.17.csv,dist_only_social_success,1,-1,1,1,0,1,1,1,3788962293,3602806192,599,False,13,13,13,0.0,44.0,0.19365609348914858,0.19365609348914858,0.19365609348914858
1458,243,../environments/smooth.17.csv,dist_only_social_success,1,-1,1,1,0,1,1,1,3788962293,3437971635,100,False,4,4,4,0.0,7.0,0.21,0.21,0.21
1459,243,../environments/smooth.17.csv,dist_only_social_success,1,-1,1,1,0,1,1,1,3788962293,3437971635,200,False,4,4,4,0.0,14.0,0.215,0.215,0.215
1460,243,../environments/smooth.17.csv,dist_only_social_success,1,-1,1,1,0,1,1,1,3788962293,3437971635,300,False,5,5,5,0.0,21.0,0.20666666666666667,0.20666666666666667,0.20666666666666667
1461,243,../environments/smooth.17.csv,dist_only_social_success,1,-1,1,1,0,1,1,1,3788962293,3437971635,400,False,6,6,6,0.0,29.0,0.1975,0.1975,0.1975
1462,243,../environments/smooth.17.csv,dist_only_social_success,1,-1,1,1,0,1,1,1,3788962293,3437971635,500,False,10,10,10,0.0,37.0,0.188,0.188,0.188
1463,243,../environments/smooth.17.csv,dist_only_social_success,1,-1,1,1,0,1,1,1,3788962293,3437971635,599,False,11,11,11,0.0,44.0,0.18530884808013356,0.18530884808013356,0.18530884808013356
1464,244,../environments/smooth.17.csv,dist_only_social_success,1,-1,1,1,0,1,1,1,3788962293,4010425793,100,False,2,2,2,0.0,7.0,0.14,0.14,0.14
1465,244,../environments/smooth.17.csv,dist_only_social_success,1,-1,1,1,0,1,1,1,3788962293,4010425793,200,False,2,2,2,0.0,15.0,0.17,0.17,0.17
1466,244,../environments/smooth.17.csv,dist_only_social_success,1,-1,1,1,0,1,1,1,3788962293,4010425793,300,False,5,5,5,0.0,22.0,0.18666666666666668,0.18666666666666668,0.18666666666666668
1467,244,../environments/smooth.17.csv,dist_only_social_success,1,-1,1,1,0,1,1,1,3788962293,4010425793,400,False,8,8,8,0.0,29.0,0.18,0.18,0.18
1468,244,../environments/smooth.17.csv,dist_only_social_success,1,-1,1,1,0,1,1,1,3788962293,4010425793,500,False,10,10,10,0.0,36.0,0.196,0.196,0.196
1469,244,../environments/smooth.17.csv,dist_only_social_success,1,-1,1,1,0,1,1,1,3788962293,4010425793,599,False,10,10,10,0.0,44.0,0.19365609348914858,0.19365609348914858,0.19365609348914858
1470,245,../environments/smooth.17.csv,dist_only_social_success,1,-1,1,1,0,1,1,1,3788962293,2734561081,100,False,1,1,1,0.0,7.0,0.2,0.2,0.2
1471,245,../environments/smooth.17.csv,dist_only_social_success,1,-1,1,1,0,1,1,1,3788962293,2734561081,200,False,6,6,6,0.0,15.0,0.165,0.165,0.165
1472,245,../environments/smooth.17.csv,dist_only_social_success,1,-1,1,1,0,1,1,1,3788962293,2734561081,300,False,6,6,6,0.0,22.0,0.19666666666666666,0.19666666666666666,0.19666666666666666
1473,245,../environments/smooth.17.csv,dist_only_social_success,1,-1,1,1,0,1,1,1,3788962293,2734561081,400,False,7,7,7,0.0,29.0,0.2025,0.2025,0.2025
1474,245,../environments/smooth.17.csv,dist_only_social_success,1,-1,1,1,0,1,1,1,3788962293,2734561081,500,False,9,9,9,0.0,36.0,0.196,0.196,0.196
1475,245,../environments/smooth.17.csv,dist_only_social_success,1,-1,1,1,0,1,1,1,3788962293,2734561081,599,False,12,12,12,0.0,44.0,0.19365609348914858,0.19365609348914858,0.19365609348914858
1476,246,../environments/smooth.17.csv,dist_only_social_success,1,-1,1,1,0,1,1,1,3788962293,1253946826,100,False,2,2,2,0.0,7.0,0.17,0.17,0.17
1477,246,../environments/smooth.17.csv,dist_only_social_success,1,-1,1,1,0,1,1,1,3788962293,1253946826,200,False,3,3,3,0.0,14.0,0.2,0.2,0.2
1478,246,../environments/smooth.17.csv,dist_only_social_success,1,-1,1,1,0,1,1,1,3788962293,1253946826,300,False,4,4,4,0.0,21.0,0.21333333333333335,0.21333333333333335,0.21333333333333335
1479,246,../environments/smooth.17.csv,dist_only_social_success,1,-1,1,1,0,1,1,1,3788962293,1253946826,400,False,8,8,8,0.0,29.0,0.2025,0.2025,0.2025
1480,246,../environments/smooth.17.csv,dist_only_social_success,1,-1,1,1,0,1,1,1,3788962293,1253946826,500,False,10,10,10,0.0,36.0,0.202,0.202,0.202
1481,246,../environments/smooth.17.csv,dist_only_social_success,1,-1,1,1,0,1,1,1,3788962293,1253946826,599,False,14,14,14,0.0,43.0,0.2020033388981636,0.2020033388981636,0.2020033388981636
1482,247,../environments/smooth.17.csv,dist_only_social_success,1,-1,1,1,0,1,1,1,3788962293,1347984585,100,False,2,2,2,0.0,7.0,0.24,0.24,0.24
1483,247,../environments/smooth.17.csv,dist_only_social_success,1,-1,1,1,0,1,1,1,3788962293,1347984585,200,False,4,4,4,0.0,15.0,0.18,0.18,0.18
1484,247,../environments/smooth.17.csv,dist_only_social_success,1,-1,1,1,0,1,1,1,3788962293,1347984585,300,False,6,6,6,0.0,21.0,0.20333333333333334,0.20333333333333334,0.20333333333333334
1485,247,../environments/smooth.17.csv,dist_only_social_success,1,-1,1,1,0,1,1,1,3788962293,1347984585,400,False,9,9,9,0.0,28.0,0.22,0.22,0.22
1486,247,../environments/smooth.17.csv,dist_only_social_success,1,-1,1,1,0,1,1,1,3788962293,1347984585,500,False,12,12,12,0.0,35.0,0.218,0.218,0.218
1487,247,../environments/smooth.17.csv,dist_only_social_success,1,-1,1,1,0,1,1,1,3788962293,1347984585,599,False,16,16,16,0.0,43.0,0.21202003338898165,0.21202003338898165,0.21202003338898165
1488,248,../environments/smooth.17.csv,dist_only_social_success,1,-1,1,1,0,1,1,1,3788962293,884777651,100,False,3,3,3,0.0,7.0,0.24,0.24,0.24
1489,248,../environments/smooth.17.csv,dist_only_social_success,1,-1,1,1,0,1,1,1,3788962293,884777651,200,False,6,6,6,0.0,14.0,0.195,0.195,0.195
1490,248,../environments/smooth.17.csv,dist_only_social_success,1,-1,1,1,0,1,1,1,3788962293,884777651,300,False,8,8,8,0.0,22.0,0.19333333333333333,0.19333333333333333,0.19333333333333333
1491,248,../environments/smooth.17.csv,dist_only_social_success,1,-1,1,1,0,1,1,1,3788962293,884777651,400,False,9,9,9,0.0,29.0,0.1875,0.1875,0.1875
1492,248,../environments/smooth.17.csv,dist_only_social_success,1,-1,1,1,0,1,1,1,3788962293,884777651,500,False,12,12,12,0.0,37.0,0.188,0.188,0.188
1493,248,../environments/smooth.17.csv,dist_only_social_success,1,-1,1,1,0,1,1,1,3788962293,884777651,599,False,14,14,14,0.0,44.0,0.18697829716193656,0.18697829716193656,0.18697829716193656
1494,249,../environments/smooth.17.csv,dist_only_social_success,1,-1,1,1,0,1,1,1,3788962293,2299003041,100,False,0,0,0,0.0,7.0,0.16,0.16,0.16
1495,249,../environments/smooth.17.csv,dist_only_social_success,1,-1,1,1,0,1,1,1,3788962293,2299003041,200,False,6,6,6,0.0,15.0,0.155,0.155,0.155
1496,249,../environments/smooth.17.csv,dist_only_social_success,1,-1,1,1,0,1,1,1,3788962293,2299003041,300,False,9,9,9,0.0,22.0,0.16666666666666666,0.16666666666666666,0.16666666666666666
1497,249,../environments/smooth.17.csv,dist_only_social_success,1,-1,1,1,0,1,1,1,3788962293,2299003041,400,False,14,14,14,0.0,30.0,0.165,0.165,0.165
1498,249,../environments/smooth.17.csv,dist_only_social_success,1,-1,1,1,0,1,1,1,3788962293,2299003041,500,False,16,16,16,0.0,38.0,0.166,0.166,0.166
1499,249,../environments/smooth.17.csv,dist_only_social_success,1,-1,1,1,0,1,1,1,3788962293,2299003041,599,False,19,19,19,0.0,44.0,0.18030050083472454,0.18030050083472454,0.18030050083472454
1500,250,../environments/smooth.17.csv,dist_only_social_success,1,-1,1,1,0,1,1,1,4075238685,3334515826,100,False,2,2,2,0.0,7.0,0.2,0.2,0.2
1501,250,../environments/smooth.17.csv,dist_only_social_success,1,-1,1,1,0,1,1,1,4075238685,3334515826,200,False,6,6,6,0.0,14.0,0.185,0.185,0.185
1502,250,../environments/smooth.17.csv,dist_only_social_success,1,-1,1,1,0,1,1,1,4075238685,3334515826,300,False,8,8,8,0.0,21.0,0.2,0.2,0.2
1503,250,../environments/smooth.17.csv,dist_only_social_success,1,-1,1,1,0,1,1,1,4075238685,3334515826,400,False,11,11,11,0.0,29.0,0.185,0.185,0.185
1504,250,../environments/smooth.17.csv,dist_only_social_success,1,-1,1,1,0,1,1,1,4075238685,3334515826,500,False,16,16,16,0.0,36.0,0.196,0.196,0.196
1505,250,../environments/smooth.17.csv,dist_only_social_success,1,-1,1,1,0,1,1,1,4075238685,3334515826,599,False,16,16,16,0.0,43.0,0.1986644407345576,0.1986644407345576,0.1986644407345576
1506,251,../environments/smooth.17.csv,dist_only_social_success,1,-1,1,1,0,1,1,1,4075238685,262994761,100,False,0,0,0,0.0,7.0,0.23,0.23,0.23
1507,251,../environments/smooth.17.csv,dist_only_social_success,1,-1,1,1,0,1,1,1,4075238685,262994761,200,False,1,1,1,0.0,14.0,0.21,0.21,0.21
1508,251,../environments/smooth.17.csv,dist_only_social_success,1,-1,1,1,0,1,1,1,4075238685,262994761,300,False,4,4,4,0.0,21.0,0.2,0.2,0.2
1509,251,../environments/smooth.17.csv,dist_only_social_success,1,-1,1,1,0,1,1,1,4075238685,262994761,400,False,5,5,5,0.0,29.0,0.205,0.205,0.205
1510,251,../environments/smooth.17.csv,dist_only_social_success,1,-1,1,1,0,1,1,1,4075238685,262994761,500,False,11,11,11,0.0,36.0,0.202,0.202,0.202
1511,251,../environments/smooth.17.csv,dist_only_social_success,1,-1,1,1,0,1,1,1,4075238685,262994761,599,False,16,16,16,0.0,44.0,0.19198664440734559,0.19198664440734559,0.19198664440734559
1512,252,../environments/smooth.17.csv,dist_only_social_success,1,-1,1,1,0,1,1,1,4075238685,3602806192,100,False,1,1,1,0.0,7.0,0.19,0.19,0.19
1513,252,../environments/smooth.17.csv,dist_only_social_success,1,-1,1,1,0,1,1,1,4075238685,3602806192,200,False,1,1,1,0.0,14.0,0.23,0.23,0.23
1514,252,../environments/smooth.17.csv,dist_only_social_success,1,-1,1,1,0,1,1,1,4075238685,3602806192,300,False,1,1,1,0.0,21.0,0.22333333333333333,0.22333333333333333,0.22333333333333333
1515,252,../environments/smooth.17.csv,dist_only_social_success,1,-1,1,1,0,1,1,1,4075238685,3602806192,400,False,4,4,4,0.0,28.0,0.21,0.21,0.21
1516,252,../environments/smooth.17.csv,dist_only_social_success,1,-1,1,1,0,1,1,1,4075238685,3602806192,500,False,9,9,9,0.0,36.0,0.192,0.192,0.192
1517,252,../environments/smooth.17.csv,dist_only_social_success,1,-1,1,1,0,1,1,1,4075238685,3602806192,599,False,10,10,10,0.0,43.0,0.20868113522537562,0.20868113522537562,0.20868113522537562
1518,253,../environments/smooth.17.csv,dist_only_social_success,1,-1,1,1,0,1,1,1,4075238685,3437971635,100,False,5,5,5,0.0,7.0,0.18,0.18,0.18
1519,253,../environments/smooth.17.csv,dist_only_social_success,1,-1,1,1,0,1,1,1,4075238685,3437971635,200,False,7,7,7,0.0,14.0,0.19,0.19,0.19
1520,253,../environments/smooth.17.csv,dist_only_social_success,1,-1,1,1,0,1,1,1,4075238685,3437971635,300,False,7,7,7,0.0,22.0,0.18333333333333332,0.18333333333333332,0.18333333333333332
1521,253,../environments/smooth.17.csv,dist_only_social_success,1,-1,1,1,0,1,1,1,4075238685,3437971635,400,False,9,9,9,0.0,29.0,0.18,0.18,0.18
1522,253,../environments/smooth.17.csv,dist_only_social_success,1,-1,1,1,0,1,1,1,4075238685,3437971635,500,False,11,11,11,0.0,37.0,0.188,0.188,0.188
1523,253,../environments/smooth.17.csv,dist_only_social_success,1,-1,1,1,0,1,1,1,4075238685,3437971635,599,False,16,16,16,0.0,44.0,0.18196994991652754,0.18196994991652754,0.18196994991652754
1524,254,../environments/smooth.17.csv,dist_only_social_success,1,-1,1,1,0,1,1,1,4075238685,4010425793,100,False,0,0,0,0.0,7.0,0.18,0.18,0.18
1525,254,../environments/smooth.17.csv,dist_only_social_success,1,-1,1,1,0,1,1,1,4075238685,4010425793,200,False,0,0,0,0.0,15.0,0.17,0.17,0.17
1526,254,../environments/smooth.17.csv,dist_only_social_success,1,-1,1,1,0,1,1,1,4075238685,4010425793,300,False,4,4,4,0.0,22.0,0.19333333333333333,0.19333333333333333,0.19333333333333333
1527,254,../environments/smooth.17.csv,dist_only_social_success,1,-1,1,1,0,1,1,1,4075238685,4010425793,400,False,4,4,4,0.0,30.0,0.1775,0.1775,0.1775
1528,254,../environments/smooth.17.csv,dist_only_social_success,1,-1,1,1,0,1,1,1,4075238685,4010425793,500,False,5,5,5,0.0,37.0,0.188,0.188,0.188
1529,254,../environments/smooth.17.csv,dist_only_social_success,1,-1,1,1,0,1,1,1,4075238685,4010425793,599,False,8,8,8,0.0,44.0,0.18196994991652754,0.18196994991652754,0.18196994991652754
1530,255,../environments/smooth.17.csv,dist_only_social_success,1,-1,1,1,0,1,1,1,4075238685,2734561081,100,False,4,4,4,0.0,7.0,0.21,0.21,0.21
1531,255,../environments/smooth.17.csv,dist_only_social_success,1,-1,1,1,0,1,1,1,4075238685,2734561081,200,False,4,4,4,0.0,14.0,0.205,0.205,0.205
1532,255,../environments/smooth.17.csv,dist_only_social_success,1,-1,1,1,0,1,1,1,4075238685,2734561081,300,False,7,7,7,0.0,22.0,0.19666666666666666,0.19666666666666666,0.19666666666666666
1533,255,../environments/smooth.17.csv,dist_only_social_success,1,-1,1,1,0,1,1,1,4075238685,2734561081,400,False,10,10,10,0.0,29.0,0.205,0.205,0.205
1534,255,../environments/smooth.17.csv,dist_only_social_success,1,-1,1,1,0,1,1,1,4075238685,2734561081,500,False,13,13,13,0.0,36.0,0.192,0.192,0.192
1535,255,../environments/smooth.17.csv,dist_only_social_success,1,-1,1,1,0,1,1,1,4075238685,2734561081,599,False,15,15,15,0.0,44.0,0.19031719532554256,0.19031719532554256,0.19031719532554256
1536,256,../environments/smooth.17.csv,dist_only_social_success,1,-1,1,1,0,1,1,1,4075238685,1253946826,100,False,0,0,0,0.0,7.0,0.16,0.16,0.16
1537,256,../environments/smooth.17.csv,dist_only_social_success,1,-1,1,1,0,1,1,1,4075238685,1253946826,200,False,2,2,2,0.0,14.0,0.195,0.195,0.195
1538,256,../environments/smooth.17.csv,dist_only_social_success,1,-1,1,1,0,1,1,1,4075238685,1253946826,300,False,4,4,4,0.0,22.0,0.19666666666666666,0.19666666666666666,0.19666666666666666
1539,256,../environments/smooth.17.csv,dist_only_social_success,1,-1,1,1,0,1,1,1,4075238685,1253946826,400,False,7,7,7,0.0,30.0,0.1775,0.1775,0.1775
1540,256,../environments/smooth.17.csv,dist_only_social_success,1,-1,1,1,0,1,1,1,4075238685,1253946826,500,False,8,8,8,0.0,37.0,0.188,0.188,0.188
1541,256,../environments/smooth.17.csv,dist_only_social_success,1,-1,1,1,0,1,1,1,4075238685,1253946826,599,False,9,9,9,0.0,44.0,0.18196994991652754,0.18196994991652754,0.18196994991652754
1542,257,../environments/smooth.17.csv,dist_only_social_success,1,-1,1,1,0,1,1,1,4075238685,1347984585,100,False,3,3,3,0.0,7.0,0.24,0.24,0.24
1543,257,../environments/smooth.17.csv,dist_only_social_success,1,-1,1,1,0,1,1,1,4075238685,1347984585,200,False,3,3,3,0.0,14.0,0.235,0.235,0.235
1544,257,../environments/smooth.17.csv,dist_only_social_success,1,-1,1,1,0,1,1,1,4075238685,1347984585,300,False,4,4,4,0.0,21.0,0.22666666666666666,0.22666666666666666,0.22666666666666666
1545,257,../environments/smooth.17.csv,dist_only_social_success,1,-1,1,1,0,1,1,1,4075238685,1347984585,400,False,6,6,6,0.0,28.0,0.225,0.225,0.225
1546,257,../environments/smooth.17.csv,dist_only_social_success,1,-1,1,1,0,1,1,1,4075238685,1347984585,500,False,7,7,7,0.0,35.0,0.23,0.23,0.23
1547,257,../environments/smooth.17.csv,dist_only_social_success,1,-1,1,1,0,1,1,1,4075238685,1347984585,599,False,8,8,8,0.0,42.0,0.2287145242070117,0.2287145242070117,0.2287145242070117
1548,258,../environments/smooth.17.csv,dist_only_social_success,1,-1,1,1,0,1,1,1,4075238685,884777651,100,False,0,0,0,0.0,7.0,0.22,0.22,0.22
1549,258,../environments/smooth.17.csv,dist_only_social_success,1,-1,1,1,0,1,1,1,4075238685,884777651,200,False,0,0,0,0.0,14.0,0.21,0.21,0.21
1550,258,../environments/smooth.17.csv,dist_only_social_success,1,-1,1,1,0,1,1,1,4075238685,884777651,300,False,0,0,0,0.0,21.0,0.20333333333333334,0.20333333333333334,0.20333333333333334
1551,258,../environments/smooth.17.csv,dist_only_social_success,1,-1,1,1,0,1,1,1,4075238685,884777651,400,False,5,5,5,0.0,29.0,0.1825,0.1825,0.1825
1552,258,../environments/smooth.17.csv,dist_only_social_success,1,-1,1,1,0,1,1,1,4075238685,884777651,500,False,6,6,6,0.0,37.0,0.184,0.184,0.184
1553,258,../environments/smooth.17.csv,dist_only_social_success,1,-1,1,1,0,1,1,1,4075238685,884777651,599,False,6,6,6,0.0,44.0,0.18196994991652754,0.18196994991652754,0.18196994991652754
1554,259,../environments/smooth.17.csv,dist_only_social_success,1,-1,1,1,0,1,1,1,4075238685,2299003041,100,False,3,3,3,0.0,7.0,0.19,0.19,0.19
1555,259,../environments/smooth.17.csv,dist_only_social_success,1,-1,1,1,0,1,1,1,4075238685,2299003041,200,False,8,8,8,0.0,15.0,0.17,0.17,0.17
1556,259,../environments/smooth.17.csv,dist_only_social_success,1,-1,1,1,0,1,1,1,4075238685,2299003041,300,False,9,9,9,0.0,22.0,0.16666666666666666,0.16666666666666666,0.16666666666666666
1557,259,../environments/smooth.17.csv,dist_only_social_success,1,-1,1,1,0,1,1,1,4075238685,2299003041,400,False,10,10,10,0.0,30.0,0.1775,0.1775,0.1775
1558,259,../environments/smooth.17.csv,dist_only_social_success,1,-1,1,1,0,1,1,1,4075238685,2299003041,500,False,10,10,10,0.0,37.0,0.182,0.182,0.182
1559,259,../environments/smooth.17.csv,dist_only_social_success,1,-1,1,1,0,1,1,1,4075238685,2299003041,599,False,11,11,11,0.0,44.0,0.19198664440734559,0.19198664440734559,0.19198664440734559
1560,260,../environments/smooth.17.csv,dist_only_social_success,1,-1,1,1,0,1,1,1,1315049272,3334515826,100,False,3,3,3,0.0,7.0,0.24,0.24,0.24
1561,260,../environments/smooth.17.csv,dist_only_social_success,1,-1,1,1,0,1,1,1,1315049272,3334515826,200,False,5,5,5,0.0,14.0,0.2,0.2,0.2
1562,260,../environments/smooth.17.csv,dist_only_social_success,1,-1,1,1,0,1,1,1,1315049272,3334515826,300,False,5,5,5,0.0,22.0,0.19666666666666666,0.19666666666666666,0.19666666666666666
1563,260,../environments/smooth.17.csv,dist_only_social_success,1,-1,1,1,0,1,1,1,1315049272,3334515826,400,False,8,8,8,0.0,29.0,0.2,0.2,0.2
1564,260,../environments/smooth.17.csv,dist_only_social_success,1,-1,1,1,0,1,1,1,1315049272,3334515826,500,False,9,9,9,0.0,36.0,0.206,0.206,0.206
1565,260,../environments/smooth.17.csv,dist_only_social_success,1,-1,1,1,0,1,1,1,1315049272,3334515826,599,False,10,10,10,0.0,43.0,0.21035058430717862,0.21035058430717862,0.21035058430717862
1566,261,../environments/smooth.17.csv,dist_only_social_success,1,-1,1,1,0,1,1,1,1315049272,262994761,100,False,1,1,1,0.0,7.0,0.16,0.16,0.16
1567,261,../environments/smooth.17.csv,dist_only_social_success,1,-1,1,1,0,1,1,1,1315049272,262994761,200,False,5,5,5,0.0,15.0,0.18,0.18,0.18
1568,261,../environments/smooth.17.csv,dist_only_social_success,1,-1,1,1,0,1,1,1,1315049272,262994761,300,False,5,5,5,0.0,22.0,0.17333333333333334,0.17333333333333334,0.17333333333333334
1569,261,../environments/smooth.17.csv,dist_only_social_success,1,-1,1,1,0,1,1,1,1315049272,262994761,400,False,5,5,5,0.0,29.0,0.1825,0.1825,0.1825
1570,261,../environments/smooth.17.csv,dist_only_social_success,1,-1,1,1,0,1,1,1,1315049272,262994761,500,False,10,10,10,0.0,37.0,0.172,0.172,0.172
1571,261,../environments/smooth.17.csv,dist_only_social_success,1,-1,1,1,0,1,1,1,1315049272,262994761,599,False,13,13,13,0.0,45.0,0.17529215358931552,0.17529215358931552,0.17529215358931552
1572,262,../environments/smooth.17.csv,dist_only_social_success,1,-1,1,1,0,1,1,1,1315049272,3602806192,100,False,1,1,1,0.0,7.0,0.17,0.17,0.17
1573,262,../environments/smooth.17.csv,dist_only_social_success,1,-1,1,1,0,1,1,1,1315049272,3602806192,200,False,2,2,2,0.0,14.0,0.185,0.185,0.185
1574,262,../environments/smooth.17.csv,dist_only_social_success,1,-1,1,1,0,1,1,1,1315049272,3602806192,300,False,3,3,3,0.0,22.0,0.19666666666666666,0.19666666666666666,0.19666666666666666
1575,262,../environments/smooth.17.csv,dist_only_social_success,1,-1,1,1,0,1,1,1,1315049272,3602806192,400,False,6,6,6,0.0,30.0,0.1775,0.1775,0.1775
1576,262,../environments/smooth.17.csv,dist_only_social_success,1,-1,1,1,0,1,1,1,1315049272,3602806192,500,False,7,7,7,0.0,37.0,0.188,0.188,0.188
1577,262,../environments/smooth.17.csv,dist_only_social_success,1,-1,1,1,0,1,1,1,1315049272,3602806192,599,False,7,7,7,0.0,44.0,0.18030050083472454,0.18030050083472454,0.18030050083472454
1578,263,../environments/smooth.17.csv,dist_only_social_success,1,-1,1,1,0,1,1,1,1315049272,3437971635,100,False,2,2,2,0.0,7.0,0.18,0.18,0.18
1579,263,../environments/smooth.17.csv,dist_only_social_success,1,-1,1,1,0,1,1,1,1315049272,3437971635,200,False,2,2,2,0.0,14.0,0.195,0.195,0.195
1580,263,../environments/smooth.17.csv,dist_only_social_success,1,-1,1,1,0,1,1,1,1315049272,3437971635,300,False,5,5,5,0.0,22.0,0.19,0.19,0.19
1581,263,../environments/smooth.17.csv,dist_only_social_success,1,-1,1,1,0,1,1,1,1315049272,3437971635,400,False,10,10,10,0.0,30.0,0.1775,0.1775,0.1775
1582,263,../environments/smooth.17.csv,dist_only_social_success,1,-1,1,1,0,1,1,1,1315049272,3437971635,500,False,11,11,11,0.0,37.0,0.188,0.188,0.188
1583,263,../environments/smooth.17.csv,dist_only_social_success,1,-1,1,1,0,1,1,1,1315049272,3437971635,599,False,13,13,13,0.0,44.0,0.18196994991652754,0.18196994991652754,0.18196994991652754
1584,264,../environments/smooth.17.csv,dist_only_social_success,1,-1,1,1,0,1,1,1,1315049272,4010425793,100,False,2,2,2,0.0,7.0,0.15,0.15,0.15
1585,264,../environments/smooth.17.csv,dist_only_social_success,1,-1,1,1,0,1,1,1,1315049272,4010425793,200,False,8,8,8,0.0,15.0,0.155,0.155,0.155
1586,264,../environments/smooth.17.csv,dist_only_social_success,1,-1,1,1,0,1,1,1,1315049272,4010425793,300,False,9,9,9,0.0,22.0,0.18333333333333332,0.18333333333333332,0.18333333333333332
1587,264,../environments/smooth.17.csv,dist_only_social_success,1,-1,1,1,0,1,1,1,1315049272,4010425793,400,False,10,10,10,0.0,30.0,0.1775,0.1775,0.1775
1588,264,../environments/smooth.17.csv,dist_only_social_success,1,-1,1,1,0,1,1,1,1315049272,4010425793,500,False,10,10,10,0.0,37.0,0.188,0.188,0.188
1589,264,../environments/smooth.17.csv,dist_only_social_success,1,-1,1,1,0,1,1,1,1315049272,4010425793,599,False,12,12,12,0.0,44.0,0.18864774624373956,0.18864774624373956,0.18864774624373956
1590,265,../environments/smooth.17.csv,dist_only_social_success,1,-1,1,1,0,1,1,1,1315049272,2734561081,100,False,7,7,7,0.0,7.0,0.17,0.17,0.17
1591,265,../environments/smooth.17.csv,dist_only_social_success,1,-1,1,1,0,1,1,1,1315049272,2734561081,200,False,7,7,7,0.0,15.0,0.175,0.175,0.175
1592,265,../environments/smooth.17.csv,dist_only_social_success,1,-1,1,1,0,1,1,1,1315049272,2734561081,300,False,7,7,7,0.0,22.0,0.19666666666666666,0.19666666666666666,0.19666666666666666
1593,265,../environments/smooth.17.csv,dist_only_social_success,1,-1,1,1,0,1,1,1,1315049272,2734561081,400,False,8,8,8,0.0,29.0,0.2025,0.2025,0.2025
1594,265,../environments/smooth.17.csv,dist_only_social_success,1,-1,1,1,0,1,1,1,1315049272,2734561081,500,False,10,10,10,0.0,36.0,0.196,0.196,0.196
1595,265,../environments/smooth.17.csv,dist_only_social_success,1,-1,1,1,0,1,1,1,1315049272,2734561081,599,False,13,13,13,0.0,44.0,0.19365609348914858,0.19365609348914858,0.19365609348914858
1596,266,../environments/smooth.17.csv,dist_only_social_success,1,-1,1,1,0,1,1,1,1315049272,1253946826,100,False,6,6,6,0.0,8.0,0.13,0.13,0.13
1597,266,../environments/smooth.17.csv,dist_only_social_success,1,-1,1,1,0,1,1,1,1315049272,1253946826,200,False,8,8,8,0.0,14.0,0.19,0.19,0.19
1598,266,../environments/smooth.17.csv,dist_only_social_success,1,-1,1,1,0,1,1,1,1315049272,1253946826,300,False,10,10,10,0.0,21.0,0.20333333333333334,0.20333333333333334,0.20333333333333334
1599,266,../environments/smooth.17.csv,dist_only_social_success,1,-1,1,1,0,1,1,1,1315049272,1253946826,400,False,11,11,11,0.0,29.0,0.195,0.195,0.195
1600,266,../environments/smooth.17.csv,dist_only_social_success,1,-1,1,1,0,1,1,1,1315049272,1253946826,500,False,11,11,11,0.0,36.0,0.192,0.192,0.192
1601,266,../environments/smooth.17.csv,dist_only_social_success,1,-1,1,1,0,1,1,1,1315049272,1253946826,599,False,13,13,13,0.0,44.0,0.18864774624373956,0.18864774624373956,0.18864774624373956
1602,267,../environments/smooth.17.csv,dist_only_social_success,1,-1,1,1,0,1,1,1,1315049272,1347984585,100,False,3,3,3,0.0,7.0,0.23,0.23,0.23
1603,267,../environments/smooth.17.csv,dist_only_social_success,1,-1,1,1,0,1,1,1,1315049272,1347984585,200,False,7,7,7,0.0,14.0,0.205,0.205,0.205
1604,267,../environments/smooth.17.csv,dist_only_social_success,1,-1,1,1,0,1,1,1,1315049272,1347984585,300,False,9,9,9,0.0,21.0,0.20666666666666667,0.20666666666666667,0.20666666666666667
1605,267,../environments/smooth.17.csv,dist_only_social_success,1,-1,1,1,0,1,1,1,1315049272,1347984585,400,False,14,14,14,0.0,29.0,0.205,0.205,0.205
1606,267,../environments/smooth.17.csv,dist_only_social_success,1,-1,1,1,0,1,1,1,1315049272,1347984585,500,False,14,14,14,0.0,36.0,0.208,0.208,0.208
1607,267,../environments/smooth.17.csv,dist_only_social_success,1,-1,1,1,0,1,1,1,1315049272,1347984585,599,False,15,15,15,0.0,43.0,0.21035058430717862,0.21035058430717862,0.21035058430717862
1608,268,../environments/smooth.17.csv,dist_only_social_success,1,-1,1,1,0,1,1,1,1315049272,884777651,100,False,4,4,4,0.0,7.0,0.21,0.21,0.21
1609,268,../environments/smooth.17.csv,dist_only_social_success,1,-1,1,1,0,1,1,1,1315049272,884777651,200,False,9,9,9,0.0,15.0,0.18,0.18,0.18
1610,268,../environments/smooth.17.csv,dist_only_social_success,1,-1,1,1,0,1,1,1,1315049272,884777651,300,False,14,14,14,0.0,22.0,0.16333333333333333,0.16333333333333333,0.16333333333333333
1611,268,../environments/smooth.17.csv,dist_only_social_success,1,-1,1,1,0,1,1,1,1315049272,884777651,400,False,16,16,16,0.0,30.0,0.1775,0.1775,0.1775
1612,268,../environments/smooth.17.csv,dist_only_social_success,1,-1,1,1,0,1,1,1,1315049272,884777651,500,False,19,19,19,0.0,37.0,0.182,0.182,0.182
1613,268,../environments/smooth.17.csv,dist_only_social_success,1,-1,1,1,0,1,1,1,1315049272,884777651,599,False,19,19,19,0.0,44.0,0.18030050083472454,0.18030050083472454,0.18030050083472454
1614,269,../environments/smooth.17.csv,dist_only_social_success,1,-1,1,1,0,1,1,1,1315049272,2299003041,100,False,4,4,4,0.0,7.0,0.17,0.17,0.17
1615,269,../environments/smooth.17.csv,dist_only_social_success,1,-1,1,1,0,1,1,1,1315049272,2299003041,200,False,5,5,5,0.0,15.0,0.18,0.18,0.18
1616,269,../environments/smooth.17.csv,dist_only_social_success,1,-1,1,1,0,1,1,1,1315049272,2299003041,300,False,9,9,9,0.0,22.0,0.19666666666666666,0.19666666666666666,0.19666666666666666
1617,269,../environments/smooth.17.csv,dist_only_social_success,1,-1,1,1,0,1,1,1,1315049272,2299003041,400,False,13,13,13,0.0,29.0,0.1925,0.1925,0.1925
1618,269,../environments/smooth.17.csv,dist_only_social_success,1,-1,1,1,0,1,1,1,1315049272,2299003041,500,False,13,13,13,0.0,36.0,0.196,0.196,0.196
1619,269,../environments/smooth.17.csv,dist_only_social_success,1,-1,1,1,0,1,1,1,1315049272,2299003041,599,False,17,17,17,0.0,43.0,0.2020033388981636,0.2020033388981636,0.2020033388981636
1620,270,../environments/smooth.17.csv,dist_only_social_success,1,-1,1,1,0,1,1,1,664961228,3334515826,100,False,5,5,5,0.0,7.0,0.2,0.2,0.2
1621,270,../environments/smooth.17.csv,dist_only_social_success,1,-1,1,1,0,1,1,1,664961228,3334515826,200,False,7,7,7,0.0,14.0,0.185,0.185,0.185
1622,270,../environments/smooth.17.csv,dist_only_social_success,1,-1,1,1,0,1,1,1,664961228,3334515826,300,False,10,10,10,0.0,22.0,0.19666666666666666,0.19666666666666666,0.19666666666666666
1623,270,../environments/smooth.17.csv,dist_only_social_success,1,-1,1,1,0,1,1,1,664961228,3334515826,400,False,10,10,10,0.0,29.0,0.185,0.185,0.185
1624,270,../environments/smooth.17.csv,dist_only_social_success,1,-1,1,1,0,1,1,1,664961228,3334515826,500,False,11,11,11,0.0,36.0,0.204,0.204,0.204
1625,270,../environments/smooth.17.csv,dist_only_social_success,1,-1,1,1,0,1,1,1,664961228,3334515826,599,False,13,13,13,0.0,43.0,0.21202003338898165,0.21202003338898165,0.21202003338898165
1626,271,../environments/smooth.17.csv,dist_only_social_success,1,-1,1,1,0,1,1,1,664961228,262994761,100,False,4,4,4,0.0,7.0,0.14,0.14,0.14
1627,271,../environments/smooth.17.csv,dist_only_social_success,1,-1,1,1,0,1,1,1,664961228,262994761,200,False,8,8,8,0.0,15.0,0.18,0.18,0.18
1628,271,../environments/smooth.17.csv,dist_only_social_success,1,-1,1,1,0,1,1,1,664961228,262994761,300,False,9,9,9,0.0,22.0,0.19333333333333333,0.19333333333333333,0.19333333333333333
1629,271,../environments/smooth.17.csv,dist_only_social_success,1,-1,1,1,0,1,1,1,664961228,262994761,400,False,14,14,14,0.0,29.0,0.1875,0.1875,0.1875
1630,271,../environments/smooth.17.csv,dist_only_social_success,1,-1,1,1,0,1,1,1,664961228,262994761,500,False,15,15,15,0.0,37.0,0.184,0.184,0.184
1631,271,../environments/smooth.17.csv,dist_only_social_success,1,-1,1,1,0,1,1,1,664961228,262994761,599,False,15,15,15,0.0,44.0,0.18530884808013356,0.18530884808013356,0.18530884808013356
1632,272,../environments/smooth.17.csv,dist_only_social_success,1,-1,1,1,0,1,1,1,664961228,3602806192,100,False,2,2,2,0.0,7.0,0.18,0.18,0.18
1633,272,../environments/smooth.17.csv,dist_only_social_success,1,-1,1,1,0,1,1,1,664961228,3602806192,200,False,4,4,4,0.0,14.0,0.225,0.225,0.225
1634,272,../environments/smooth.17.csv,dist_only_social_success,1,-1,1,1,0,1,1,1,664961228,3602806192,300,False,4,4,4,0.0,21.0,0.20666666666666667,0.20666666666666667,0.20666666666666667
1635,272,../environments/smooth.17.csv,dist_only_social_success,1,-1,1,1,0,1,1,1,664961228,3602806192,400,False,5,5,5,0.0,29.0,0.1975,0.1975,0.1975
1636,272,../environments/smooth.17.csv,dist_only_social_success,1,-1,1,1,0,1,1,1,664961228,3602806192,500,False,6,6,6,0.0,36.0,0.194,0.194,0.194
1637,272,../environments/smooth.17.csv,dist_only_social_success,1,-1,1,1,0,1,1,1,664961228,3602806192,599,False,7,7,7,0.0,43.0,0.20534223706176963,0.20534223706176963,0.20534223706176963
1638,273,../environments/smooth.17.csv,dist_only_social_success,1,-1,1,1,0,1,1,1,664961228,3437971635,100,False,0,0,0,0.0,7.0,0.19,0.19,0.19
1639,273,../environments/smooth.17.csv,dist_only_social_success,1,-1,1,1,0,1,1,1,664961228,3437971635,200,False,6,6,6,0.0,14.0,0.195,0.195,0.195
1640,273,../environments/smooth.17.csv,dist_only_social_success,1,-1,1,1,0,1,1,1,664961228,3437971635,300,False,6,6,6,0.0,22.0,0.19333333333333333,0.19333333333333333,0.19333333333333333
1641,273,../environments/smooth.17.csv,dist_only_social_success,1,-1,1,1,0,1,1,1,664961228,3437971635,400,False,8,8,8,0.0,29.0,0.185,0.185,0.185
1642,273,../environments/smooth.17.csv,dist_only_social_success,1,-1,1,1,0,1,1,1,664961228,3437971635,500,False,11,11,11,0.0,37.0,0.186,0.186,0.186
1643,273,../environments/smooth.17.csv,dist_only_social_success,1,-1,1,1,0,1,1,1,664961228,3437971635,599,False,15,15,15,0.0,45.0,0.17529215358931552,0.17529215358931552,0.17529215358931552
1644,274,../environments/smooth.17.csv,dist_only_social_success,1,-1,1,1,0,1,1,1,664961228,4010425793,100,False,0,0,0,0.0,7.0,0.18,0.18,0.18
1645,274,../environments/smooth.17.csv,dist_only_social_success,1,-1,1,1,0,1,1,1,664961228,4010425793,200,False,0,0,0,0.0,14.0,0.205,0.205,0.205
1646,274,../environments/smooth.17.csv,dist_only_social_success,1,-1,1,1,0,1,1,1,664961228,4010425793,300,False,2,2,2,0.0,21.0,0.20333333333333334,0.20333333333333334,0.20333333333333334
1647,274,../environments/smooth.17.csv,dist_only_social_success,1,-1,1,1,0,1,1,1,664961228,4010425793,400,False,3,3,3,0.0,29.0,0.205,0.205,0.205
1648,274,../environments/smooth.17.csv,dist_only_social_success,1,-1,1,1,0,1,1,1,664961228,4010425793,500,False,3,3,3,0.0,36.0,0.202,0.202,0.202
1649,274,../environments/smooth.17.csv,dist_only_social_success,1,-1,1,1,0,1,1,1,664961228,4010425793,599,False,4,4,4,0.0,43.0,0.2020033388981636,0.2020033388981636,0.2020033388981636
1650,275,../environments/smooth.17.csv,dist_only_social_success,1,-1,1,1,0,1,1,1,664961228,2734561081,100,False,1,1,1,0.0,7.0,0.23,0.23,0.23
1651,275,../environments/smooth.17.csv,dist_only_social_success,1,-1,1,1,0,1,1,1,664961228,2734561081,200,False,4,4,4,0.0,14.0,0.195,0.195,0.195
1652,275,../environments/smooth.17.csv,dist_only_social_success,1,-1,1,1,0,1,1,1,664961228,2734561081,300,False,4,4,4,0.0,22.0,0.19666666666666666,0.19666666666666666,0.19666666666666666
1653,275,../environments/smooth.17.csv,dist_only_social_success,1,-1,1,1,0,1,1,1,664961228,2734561081,400,False,7,7,7,0.0,29.0,0.205,0.205,0.205
1654,275,../environments/smooth.17.csv,dist_only_social_success,1,-1,1,1,0,1,1,1,664961228,2734561081,500,False,11,11,11,0.0,36.0,0.196,0.196,0.196
1655,275,../environments/smooth.17.csv,dist_only_social_success,1,-1,1,1,0,1,1,1,664961228,2734561081,599,False,12,12,12,0.0,43.0,0.1986644407345576,0.1986644407345576,0.1986644407345576
1656,276,../environments/smooth.17.csv,dist_only_social_success,1,-1,1,1,0,1,1,1,664961228,1253946826,100,False,0,0,0,0.0,7.0,0.18,0.18,0.18
1657,276,../environments/smooth.17.csv,dist_only_social_success,1,-1,1,1,0,1,1,1,664961228,1253946826,200,False,0,0,0,0.0,14.0,0.21,0.21,0.21
1658,276,../environments/smooth.17.csv,dist_only_social_success,1,-1,1,1,0,1,1,1,664961228,1253946826,300,False,0,0,0,0.0,21.0,0.22333333333333333,0.22333333333333333,0.22333333333333333
1659,276,../environments/smooth.17.csv,dist_only_social_success,1,-1,1,1,0,1,1,1,664961228,1253946826,400,False,0,0,0,0.0,28.0,0.21,0.21,0.21
1660,276,../environments/smooth.17.csv,dist_only_social_success,1,-1,1,1,0,1,1,1,664961228,1253946826,500,False,3,3,3,0.0,36.0,0.206,0.206,0.206
1661,276,../environments/smooth.17.csv,dist_only_social_success,1,-1,1,1,0,1,1,1,664961228,1253946826,599,False,4,4,4,0.0,43.0,0.2020033388981636,0.2020033388981636,0.2020033388981636
1662,277,../environments/smooth.17.csv,dist_only_social_success,1,-1,1,1,0,1,1,1,664961228,1347984585,100,False,1,1,1,0.0,7.0,0.22,0.22,0.22
1663,277,../environments/smooth.17.csv,dist_only_social_success,1,-1,1,1,0,1,1,1,664961228,1347984585,200,False,1,1,1,0.0,14.0,0.235,0.235,0.235
1664,277,../environments/smooth.17.csv,dist_only_social_success,1,-1,1,1,0,1,1,1,664961228,1347984585,300,False,2,2,2,0.0,21.0,0.22,0.22,0.22
1665,277,../environments/smooth.17.csv,dist_only_social_success,1,-1,1,1,0,1,1,1,664961228,1347984585,400,False,4,4,4,0.0,28.0,0.2275,0.2275,0.2275
1666,277,../environments/smooth.17.csv,dist_only_social_success,1,-1,1,1,0,1,1,1,664961228,1347984585,500,False,4,4,4,0.0,35.0,0.218,0.218,0.218
1667,277,../environments/smooth.17.csv,dist_only_social_success,1,-1,1,1,0,1,1,1,664961228,1347984585,599,False,4,4,4,0.0,43.0,0.21202003338898165,0.21202003338898165,0.21202003338898165
1668,278,../environments/smooth.17.csv,dist_only_social_success,1,-1,1,1,0,1,1,1,664961228,884777651,100,False,1,1,1,0.0,7.0,0.24,0.24,0.24
1669,278,../environments/smooth.17.csv,dist_only_social_success,1,-1,1,1,0,1,1,1,664961228,884777651,200,False,4,4,4,0.0,14.0,0.21,0.21,0.21
1670,278,../environments/smooth.17.csv,dist_only_social_success,1,-1,1,1,0,1,1,1,664961228,884777651,300,False,6,6,6,0.0,22.0,0.19666666666666666,0.19666666666666666,0.19666666666666666
1671,278,../environments/smooth.17.csv,dist_only_social_success,1,-1,1,1,0,1,1,1,664961228,884777651,400,False,7,7,7,0.0,29.0,0.195,0.195,0.195
1672,278,../environments/smooth.17.csv,dist_only_social_success,1,-1,1,1,0,1,1,1,664961228,884777651,500,False,9,9,9,0.0,37.0,0.188,0.188,0.188
1673,278,../environments/smooth.17.csv,dist_only_social_success,1,-1,1,1,0,1,1,1,664961228,884777651,599,False,11,11,11,0.0,44.0,0.18864774624373956,0.18864774624373956,0.18864774624373956
1674,279,../environments/smooth.17.csv,dist_only_social_success,1,-1,1,1,0,1,1,1,664961228,2299003041,100,False,3,3,3,0.0,7.0,0.14,0.14,0.14
1675,279,../environments/smooth.17.csv,dist_only_social_success,1,-1,1,1,0,1,1,1,664961228,2299003041,200,False,7,7,7,0.0,15.0,0.17,0.17,0.17
1676,279,../environments/smooth.17.csv,dist_only_social_success,1,-1,1,1,0,1,1,1,664961228,2299003041,300,False,9,9,9,0.0,22.0,0.16666666666666666,0.16666666666666666,0.16666666666666666
1677,279,../environments/smooth.17.csv,dist_only_social_success,1,-1,1,1,0,1,1,1,664961228,2299003041,400,False,11,11,11,0.0,30.0,0.1675,0.1675,0.1675
1678,279,../environments/smooth.17.csv,dist_only_social_success,1,-1,1,1,0,1,1,1,664961228,2299003041,500,False,14,14,14,0.0,37.0,0.168,0.168,0.168
1679,279,../environments/smooth.17.csv,dist_only_social_success,1,-1,1,1,0,1,1,1,664961228,2299003041,599,False,17,17,17,0.0,45.0,0.17529215358931552,0.17529215358931552,0.17529215358931552
1680,280,../environments/smooth.17.csv,dist_only_social_success,1,-1,1,1,0,1,1,1,1177807013,3334515826,100,False,1,1,1,0.0,6.0,0.25,0.25,0.25
1681,280,../environments/smooth.17.csv,dist_only_social_success,1,-1,1,1,0,1,1,1,1177807013,3334515826,200,False,3,3,3,0.0,14.0,0.23,0.23,0.23
1682,280,../environments/smooth.17.csv,dist_only_social_success,1,-1,1,1,0,1,1,1,1177807013,3334515826,300,False,8,8,8,0.0,21.0,0.2,0.2,0.2
1683,280,../environments/smooth.17.csv,dist_only_social_success,1,-1,1,1,0,1,1,1,1177807013,3334515826,400,False,9,9,9,0.0,29.0,0.1925,0.1925,0.1925
1684,280,../environments/smooth.17.csv,dist_only_social_success,1,-1,1,1,0,1,1,1,1177807013,3334515826,500,False,9,9,9,0.0,36.0,0.206,0.206,0.206
1685,280,../environments/smooth.17.csv,dist_only_social_success,1,-1,1,1,0,1,1,1,1177807013,3334515826,599,False,10,10,10,0.0,42.0,0.21702838063439064,0.21702838063439064,0.21702838063439064
1686,281,../environments/smooth.17.csv,dist_only_social_success,1,-1,1,1,0,1,1,1,1177807013,262994761,100,False,1,1,1,0.0,7.0,0.19,0.19,0.19
1687,281,../environments/smooth.17.csv,dist_only_social_success,1,-1,1,1,0,1,1,1,1177807013,262994761,200,False,2,2,2,0.0,15.0,0.18,0.18,0.18
1688,281,../environments/smooth.17.csv,dist_only_social_success,1,-1,1,1,0,1,1,1,1177807013,262994761,300,False,4,4,4,0.0,22.0,0.18666666666666668,0.18666666666666668,0.18666666666666668
1689,281,../environments/smooth.17.csv,dist_only_social_success,1,-1,1,1,0,1,1,1,1177807013,262994761,400,False,5,5,5,0.0,29.0,0.1925,0.1925,0.1925
1690,281,../environments/smooth.17.csv,dist_only_social_success,1,-1,1,1,0,1,1,1,1177807013,262994761,500,False,10,10,10,0.0,36.0,0.198,0.198,0.198
1691,281,../environments/smooth.17.csv,dist_only_social_success,1,-1,1,1,0,1,1,1,1177807013,262994761,599,False,12,12,12,0.0,44.0,0.19365609348914858,0.19365609348914858,0.19365609348914858
1692,282,../environments/smooth.17.csv,dist_only_social_success,1,-1,1,1,0,1,1,1,1177807013,3602806192,100,False,0,0,0,0.0,7.0,0.21,0.21,0.21
1693,282,../environments/smooth.17.csv,dist_only_social_success,1,-1,1,1,0,1,1,1,1177807013,3602806192,200,False,1,1,1,0.0,14.0,0.21,0.21,0.21
1694,282,../environments/smooth.17.csv,dist_only_social_success,1,-1,1,1,0,1,1,1,1177807013,3602806192,300,False,2,2,2,0.0,21.0,0.21333333333333335,0.21333333333333335,0.21333333333333335
1695,282,../environments/smooth.17.csv,dist_only_social_success,1,-1,1,1,0,1,1,1,1177807013,3602806192,400,False,6,6,6,0.0,29.0,0.195,0.195,0.195
1696,282,../environments/smooth.17.csv,dist_only_social_success,1,-1,1,1,0,1,1,1,1177807013,3602806192,500,False,11,11,11,0.0,37.0,0.188,0.188,0.188
1697,282,../environments/smooth.17.csv,dist_only_social_success,1,-1,1,1,0,1,1,1,1177807013,3602806192,599,False,13,13,13,0.0,44.0,0.19365609348914858,0.19365609348914858,0.19365609348914858
1698,283,../environments/smooth.17.csv,dist_only_social_success,1,-1,1,1,0,1,1,1,1177807013,3437971635,100,False,1,1,1,0.0,7.0,0.2,0.2,0.2
1699,283,../environments/smooth.17.csv,dist_only_social_success,1,-1,1,1,0,1,1,1,1177807013,3437971635,200,False,3,3,3,0.0,14.0,0.185,0.185,0.185
1700,283,../environments/smooth.17.csv,dist_only_social_success,1,-1,1,1,0,1,1,1,1177807013,3437971635,300,False,3,3,3,0.0,22.0,0.19666666666666666,0.19666666666666666,0.19666666666666666
1701,283,../environments/smooth.17.csv,dist_only_social_success,1,-1,1,1,0,1,1,1,1177807013,3437971635,400,False,5,5,5,0.0,29.0,0.1875,0.1875,0.1875
1702,283,../environments/smooth.17.csv,dist_only_social_success,1,-1,1,1,0,1,1,1,1177807013,3437971635,500,False,8,8,8,0.0,37.0,0.184,0.184,0.184
1703,283,../environments/smooth.17.csv,dist_only_social_success,1,-1,1,1,0,1,1,1,1177807013,3437971635,599,False,10,10,10,0.0,44.0,0.18363939899833054,0.18363939899833054,0.18363939899833054
1704,284,../environments/smooth.17.csv,dist_only_social_success,1,-1,1,1,0,1,1,1,1177807013,4010425793,100,False,4,4,4,0.0,7.0,0.15,0.15,0.15
1705,284,../environments/smooth.17.csv,dist_only_social_success,1,-1,1,1,0,1,1,1,1177807013,4010425793,200,False,7,7,7,0.0,15.0,0.175,0.175,0.175
1706,284,../environments/smooth.17.csv,dist_only_social_success,1,-1,1,1,0,1,1,1,1177807013,4010425793,300,False,10,10,10,0.0,22.0,0.19666666666666666,0.19666666666666666,0.19666666666666666
1707,284,../environments/smooth.17.csv,dist_only_social_success,1,-1,1,1,0,1,1,1,1177807013,4010425793,400,False,16,16,16,0.0,30.0,0.1775,0.1775,0.1775
1708,284,../environments/smooth.17.csv,dist_only_social_success,1,-1,1,1,0,1,1,1,1177807013,4010425793,500,False,19,19,19,0.0,37.0,0.188,0.188,0.188
1709,284,../environments/smooth.17.csv,dist_only_social_success,1,-1,1,1,0,1,1,1,1177807013,4010425793,599,False,19,19,19,0.0,44.0,0.19198664440734559,0.19198664440734559,0.19198664440734559
1710,285,../environments/smooth.17.csv,dist_only_social_success,1,-1,1,1,0,1,1,1,1177807013,2734561081,100,False,3,3,3,0.0,7.0,0.24,0.24,0.24
1711,285,../environments/smooth.17.csv,dist_only_social_success,1,-1,1,1,0,1,1,1,1177807013,2734561081,200,False,4,4,4,0.0,14.0,0.205,0.205,0.205
1712,285,../environments/smooth.17.csv,dist_only_social_success,1,-1,1,1,0,1,1,1,1177807013,2734561081,300,False,4,4,4,0.0,22.0,0.19666666666666666,0.19666666666666666,0.19666666666666666
1713,285,../environments/smooth.17.csv,dist_only_social_success,1,-1,1,1,0,1,1,1,1177807013,2734561081,400,False,5,5,5,0.0,28.0,0.2075,0.2075,0.2075
1714,285,../environments/smooth.17.csv,dist_only_social_success,1,-1,1,1,0,1,1,1,1177807013,2734561081,500,False,7,7,7,0.0,36.0,0.21,0.21,0.21
1715,285,../environments/smooth.17.csv,dist_only_social_success,1,-1,1,1,0,1,1,1,1177807013,2734561081,599,False,11,11,11,0.0,43.0,0.2003338898163606,0.2003338898163606,0.2003338898163606
1716,286,../environments/smooth.17.csv,dist_only_social_success,1,-1,1,1,0,1,1,1,1177807013,1253946826,100,False,6,6,6,0.0,7.0,0.14,0.14,0.14
1717,286,../environments/smooth.17.csv,dist_only_social_success,1,-1,1,1,0,1,1,1,1177807013,1253946826,200,False,7,7,7,0.0,14.0,0.19,0.19,0.19
1718,286,../environments/smooth.17.csv,dist_only_social_success,1,-1,1,1,0,1,1,1,1177807013,1253946826,300,False,11,11,11,0.0,22.0,0.19,0.19,0.19
1719,286,../environments/smooth.17.csv,dist_only_social_success,1,-1,1,1,0,1,1,1,1177807013,1253946826,400,False,16,16,16,0.0,30.0,0.175,0.175,0.175
1720,286,../environments/smooth.17.csv,dist_only_social_success,1,-1,1,1,0,1,1,1,1177807013,1253946826,500,False,16,16,16,0.0,36.0,0.194,0.194,0.194
1721,286,../environments/smooth.17.csv,dist_only_social_success,1,-1,1,1,0,1,1,1,1177807013,1253946826,599,False,17,17,17,0.0,44.0,0.19198664440734559,0.19198664440734559,0.19198664440734559
1722,287,../environments/smooth.17.csv,dist_only_social_success,1,-1,1,1,0,1,1,1,1177807013,1347984585,100,False,2,2,2,0.0,7.0,0.24,0.24,0.24
1723,287,../environments/smooth.17.csv,dist_only_social_success,1,-1,1,1,0,1,1,1,1177807013,1347984585,200,False,5,5,5,0.0,14.0,0.21,0.21,0.21
1724,287,../environments/smooth.17.csv,dist_only_social_success,1,-1,1,1,0,1,1,1,1177807013,1347984585,300,False,8,8,8,0.0,21.0,0.20333333333333334,0.20333333333333334,0.20333333333333334
1725,287,../environments/smooth.17.csv,dist_only_social_success,1,-1,1,1,0,1,1,1,1177807013,1347984585,400,False,9,9,9,0.0,28.0,0.215,0.215,0.215
1726,287,../environments/smooth.17.csv,dist_only_social_success,1,-1,1,1,0,1,1,1,1177807013,1347984585,500,False,11,11,11,0.0,35.0,0.216,0.216,0.216
1727,287,../environments/smooth.17.csv,dist_only_social_success,1,-1,1,1,0,1,1,1,1177807013,1347984585,599,False,16,16,16,0.0,43.0,0.21202003338898165,0.21202003338898165,0.21202003338898165
1728,288,../environments/smooth.17.csv,dist_only_social_success,1,-1,1,1,0,1,1,1,1177807013,884777651,100,False,3,3,3,0.0,7.0,0.19,0.19,0.19
1729,288,../environments/smooth.17.csv,dist_only_social_success,1,-1,1,1,0,1,1,1,1177807013,884777651,200,False,4,4,4,0.0,15.0,0.18,0.18,0.18
1730,288,../environments/smooth.17.csv,dist_only_social_success,1,-1,1,1,0,1,1,1,1177807013,884777651,300,False,6,6,6,0.0,22.0,0.17666666666666667,0.17666666666666667,0.17666666666666667
1731,288,../environments/smooth.17.csv,dist_only_social_success,1,-1,1,1,0,1,1,1,1177807013,884777651,400,False,9,9,9,0.0,30.0,0.1775,0.1775,0.1775
1732,288,../environments/smooth.17.csv,dist_only_social_success,1,-1,1,1,0,1,1,1,1177807013,884777651,500,False,11,11,11,0.0,37.0,0.17,0.17,0.17
1733,288,../environments/smooth.17.csv,dist_only_social_success,1,-1,1,1,0,1,1,1,1177807013,884777651,599,False,13,13,13,0.0,45.0,0.17028380634390652,0.17028380634390652,0.17028380634390652
1734,289,../environments/smooth.17.csv,dist_only_social_success,1,-1,1,1,0,1,1,1,1177807013,2299003041,100,False,1,1,1,0.0,7.0,0.23,0.23,0.23
1735,289,../environments/smooth.17.csv,dist_only_social_success,1,-1,1,1,0,1,1,1,1177807013,2299003041,200,False,2,2,2,0.0,14.0,0.19,0.19,0.19
1736,289,../environments/smooth.17.csv,dist_only_social_success,1,-1,1,1,0,1,1,1,1177807013,2299003041,300,False,6,6,6,0.0,22.0,0.18666666666666668,0.18666666666666668,0.18666666666666668
1737,289,../environments/smooth.17.csv,dist_only_social_success,1,-1,1,1,0,1,1,1,1177807013,2299003041,400,False,9,9,9,0.0,29.0,0.1825,0.1825,0.1825
1738,289,../environments/smooth.17.csv,dist_only_social_success,1,-1,1,1,0,1,1,1,1177807013,2299003041,500,False,9,9,9,0.0,36.0,0.19,0.19,0.19
1739,289,../environments/smooth.17.csv,dist_only_social_success,1,-1,1,1,0,1,1,1,1177807013,2299003041,599,False,13,13,13,0.0,44.0,0.19365609348914858,0.19365609348914858,0.19365609348914858
1740,290,../environments/smooth.17.csv,dist_only_social_success,1,-1,1,1,0,1,1,1,2622444117,3334515826,100,False,2,2,2,0.0,7.0,0.24,0.24,0.24
1741,290,../environments/smooth.17.csv,dist_only_social_success,1,-1,1,1,0,1,1,1,2622444117,3334515826,200,False,4,4,4,0.0,14.0,0.22,0.22,0.22
1742,290,../environments/smooth.17.csv,dist_only_social_success,1,-1,1,1,0,1,1,1,2622444117,3334515826,300,False,7,7,7,0.0,21.0,0.20333333333333334,0.20333333333333334,0.20333333333333334
1743,290,../environments/smooth.17.csv,dist_only_social_success,1,-1,1,1,0,1,1,1,2622444117,3334515826,400,False,7,7,7,0.0,28.0,0.2225,0.2225,0.2225
1744,290,../environments/smooth.17.csv,dist_only_social_success,1,-1,1,1,0,1,1,1,2622444117,3334515826,500,False,7,7,7,0.0,35.0,0.224,0.224,0.224
1745,290,../environments/smooth.17.csv,dist_only_social_success,1,-1,1,1,0,1,1,1,2622444117,3334515826,599,False,8,8,8,0.0,41.0,0.2353923205342237,0.2353923205342237,0.2353923205342237
1746,291,../environments/smooth.17.csv,dist_only_social_success,1,-1,1,1,0,1,1,1,2622444117,262994761,100,False,5,5,5,0.0,7.0,0.15,0.15,0.15
1747,291,../environments/smooth.17.csv,dist_only_social_success,1,-1,1,1,0,1,1,1,2622444117,262994761,200,False,7,7,7,0.0,15.0,0.175,0.175,0.175
1748,291,../environments/smooth.17.csv,dist_only_social_success,1,-1,1,1,0,1,1,1,2622444117,262994761,300,False,10,10,10,0.0,22.0,0.18,0.18,0.18
1749,291,../environments/smooth.17.csv,dist_only_social_success,1,-1,1,1,0,1,1,1,2622444117,262994761,400,False,10,10,10,0.0,29.0,0.19,0.19,0.19
1750,291,../environments/smooth.17.csv,dist_only_social_success,1,-1,1,1,0,1,1,1,2622444117,262994761,500,False,14,14,14,0.0,37.0,0.182,0.182,0.182
1751,291,../environments/smooth.17.csv,dist_only_social_success,1,-1,1,1,0,1,1,1,2622444117,262994761,599,False,16,16,16,0.0,44.0,0.18363939899833054,0.18363939899833054,0.18363939899833054
1752,292,../environments/smooth.17.csv,dist_only_social_success,1,-1,1,1,0,1,1,1,2622444117,3602806192,100,False,1,1,1,0.0,7.0,0.22,0.22,0.22
1753,292,../environments/smooth.17.csv,dist_only_social_success,1,-1,1,1,0,1,1,1,2622444117,3602806192,200,False,3,3,3,0.0,14.0,0.21,0.21,0.21
1754,292,../environments/smooth.17.csv,dist_only_social_success,1,-1,1,1,0,1,1,1,2622444117,3602806192,300,False,3,3,3,0.0,21.0,0.21333333333333335,0.21333333333333335,0.21333333333333335
1755,292,../environments/smooth.17.csv,dist_only_social_success,1,-1,1,1,0,1,1,1,2622444117,3602806192,400,False,3,3,3,0.0,29.0,0.205,0.205,0.205
1756,292,../environments/smooth.17.csv,dist_only_social_success,1,-1,1,1,0,1,1,1,2622444117,3602806192,500,False,5,5,5,0.0,36.0,0.2,0.2,0.2
1757,292,../environments/smooth.17.csv,dist_only_social_success,1,-1,1,1,0,1,1,1,2622444117,3602806192,599,False,7,7,7,0.0,43.0,0.2036727879799666,0.2036727879799666,0.2036727879799666
1758,293,../environments/smooth.17.csv,dist_only_social_success,1,-1,1,1,0,1,1,1,2622444117,3437971635,100,False,1,1,1,0.0,7.0,0.2,0.2,0.2
1759,293,../environments/smooth.17.csv,dist_only_social_success,1,-1,1,1,0,1,1,1,2622444117,3437971635,200,False,1,1,1,0.0,14.0,0.225,0.225,0.225
1760,293,../environments/smooth.17.csv,dist_only_social_success,1,-1,1,1,0,1,1,1,2622444117,3437971635,300,False,4,4,4,0.0,21.0,0.22666666666666666,0.22666666666666666,0.22666666666666666
1761,293,../environments/smooth.17.csv,dist_only_social_success,1,-1,1,1,0,1,1,1,2622444117,3437971635,400,False,6,6,6,0.0,28.0,0.215,0.215,0.215
1762,293,../environments/smooth.17.csv,dist_only_social_success,1,-1,1,1,0,1,1,1,2622444117,3437971635,500,False,8,8,8,0.0,36.0,0.21,0.21,0.21
1763,293,../environments/smooth.17.csv,dist_only_social_success,1,-1,1,1,0,1,1,1,2622444117,3437971635,599,False,11,11,11,0.0,43.0,0.2036727879799666,0.2036727879799666,0.2036727879799666
1764,294,../environments/smooth.17.csv,dist_only_social_success,1,-1,1,1,0,1,1,1,2622444117,4010425793,100,False,5,5,5,0.0,8.0,0.13,0.13,0.13
1765,294,../environments/smooth.17.csv,dist_only_social_success,1,-1,1,1,0,1,1,1,2622444117,4010425793,200,False,9,9,9,0.0,15.0,0.15,0.15,0.15
1766,294,../environments/smooth.17.csv,dist_only_social_success,1,-1,1,1,0,1,1,1,2622444117,4010425793,300,False,11,11,11,0.0,22.0,0.18333333333333332,0.18333333333333332,0.18333333333333332
1767,294,../environments/smooth.17.csv,dist_only_social_success,1,-1,1,1,0,1,1,1,2622444117,4010425793,400,False,12,12,12,0.0,30.0,0.1775,0.1775,0.1775
1768,294,../environments/smooth.17.csv,dist_only_social_success,1,-1,1,1,0,1,1,1,2622444117,4010425793,500,False,12,12,12,0.0,36.0,0.192,0.192,0.192
1769,294,../environments/smooth.17.csv,dist_only_social_success,1,-1,1,1,0,1,1,1,2622444117,4010425793,599,False,14,14,14,0.0,43.0,0.19532554257095158,0.19532554257095158,0.19532554257095158
1770,295,../environments/smooth.17.csv,dist_only_social_success,1,-1,1,1,0,1,1,1,2622444117,2734561081,100,False,1,1,1,0.0,7.0,0.24,0.24,0.24
1771,295,../environments/smooth.17.csv,dist_only_social_success,1,-1,1,1,0,1,1,1,2622444117,2734561081,200,False,5,5,5,0.0,14.0,0.205,0.205,0.205
1772,295,../environments/smooth.17.csv,dist_only_social_success,1,-1,1,1,0,1,1,1,2622444117,2734561081,300,False,10,10,10,0.0,22.0,0.19666666666666666,0.19666666666666666,0.19666666666666666
1773,295,../environments/smooth.17.csv,dist_only_social_success,1,-1,1,1,0,1,1,1,2622444117,2734561081,400,False,11,11,11,0.0,29.0,0.1975,0.1975,0.1975
1774,295,../environments/smooth.17.csv,dist_only_social_success,1,-1,1,1,0,1,1,1,2622444117,2734561081,500,False,12,12,12,0.0,36.0,0.204,0.204,0.204
1775,295,../environments/smooth.17.csv,dist_only_social_success,1,-1,1,1,0,1,1,1,2622444117,2734561081,599,False,12,12,12,0.0,43.0,0.2036727879799666,0.2036727879799666,0.2036727879799666
1776,296,../environments/smooth.17.csv,dist_only_social_success,1,-1,1,1,0,1,1,1,2622444117,1253946826,100,False,1,1,1,0.0,7.0,0.16,0.16,0.16
1777,296,../environments/smooth.17.csv,dist_only_social_success,1,-1,1,1,0,1,1,1,2622444117,1253946826,200,False,4,4,4,0.0,14.0,0.21,0.21,0.21
1778,296,../environments/smooth.17.csv,dist_only_social_success,1,-1,1,1,0,1,1,1,2622444117,1253946826,300,False,11,11,11,0.0,22.0,0.19666666666666666,0.19666666666666666,0.19666666666666666
1779,296,../environments/smooth.17.csv,dist_only_social_success,1,-1,1,1,0,1,1,1,2622444117,1253946826,400,False,12,12,12,0.0,29.0,0.19,0.19,0.19
1780,296,../environments/smooth.17.csv,dist_only_social_success,1,-1,1,1,0,1,1,1,2622444117,1253946826,500,False,12,12,12,0.0,36.0,0.194,0.194,0.194
1781,296,../environments/smooth.17.csv,dist_only_social_success,1,-1,1,1,0,1,1,1,2622444117,1253946826,599,False,14,14,14,0.0,44.0,0.18363939899833054,0.18363939899833054,0.18363939899833054
1782,297,../environments/smooth.17.csv,dist_only_social_success,1,-1,1,1,0,1,1,1,2622444117,1347984585,100,False,0,0,0,0.0,7.0,0.24,0.24,0.24
1783,297,../environments/smooth.17.csv,dist_only_social_success,1,-1,1,1,0,1,1,1,2622444117,1347984585,200,False,1,1,1,0.0,14.0,0.22,0.22,0.22
1784,297,../environments/smooth.17.csv,dist_only_social_success,1,-1,1,1,0,1,1,1,2622444117,1347984585,300,False,6,6,6,0.0,21.0,0.21333333333333335,0.21333333333333335,0.21333333333333335
1785,297,../environments/smooth.17.csv,dist_only_social_success,1,-1,1,1,0,1,1,1,2622444117,1347984585,400,False,10,10,10,0.0,28.0,0.2225,0.2225,0.2225
1786,297,../environments/smooth.17.csv,dist_only_social_success,1,-1,1,1,0,1,1,1,2622444117,1347984585,500,False,11,11,11,0.0,35.0,0.22,0.22,0.22
1787,297,../environments/smooth.17.csv,dist_only_social_success,1,-1,1,1,0,1,1,1,2622444117,1347984585,599,False,11,11,11,0.0,42.0,0.22036727879799667,0.22036727879799667,0.22036727879799667
1788,298,../environments/smooth.17.csv,dist_only_social_success,1,-1,1,1,0,1,1,1,2622444117,884777651,100,False,2,2,2,0.0,7.0,0.23,0.23,0.23
1789,298,../environments/smooth.17.csv,dist_only_social_success,1,-1,1,1,0,1,1,1,2622444117,884777651,200,False,2,2,2,0.0,14.0,0.235,0.235,0.235
1790,298,../environments/smooth.17.csv,dist_only_social_success,1,-1,1,1,0,1,1,1,2622444117,884777651,300,False,3,3,3,0.0,21.0,0.2,0.2,0.2
1791,298,../environments/smooth.17.csv,dist_only_social_success,1,-1,1,1,0,1,1,1,2622444117,884777651,400,False,6,6,6,0.0,29.0,0.205,0.205,0.205
1792,298,../environments/smooth.17.csv,dist_only_social_success,1,-1,1,1,0,1,1,1,2622444117,884777651,500,False,11,11,11,0.0,36.0,0.198,0.198,0.198
1793,298,../environments/smooth.17.csv,dist_only_social_success,1,-1,1,1,0,1,1,1,2622444117,884777651,599,False,12,12,12,0.0,44.0,0.19198664440734559,0.19198664440734559,0.19198664440734559
1794,299,../environments/smooth.17.csv,dist_only_social_success,1,-1,1,1,0,1,1,1,2622444117,2299003041,100,False,0,0,0,0.0,7.0,0.24,0.24,0.24
1795,299,../environments/smooth.17.csv,dist_only_social_success,1,-1,1,1,0,1,1,1,2622444117,2299003041,200,False,5,5,5,0.0,14.0,0.205,0.205,0.205
1796,299,../environments/smooth.17.csv,dist_only_social_success,1,-1,1,1,0,1,1,1,2622444117,2299003041,300,False,8,8,8,0.0,22.0,0.19666666666666666,0.19666666666666666,0.19666666666666666
1797,299,../environments/smooth.17.csv,dist_only_social_success,1,-1,1,1,0,1,1,1,2622444117,2299003041,400,False,8,8,8,0.0,29.0,0.205,0.205,0.205
1798,299,../environments/smooth.17.csv,dist_only_social_success,1,-1,1,1,0,1,1,1,2622444117,2299003041,500,False,9,9,9,0.0,36.0,0.198,0.198,0.198
1799,299,../environments/smooth.17.csv,dist_only_social_success,1,-1,1,1,0,1,1,1,2622444117,2299003041,599,False,10,10,10,0.0,43.0,0.19699499165275458,0.19699499165275458,0.19699499165275458
1800,300,../environments/random.12.csv,dist_only_social_success,1,-1,1,1,0,1,1,1,2271760180,3334515826,100,False,1,1,1,0.0,7.0,0.18,0.18,0.18
1801,300,../environments/random.12.csv,dist_only_social_success,1,-1,1,1,0,1,1,1,2271760180,3334515826,200,False,2,2,2,0.0,15.0,0.18,0.18,0.18
1802,300,../environments/random.12.csv,dist_only_social_success,1,-1,1,1,0,1,1,1,2271760180,3334515826,300,False,4,4,4,0.0,22.0,0.18666666666666668,0.18666666666666668,0.18666666666666668
1803,300,../environments/random.12.csv,dist_only_social_success,1,-1,1,1,0,1,1,1,2271760180,3334515826,400,False,6,6,6,0.0,30.0,0.1775,0.1775,0.1775
1804,300,../environments/random.12.csv,dist_only_social_success,1,-1,1,1,0,1,1,1,2271760180,3334515826,500,False,10,10,10,0.0,37.0,0.188,0.188,0.188
1805,300,../environments/random.12.csv,dist_only_social_success,1,-1,1,1,0,1,1,1,2271760180,3334515826,599,False,12,12,12,0.0,44.0,0.19365609348914858,0.19365609348914858,0.19365609348914858
1806,301,../environments/random.12.csv,dist_only_social_success,1,-1,1,1,0,1,1,1,2271760180,262994761,100,False,1,1,1,0.0,7.0,0.2,0.2,0.2
1807,301,../environments/random.12.csv,dist_only_social_success,1,-1,1,1,0,1,1,1,2271760180,262994761,200,False,2,2,2,0.0,14.0,0.19,0.19,0.19
1808,301,../environments/random.12.csv,dist_only_social_success,1,-1,1,1,0,1,1,1,2271760180,262994761,300,False,6,6,6,0.0,22.0,0.18333333333333332,0.18333333333333332,0.18333333333333332
1809,301,../environments/random.12.csv,dist_only_social_success,1,-1,1,1,0,1,1,1,2271760180,262994761,400,False,7,7,7,0.0,29.0,0.1875,0.1875,0.1875
1810,301,../environments/random.12.csv,dist_only_social_success,1,-1,1,1,0,1,1,1,2271760180,262994761,500,False,9,9,9,0.0,37.0,0.188,0.188,0.188
1811,301,../environments/random.12.csv,dist_only_social_success,1,-1,1,1,0,1,1,1,2271760180,262994761,599,False,9,9,9,0.0,44.0,0.19031719532554256,0.19031719532554256,0.19031719532554256
1812,302,../environments/random.12.csv,dist_only_social_success,1,-1,1,1,0,1,1,1,2271760180,3602806192,100,False,4,4,4,0.0,7.0,0.18,0.18,0.18
1813,302,../environments/random.12.csv,dist_only_social_success,1,-1,1,1,0,1,1,1,2271760180,3602806192,200,False,5,5,5,0.0,14.0,0.225,0.225,0.225
1814,302,../environments/random.12.csv,dist_only_social_success,1,-1,1,1,0,1,1,1,2271760180,3602806192,300,False,7,7,7,0.0,21.0,0.20333333333333334,0.20333333333333334,0.20333333333333334
1815,302,../environments/random.12.csv,dist_only_social_success,1,-1,1,1,0,1,1,1,2271760180,3602806192,400,False,9,9,9,0.0,29.0,0.205,0.205,0.205
1816,302,../environments/random.12.csv,dist_only_social_success,1,-1,1,1,0,1,1,1,2271760180,3602806192,500,False,11,11,11,0.0,36.0,0.2,0.2,0.2
1817,302,../environments/random.12.csv,dist_only_social_success,1,-1,1,1,0,1,1,1,2271760180,3602806192,599,False,13,13,13,0.0,43.0,0.1986644407345576,0.1986644407345576,0.1986644407345576
1818,303,../environments/random.12.csv,dist_only_social_success,1,-1,1,1,0,1,1,1,2271760180,3437971635,100,False,0,0,0,0.0,7.0,0.2,0.2,0.2
1819,303,../environments/random.12.csv,dist_only_social_success,1,-1,1,1,0,1,1,1,2271760180,3437971635,200,False,2,2,2,0.0,14.0,0.205,0.205,0.205
1820,303,../environments/random.12.csv,dist_only_social_success,1,-1,1,1,0,1,1,1,2271760180,3437971635,300,False,6,6,6,0.0,22.0,0.19666666666666666,0.19666666666666666,0.19666666666666666
1821,303,../environments/random.12.csv,dist_only_social_success,1,-1,1,1,0,1,1,1,2271760180,3437971635,400,False,7,7,7,0.0,29.0,0.1975,0.1975,0.1975
1822,303,../environments/random.12.csv,dist_only_social_success,1,-1,1,1,0,1,1,1,2271760180,3437971635,500,False,8,8,8,0.0,37.0,0.188,0.188,0.188
1823,303,../environments/random.12.csv,dist_only_social_success,1,-1,1,1,0,1,1,1,2271760180,3437971635,599,False,8,8,8,0.0,44.0,0.17863105175292154,0.17863105175292154,0.17863105175292154
1824,304,../environments/random.12.csv,dist_only_social_success,1,-1,1,1,0,1,1,1,2271760180,4010425793,100,False,3,3,3,0.0,7.0,0.17,0.17,0.17
1825,304,../environments/random.12.csv,dist_only_social_success,1,-1,1,1,0,1,1,1,2271760180,4010425793,200,False,4,4,4,0.0,14.0,0.195,0.195,0.195
1826,304,../environments/random.12.csv,dist_only_social_success,1,-1,1,1,0,1,1,1,2271760180,4010425793,300,False,7,7,7,0.0,21.0,0.20666666666666667,0.20666666666666667,0.20666666666666667
1827,304,../environments/random.12.csv,dist_only_social_success,1,-1,1,1,0,1,1,1,2271760180,4010425793,400,False,8,8,8,0.0,29.0,0.205,0.205,0.205
1828,304,../environments/random.12.csv,dist_only_social_success,1,-1,1,1,0,1,1,1,2271760180,4010425793,500,False,10,10,10,0.0,36.0,0.206,0.206,0.206
1829,304,../environments/random.12.csv,dist_only_social_success,1,-1,1,1,0,1,1,1,2271760180,4010425793,599,False,11,11,11,0.0,43.0,0.2003338898163606,0.2003338898163606,0.2003338898163606
1830,305,../environments/random.12.csv,dist_only_social_success,1,-1,1,1,0,1,1,1,2271760180,2734561081,100,False,3,3,3,0.0,7.0,0.2,0.2,0.2
1831,305,../environments/random.12.csv,dist_only_social_success,1,-1,1,1,0,1,1,1,2271760180,2734561081,200,False,4,4,4,0.0,14.0,0.195,0.195,0.195
1832,305,../environments/random.12.csv,dist_only_social_success,1,-1,1,1,0,1,1,1,2271760180,2734561081,300,False,6,6,6,0.0,22.0,0.19666666666666666,0.19666666666666666,0.19666666666666666
1833,305,../environments/random.12.csv,dist_only_social_success,1,-1,1,1,0,1,1,1,2271760180,2734561081,400,False,7,7,7,0.0,29.0,0.195,0.195,0.195
1834,305,../environments/random.12.csv,dist_only_social_success,1,-1,1,1,0,1,1,1,2271760180,2734561081,500,False,9,9,9,0.0,37.0,0.186,0.186,0.186
1835,305,../environments/random.12.csv,dist_only_social_success,1,-1,1,1,0,1,1,1,2271760180,2734561081,599,False,11,11,11,0.0,44.0,0.18363939899833054,0.18363939899833054,0.18363939899833054
1836,306,../environments/random.12.csv,dist_only_social_success,1,-1,1,1,0,1,1,1,2271760180,1253946826,100,False,1,1,1,0.0,7.0,0.17,0.17,0.17
1837,306,../environments/random.12.csv,dist_only_social_success,1,-1,1,1,0,1,1,1,2271760180,1253946826,200,False,3,3,3,0.0,14.0,0.2,0.2,0.2
1838,306,../environments/random.12.csv,dist_only_social_success,1,-1,1,1,0,1,1,1,2271760180,1253946826,300,False,5,5,5,0.0,21.0,0.20333333333333334,0.20333333333333334,0.20333333333333334
1839,306,../environments/random.12.csv,dist_only_social_success,1,-1,1,1,0,1,1,1,2271760180,1253946826,400,False,6,6,6,0.0,29.0,0.2,0.2,0.2
1840,306,../environments/random.12.csv,dist_only_social_success,1,-1,1,1,0,1,1,1,2271760180,1253946826,500,False,7,7,7,0.0,36.0,0.202,0.202,0.202
1841,306,../environments/random.12.csv,dist_only_social_success,1,-1,1,1,0,1,1,1,2271760180,1253946826,599,False,8,8,8,0.0,43.0,0.2003338898163606,0.2003338898163606,0.2003338898163606
1842,307,../environments/random.12.csv,dist_only_social_success,1,-1,1,1,0,1,1,1,2271760180,1347984585,100,False,4,4,4,0.0,7.0,0.23,0.23,0.23
1843,307,../environments/random.12.csv,dist_only_social_success,1,-1,1,1,0,1,1,1,2271760180,1347984585,200,False,5,5,5,0.0,14.0,0.22,0.22,0.22
1844,307,../environments/random.12.csv,dist_only_social_success,1,-1,1,1,0,1,1,1,2271760180,1347984585,300,False,6,6,6,0.0,21.0,0.21666666666666667,0.21666666666666667,0.21666666666666667
1845,307,../environments/random.12.csv,dist_only_social_success,1,-1,1,1,0,1,1,1,2271760180,1347984585,400,False,6,6,6,0.0,28.0,0.2175,0.2175,0.2175
1846,307,../environments/random.12.csv,dist_only_social_success,1,-1,1,1,0,1,1,1,2271760180,1347984585,500,False,8,8,8,0.0,35.0,0.214,0.214,0.214
1847,307,../environments/random.12.csv,dist_only_social_success,1,-1,1,1,0,1,1,1,2271760180,1347984585,599,False,10,10,10,0.0,43.0,0.21202003338898165,0.21202003338898165,0.21202003338898165
1848,308,../environments/random.12.csv,dist_only_social_success,1,-1,1,1,0,1,1,1,2271760180,884777651,100,False,3,3,3,0.0,7.0,0.19,0.19,0.19
1849,308,../environments/random.12.csv,dist_only_social_success,1,-1,1,1,0,1,1,1,2271760180,884777651,200,False,7,7,7,0.0,14.0,0.185,0.185,0.185
1850,308,../environments/random.12.csv,dist_only_social_success,1,-1,1,1,0,1,1,1,2271760180,884777651,300,False,7,7,7,0.0,22.0,0.18666666666666668,0.18666666666666668,0.18666666666666668
1851,308,../environments/random.12.csv,dist_only_social_success,1,-1,1,1,0,1,1,1,2271760180,884777651,400,False,8,8,8,0.0,29.0,0.185,0.185,0.185
1852,308,../environments/random.12.csv,dist_only_social_success,1,-1,1,1,0,1,1,1,2271760180,884777651,500,False,11,11,11,0.0,37.0,0.184,0.184,0.184
1853,308,../environments/random.12.csv,dist_only_social_success,1,-1,1,1,0,1,1,1,2271760180,884777651,599,False,13,13,13,0.0,44.0,0.17696160267111852,0.17696160267111852,0.17696160267111852
1854,309,../environments/random.12.csv,dist_only_social_success,1,-1,1,1,0,1,1,1,2271760180,2299003041,100,False,0,0,0,0.0,7.0,0.18,0.18,0.18
1855,309,../environments/random.12.csv,dist_only_social_success,1,-1,1,1,0,1,1,1,2271760180,2299003041,200,False,2,2,2,0.0,15.0,0.18,0.18,0.18
1856,309,../environments/random.12.csv,dist_only_social_success,1,-1,1,1,0,1,1,1,2271760180,2299003041,300,False,3,3,3,0.0,22.0,0.17,0.17,0.17
1857,309,../environments/random.12.csv,dist_only_social_success,1,-1,1,1,0,1,1,1,2271760180,2299003041,400,False,6,6,6,0.0,30.0,0.1725,0.1725,0.1725
1858,309,../environments/random.12.csv,dist_only_social_success,1,-1,1,1,0,1,1,1,2271760180,2299003041,500,False,9,9,9,0.0,37.0,0.18,0.18,0.18
1859,309,../environments/random.12.csv,dist_only_social_success,1,-1,1,1,0,1,1,1,2271760180,2299003041,599,False,12,12,12,0.0,44.0,0.18030050083472454,0.18030050083472454,0.18030050083472454
1860,310,../environments/random.12.csv,dist_only_social_success,1,-1,1,1,0,1,1,1,2515763587,3334515826,100,False,1,1,1,0.0,7.0,0.19,0.19,0.19
1861,310,../environments/random.12.csv,dist_only_social_success,1,-1,1,1,0,1,1,1,2515763587,3334515826,200,False,2,2,2,0.0,15.0,0.18,0.18,0.18
1862,310,../environments/random.12.csv,dist_only_social_success,1,-1,1,1,0,1,1,1,2515763587,3334515826,300,False,6,6,6,0.0,22.0,0.17,0.17,0.17
1863,310,../environments/random.12.csv,dist_only_social_success,1,-1,1,1,0,1,1,1,2515763587,3334515826,400,False,8,8,8,0.0,30.0,0.175,0.175,0.175
1864,310,../environments/random.12.csv,dist_only_social_success,1,-1,1,1,0,1,1,1,2515763587,3334515826,500,False,9,9,9,0.0,37.0,0.188,0.188,0.188
1865,310,../environments/random.12.csv,dist_only_social_success,1,-1,1,1,0,1,1,1,2515763587,3334515826,599,False,9,9,9,0.0,44.0,0.19365609348914858,0.19365609348914858,0.19365609348914858
1866,311,../environments/random.12.csv,dist_only_social_success,1,-1,1,1,0,1,1,1,2515763587,262994761,100,False,5,5,5,0.0,7.0,0.19,0.19,0.19
1867,311,../environments/random.12.csv,dist_only_social_success,1,-1,1,1,0,1,1,1,2515763587,262994761,200,False,8,8,8,0.0,14.0,0.19,0.19,0.19
1868,311,../environments/random.12.csv,dist_only_social_success,1,-1,1,1,0,1,1,1,2515763587,262994761,300,False,8,8,8,0.0,22.0,0.18,0.18,0.18
1869,311,../environments/random.12.csv,dist_only_social_success,1,-1,1,1,0,1,1,1,2515763587,262994761,400,False,9,9,9,0.0,29.0,0.185,0.185,0.185
1870,311,../environments/random.12.csv,dist_only_social_success,1,-1,1,1,0,1,1,1,2515763587,262994761,500,False,9,9,9,0.0,36.0,0.198,0.198,0.198
1871,311,../environments/random.12.csv,dist_only_social_success,1,-1,1,1,0,1,1,1,2515763587,262994761,599,False,10,10,10,0.0,44.0,0.19031719532554256,0.19031719532554256,0.19031719532554256
1872,312,../environments/random.12.csv,dist_only_social_success,1,-1,1,1,0,1,1,1,2515763587,3602806192,100,False,2,2,2,0.0,7.0,0.18,0.18,0.18
1873,312,../environments/random.12.csv,dist_only_social_success,1,-1,1,1,0,1,1,1,2515763587,3602806192,200,False,4,4,4,0.0,14.0,0.215,0.215,0.215
1874,312,../environments/random.12.csv,dist_only_social_success,1,-1,1,1,0,1,1,1,2515763587,3602806192,300,False,5,5,5,0.0,21.0,0.20333333333333334,0.20333333333333334,0.20333333333333334
1875,312,../environments/random.12.csv,dist_only_social_success,1,-1,1,1,0,1,1,1,2515763587,3602806192,400,False,9,9,9,0.0,29.0,0.205,0.205,0.205
1876,312,../environments/random.12.csv,dist_only_social_success,1,-1,1,1,0,1,1,1,2515763587,3602806192,500,False,10,10,10,0.0,36.0,0.192,0.192,0.192
1877,312,../environments/random.12.csv,dist_only_social_success,1,-1,1,1,0,1,1,1,2515763587,3602806192,599,False,12,12,12,0.0,43.0,0.1986644407345576,0.1986644407345576,0.1986644407345576
1878,313,../environments/random.12.csv,dist_only_social_success,1,-1,1,1,0,1,1,1,2515763587,3437971635,100,False,3,3,3,0.0,7.0,0.19,0.19,0.19
1879,313,../environments/random.12.csv,dist_only_social_success,1,-1,1,1,0,1,1,1,2515763587,3437971635,200,False,6,6,6,0.0,15.0,0.18,0.18,0.18
1880,313,../environments/random.12.csv,dist_only_social_success,1,-1,1,1,0,1,1,1,2515763587,3437971635,300,False,8,8,8,0.0,22.0,0.17666666666666667,0.17666666666666667,0.17666666666666667
1881,313,../environments/random.12.csv,dist_only_social_success,1,-1,1,1,0,1,1,1,2515763587,3437971635,400,False,10,10,10,0.0,30.0,0.1775,0.1775,0.1775
1882,313,../environments/random.12.csv,dist_only_social_success,1,-1,1,1,0,1,1,1,2515763587,3437971635,500,False,10,10,10,0.0,37.0,0.182,0.182,0.182
1883,313,../environments/random.12.csv,dist_only_social_success,1,-1,1,1,0,1,1,1,2515763587,3437971635,599,False,11,11,11,0.0,44.0,0.17863105175292154,0.17863105175292154,0.17863105175292154
1884,314,../environments/random.12.csv,dist_only_social_success,1,-1,1,1,0,1,1,1,2515763587,4010425793,100,False,3,3,3,0.0,7.0,0.16,0.16,0.16
1885,314,../environments/random.12.csv,dist_only_social_success,1,-1,1,1,0,1,1,1,2515763587,4010425793,200,False,4,4,4,0.0,14.0,0.19,0.19,0.19
1886,314,../environments/random.12.csv,dist_only_social_success,1,-1,1,1,0,1,1,1,2515763587,4010425793,300,False,5,5,5,0.0,21.0,0.22333333333333333,0.22333333333333333,0.22333333333333333
1887,314,../environments/random.12.csv,dist_only_social_success,1,-1,1,1,0,1,1,1,2515763587,4010425793,400,False,6,6,6,0.0,28.0,0.2075,0.2075,0.2075
1888,314,../environments/random.12.csv,dist_only_social_success,1,-1,1,1,0,1,1,1,2515763587,4010425793,500,False,8,8,8,0.0,35.0,0.214,0.214,0.214
1889,314,../environments/random.12.csv,dist_only_social_success,1,-1,1,1,0,1,1,1,2515763587,4010425793,599,False,10,10,10,0.0,43.0,0.21202003338898165,0.21202003338898165,0.21202003338898165
1890,315,../environments/random.12.csv,dist_only_social_success,1,-1,1,1,0,1,1,1,2515763587,2734561081,100,False,2,2,2,0.0,7.0,0.22,0.22,0.22
1891,315,../environments/random.12.csv,dist_only_social_success,1,-1,1,1,0,1,1,1,2515763587,2734561081,200,False,4,4,4,0.0,15.0,0.18,0.18,0.18
1892,315,../environments/random.12.csv,dist_only_social_success,1,-1,1,1,0,1,1,1,2515763587,2734561081,300,False,5,5,5,0.0,22.0,0.18333333333333332,0.18333333333333332,0.18333333333333332
1893,315,../environments/random.12.csv,dist_only_social_success,1,-1,1,1,0,1,1,1,2515763587,2734561081,400,False,5,5,5,0.0,29.0,0.19,0.19,0.19
1894,315,../environments/random.12.csv,dist_only_social_success,1,-1,1,1,0,1,1,1,2515763587,2734561081,500,False,9,9,9,0.0,37.0,0.18,0.18,0.18
1895,315,../environments/random.12.csv,dist_only_social_success,1,-1,1,1,0,1,1,1,2515763587,2734561081,599,False,10,10,10,0.0,44.0,0.17696160267111852,0.17696160267111852,0.17696160267111852
1896,316,../environments/random.12.csv,dist_only_social_success,1,-1,1,1,0,1,1,1,2515763587,1253946826,100,False,4,4,4,0.0,8.0,0.13,0.13,0.13
1897,316,../environments/random.12.csv,dist_only_social_success,1,-1,1,1,0,1,1,1,2515763587,1253946826,200,False,5,5,5,0.0,15.0,0.18,0.18,0.18
1898,316,../environments/random.12.csv,dist_only_social_success,1,-1,1,1,0,1,1,1,2515763587,1253946826,300,False,7,7,7,0.0,22.0,0.19666666666666666,0.19666666666666666,0.19666666666666666
1899,316,../environments/random.12.csv,dist_only_social_success,1,-1,1,1,0,1,1,1,2515763587,1253946826,400,False,8,8,8,0.0,29.0,0.185,0.185,0.185
1900,316,../environments/random.12.csv,dist_only_social_success,1,-1,1,1,0,1,1,1,2515763587,1253946826,500,False,8,8,8,0.0,36.0,0.2,0.2,0.2
1901,316,../environments/random.12.csv,dist_only_social_success,1,-1,1,1,0,1,1,1,2515763587,1253946826,599,False,12,12,12,0.0,43.0,0.19532554257095158,0.19532554257095158,0.19532554257095158
1902,317,../environments/random.12.csv,dist_only_social_success,1,-1,1,1,0,1,1,1,2515763587,1347984585,100,False,2,2,2,0.0,7.0,0.22,0.22,0.22
1903,317,../environments/random.12.csv,dist_only_social_success,1,-1,1,1,0,1,1,1,2515763587,1347984585,200,False,2,2,2,0.0,14.0,0.185,0.185,0.185
1904,317,../environments/random.12.csv,dist_only_social_success,1,-1,1,1,0,1,1,1,2515763587,1347984585,300,False,3,3,3,0.0,21.0,0.20666666666666667,0.20666666666666667,0.20666666666666667
1905,317,../environments/random.12.csv,dist_only_social_success,1,-1,1,1,0,1,1,1,2515763587,1347984585,400,False,3,3,3,0.0,28.0,0.21,0.21,0.21
1906,317,../environments/random.12.csv,dist_only_social_success,1,-1,1,1,0,1,1,1,2515763587,1347984585,500,False,4,4,4,0.0,36.0,0.206,0.206,0.206
1907,317,../environments/random.12.csv,dist_only_social_success,1,-1,1,1,0,1,1,1,2515763587,1347984585,599,False,6,6,6,0.0,43.0,0.2036727879799666,0.2036727879799666,0.2036727879799666
1908,318,../environments/random.12.csv,dist_only_social_success,1,-1,1,1,0,1,1,1,2515763587,884777651,100,False,4,4,4,0.0,7.0,0.19,0.19,0.19
1909,318,../environments/random.12.csv,dist_only_social_success,1,-1,1,1,0,1,1,1,2515763587,884777651,200,False,8,8,8,0.0,15.0,0.18,0.18,0.18
1910,318,../environments/random.12.csv,dist_only_social_success,1,-1,1,1,0,1,1,1,2515763587,884777651,300,False,8,8,8,0.0,22.0,0.19666666666666666,0.19666666666666666,0.19666666666666666
1911,318,../environments/random.12.csv,dist_only_social_success,1,-1,1,1,0,1,1,1,2515763587,884777651,400,False,12,12,12,0.0,29.0,0.1875,0.1875,0.1875
1912,318,../environments/random.12.csv,dist_only_social_success,1,-1,1,1,0,1,1,1,2515763587,884777651,500,False,14,14,14,0.0,37.0,0.184,0.184,0.184
1913,318,../environments/random.12.csv,dist_only_social_success,1,-1,1,1,0,1,1,1,2515763587,884777651,599,False,14,14,14,0.0,44.0,0.18196994991652754,0.18196994991652754,0.18196994991652754
1914,319,../environments/random.12.csv,dist_only_social_success,1,-1,1,1,0,1,1,1,2515763587,2299003041,100,False,2,2,2,0.0,7.0,0.2,0.2,0.2
1915,319,../environments/random.12.csv,dist_only_social_success,1,-1,1,1,0,1,1,1,2515763587,2299003041,200,False,4,4,4,0.0,15.0,0.18,0.18,0.18
1916,319,../environments/random.12.csv,dist_only_social_success,1,-1,1,1,0,1,1,1,2515763587,2299003041,300,False,7,7,7,0.0,22.0,0.17333333333333334,0.17333333333333334,0.17333333333333334
1917,319,../environments/random.12.csv,dist_only_social_success,1,-1,1,1,0,1,1,1,2515763587,2299003041,400,False,10,10,10,0.0,30.0,0.1775,0.1775,0.1775
1918,319,../environments/random.12.csv,dist_only_social_success,1,-1,1,1,0,1,1,1,2515763587,2299003041,500,False,13,13,13,0.0,37.0,0.18,0.18,0.18
1919,319,../environments/random.12.csv,dist_only_social_success,1,-1,1,1,0,1,1,1,2515763587,2299003041,599,False,15,15,15,0.0,44.0,0.18530884808013356,0.18530884808013356,0.18530884808013356
1920,320,../environments/random.12.csv,dist_only_social_success,1,-1,1,1,0,1,1,1,3622058494,3334515826,100,False,1,1,1,0.0,7.0,0.23,0.23,0.23
1921,320,../environments/random.12.csv,dist_only_social_success,1,-1,1,1,0,1,1,1,3622058494,3334515826,200,False,2,2,2,0.0,14.0,0.21,0.21,0.21
1922,320,../environments/random.12.csv,dist_only_social_success,1,-1,1,1,0,1,1,1,3622058494,3334515826,300,False,3,3,3,0.0,21.0,0.20666666666666667,0.20666666666666667,0.20666666666666667
1923,320,../environments/random.12.csv,dist_only_social_success,1,-1,1,1,0,1,1,1,3622058494,3334515826,400,False,5,5,5,0.0,28.0,0.2075,0.2075,0.2075
1924,320,../environments/random.12.csv,dist_only_social_success,1,-1,1,1,0,1,1,1,3622058494,3334515826,500,False,7,7,7,0.0,35.0,0.228,0.228,0.228
1925,320,../environments/random.12.csv,dist_only_social_success,1,-1,1,1,0,1,1,1,3622058494,3334515826,599,False,9,9,9,0.0,41.0,0.23205342237061768,0.23205342237061768,0.23205342237061768
1926,321,../environments/random.12.csv,dist_only_social_success,1,-1,1,1,0,1,1,1,3622058494,262994761,100,False,2,2,2,0.0,7.0,0.14,0.14,0.14
1927,321,../environments/random.12.csv,dist_only_social_success,1,-1,1,1,0,1,1,1,3622058494,262994761,200,False,5,5,5,0.0,15.0,0.18,0.18,0.18
1928,321,../environments/random.12.csv,dist_only_social_success,1,-1,1,1,0,1,1,1,3622058494,262994761,300,False,5,5,5,0.0,22.0,0.19666666666666666,0.19666666666666666,0.19666666666666666
1929,321,../environments/random.12.csv,dist_only_social_success,1,-1,1,1,0,1,1,1,3622058494,262994761,400,False,7,7,7,0.0,29.0,0.1975,0.1975,0.1975
1930,321,../environments/random.12.csv,dist_only_social_success,1,-1,1,1,0,1,1,1,3622058494,262994761,500,False,8,8,8,0.0,36.0,0.196,0.196,0.196
1931,321,../environments/random.12.csv,dist_only_social_success,1,-1,1,1,0,1,1,1,3622058494,262994761,599,False,13,13,13,0.0,43.0,0.19532554257095158,0.19532554257095158,0.19532554257095158
1932,322,../environments/random.12.csv,dist_only_social_success,1,-1,1,1,0,1,1,1,3622058494,3602806192,100,False,4,4,4,0.0,8.0,0.13,0.13,0.13
1933,322,../environments/random.12.csv,dist_only_social_success,1,-1,1,1,0,1,1,1,3622058494,3602806192,200,False,5,5,5,0.0,15.0,0.175,0.175,0.175
1934,322,../environments/random.12.csv,dist_only_social_success,1,-1,1,1,0,1,1,1,3622058494,3602806192,300,False,6,6,6,0.0,23.0,0.16,0.16,0.16
1935,322,../environments/random.12.csv,dist_only_social_success,1,-1,1,1,0,1,1,1,3622058494,3602806192,400,False,7,7,7,0.0,30.0,0.1625,0.1625,0.1625
1936,322,../environments/random.12.csv,dist_only_social_success,1,-1,1,1,0,1,1,1,3622058494,3602806192,500,False,10,10,10,0.0,37.0,0.186,0.186,0.186
1937,322,../environments/random.12.csv,dist_only_social_success,1,-1,1,1,0,1,1,1,3622058494,3602806192,599,False,10,10,10,0.0,44.0,0.18530884808013356,0.18530884808013356,0.18530884808013356
1938,323,../environments/random.12.csv,dist_only_social_success,1,-1,1,1,0,1,1,1,3622058494,3437971635,100,False,2,2,2,0.0,7.0,0.18,0.18,0.18
1939,323,../environments/random.12.csv,dist_only_social_success,1,-1,1,1,0,1,1,1,3622058494,3437971635,200,False,4,4,4,0.0,14.0,0.19,0.19,0.19
1940,323,../environments/random.12.csv,dist_only_social_success,1,-1,1,1,0,1,1,1,3622058494,3437971635,300,False,7,7,7,0.0,22.0,0.19,0.19,0.19
1941,323,../environments/random.12.csv,dist_only_social_success,1,-1,1,1,0,1,1,1,3622058494,3437971635,400,False,9,9,9,0.0,29.0,0.19,0.19,0.19
1942,323,../environments/random.12.csv,dist_only_social_success,1,-1,1,1,0,1,1,1,3622058494,3437971635,500,False,11,11,11,0.0,37.0,0.188,0.188,0.188
1943,323,../environments/random.12.csv,dist_only_social_success,1,-1,1,1,0,1,1,1,3622058494,3437971635,599,False,12,12,12,0.0,44.0,0.18030050083472454,0.18030050083472454,0.18030050083472454
1944,324,../environments/random.12.csv,dist_only_social_success,1,-1,1,1,0,1,1,1,3622058494,4010425793,100,False,1,1,1,0.0,7.0,0.15,0.15,0.15
1945,324,../environments/random.12.csv,dist_only_social_success,1,-1,1,1,0,1,1,1,3622058494,4010425793,200,False,2,2,2,0.0,15.0,0.175,0.175,0.175
1946,324,../environments/random.12.csv,dist_only_social_success,1,-1,1,1,0,1,1,1,3622058494,4010425793,300,False,2,2,2,0.0,22.0,0.19666666666666666,0.19666666666666666,0.19666666666666666
1947,324,../environments/random.12.csv,dist_only_social_success,1,-1,1,1,0,1,1,1,3622058494,4010425793,400,False,3,3,3,0.0,29.0,0.195,0.195,0.195
1948,324,../environments/random.12.csv,dist_only_social_success,1,-1,1,1,0,1,1,1,3622058494,4010425793,500,False,5,5,5,0.0,36.0,0.204,0.204,0.204
1949,324,../environments/random.12.csv,dist_only_social_success,1,-1,1,1,0,1,1,1,3622058494,4010425793,599,False,7,7,7,0.0,43.0,0.1986644407345576,0.1986644407345576,0.1986644407345576
1950,325,../environments/random.12.csv,dist_only_social_success,1,-1,1,1,0,1,1,1,3622058494,2734561081,100,False,2,2,2,0.0,7.0,0.19,0.19,0.19
1951,325,../environments/random.12.csv,dist_only_social_success,1,-1,1,1,0,1,1,1,3622058494,2734561081,200,False,3,3,3,0.0,14.0,0.195,0.195,0.195
1952,325,../environments/random.12.csv,dist_only_social_success,1,-1,1,1,0,1,1,1,3622058494,2734561081,300,False,5,5,5,0.0,22.0,0.19666666666666666,0.19666666666666666,0.19666666666666666
1953,325,../environments/random.12.csv,dist_only_social_success,1,-1,1,1,0,1,1,1,3622058494,2734561081,400,False,8,8,8,0.0,29.0,0.19,0.19,0.19
1954,325,../environments/random.12.csv,dist_only_social_success,1,-1,1,1,0,1,1,1,3622058494,2734561081,500,False,9,9,9,0.0,37.0,0.188,0.188,0.188
1955,325,../environments/random.12.csv,dist_only_social_success,1,-1,1,1,0,1,1,1,3622058494,2734561081,599,False,11,11,11,0.0,44.0,0.19198664440734559,0.19198664440734559,0.19198664440734559
1956,326,../environments/random.12.csv,dist_only_social_success,1,-1,1,1,0,1,1,1,3622058494,1253946826,100,False,2,2,2,0.0,7.0,0.19,0.19,0.19
1957,326,../environments/random.12.csv,dist_only_social_success,1,-1,1,1,0,1,1,1,3622058494,1253946826,200,False,3,3,3,0.0,14.0,0.2,0.2,0.2
1958,326,../environments/random.12.csv,dist_only_social_success,1,-1,1,1,0,1,1,1,3622058494,1253946826,300,False,6,6,6,0.0,21.0,0.22,0.22,0.22
1959,326,../environments/random.12.csv,dist_only_social_success,1,-1,1,1,0,1,1,1,3622058494,1253946826,400,False,8,8,8,0.0,28.0,0.21,0.21,0.21
1960,326,../environments/random.12.csv,dist_only_social_success,1,-1,1,1,0,1,1,1,3622058494,1253946826,500,False,10,10,10,0.0,36.0,0.21,0.21,0.21
1961,326,../environments/random.12.csv,dist_only_social_success,1,-1,1,1,0,1,1,1,3622058494,1253946826,599,False,11,11,11,0.0,43.0,0.21035058430717862,0.21035058430717862,0.21035058430717862
1962,327,../environments/random.12.csv,dist_only_social_success,1,-1,1,1,0,1,1,1,3622058494,1347984585,100,False,0,0,0,0.0,6.0,0.25,0.25,0.25
1963,327,../environments/random.12.csv,dist_only_social_success,1,-1,1,1,0,1,1,1,3622058494,1347984585,200,False,3,3,3,0.0,14.0,0.235,0.235,0.235
1964,327,../environments/random.12.csv,dist_only_social_success,1,-1,1,1,0,1,1,1,3622058494,1347984585,300,False,4,4,4,0.0,21.0,0.23333333333333334,0.23333333333333334,0.23333333333333334
1965,327,../environments/random.12.csv,dist_only_social_success,1,-1,1,1,0,1,1,1,3622058494,1347984585,400,False,5,5,5,0.0,28.0,0.2325,0.2325,0.2325
1966,327,../environments/random.12.csv,dist_only_social_success,1,-1,1,1,0,1,1,1,3622058494,1347984585,500,False,5,5,5,0.0,35.0,0.232,0.232,0.232
1967,327,../environments/random.12.csv,dist_only_social_success,1,-1,1,1,0,1,1,1,3622058494,1347984585,599,False,7,7,7,0.0,42.0,0.22537562604340566,0.22537562604340566,0.22537562604340566
1968,328,../environments/random.12.csv,dist_only_social_success,1,-1,1,1,0,1,1,1,3622058494,884777651,100,False,1,1,1,0.0,6.0,0.27,0.27,0.27
1969,328,../environments/random.12.csv,dist_only_social_success,1,-1,1,1,0,1,1,1,3622058494,884777651,200,False,1,1,1,0.0,14.0,0.205,0.205,0.205
1970,328,../environments/random.12.csv,dist_only_social_success,1,-1,1,1,0,1,1,1,3622058494,884777651,300,False,3,3,3,0.0,21.0,0.20666666666666667,0.20666666666666667,0.20666666666666667
1971,328,../environments/random.12.csv,dist_only_social_success,1,-1,1,1,0,1,1,1,3622058494,884777651,400,False,5,5,5,0.0,29.0,0.205,0.205,0.205
1972,328,../environments/random.12.csv,dist_only_social_success,1,-1,1,1,0,1,1,1,3622058494,884777651,500,False,7,7,7,0.0,36.0,0.204,0.204,0.204
1973,328,../environments/random.12.csv,dist_only_social_success,1,-1,1,1,0,1,1,1,3622058494,884777651,599,False,8,8,8,0.0,44.0,0.19365609348914858,0.19365609348914858,0.19365609348914858
1974,329,../environments/random.12.csv,dist_only_social_success,1,-1,1,1,0,1,1,1,3622058494,2299003041,100,False,1,1,1,0.0,7.0,0.19,0.19,0.19
1975,329,../environments/random.12.csv,dist_only_social_success,1,-1,1,1,0,1,1,1,3622058494,2299003041,200,False,3,3,3,0.0,15.0,0.18,0.18,0.18
1976,329,../environments/random.12.csv,dist_only_social_success,1,-1,1,1,0,1,1,1,3622058494,2299003041,300,False,4,4,4,0.0,22.0,0.18666666666666668,0.18666666666666668,0.18666666666666668
1977,329,../environments/random.12.csv,dist_only_social_success,1,-1,1,1,0,1,1,1,3622058494,2299003041,400,False,5,5,5,0.0,29.0,0.1875,0.1875,0.1875
1978,329,../environments/random.12.csv,dist_only_social_success,1,-1,1,1,0,1,1,1,3622058494,2299003041,500,False,7,7,7,0.0,37.0,0.188,0.188,0.188
1979,329,../environments/random.12.csv,dist_only_social_success,1,-1,1,1,0,1,1,1,3622058494,2299003041,599,False,8,8,8,0.0,44.0,0.19365609348914858,0.19365609348914858,0.19365609348914858
1980,330,../environments/random.12.csv,dist_only_social_success,1,-1,1,1,0,1,1,1,3859649351,3334515826,100,False,2,2,2,0.0,7.0,0.24,0.24,0.24
1981,330,../environments/random.12.csv,dist_only_social_success,1,-1,1,1,0,1,1,1,3859649351,3334515826,200,False,5,5,5,0.0,14.0,0.2,0.2,0.2
1982,330,../environments/random.12.csv,dist_only_social_success,1,-1,1,1,0,1,1,1,3859649351,3334515826,300,False,7,7,7,0.0,22.0,0.18333333333333332,0.18333333333333332,0.18333333333333332
1983,330,../environments/random.12.csv,dist_only_social_success,1,-1,1,1,0,1,1,1,3859649351,3334515826,400,False,9,9,9,0.0,30.0,0.1725,0.1725,0.1725
1984,330,../environments/random.12.csv,dist_only_social_success,1,-1,1,1,0,1,1,1,3859649351,3334515826,500,False,11,11,11,0.0,36.0,0.2,0.2,0.2
1985,330,../environments/random.12.csv,dist_only_social_success,1,-1,1,1,0,1,1,1,3859649351,3334515826,599,False,11,11,11,0.0,43.0,0.21202003338898165,0.21202003338898165,0.21202003338898165
1986,331,../environments/random.12.csv,dist_only_social_success,1,-1,1,1,0,1,1,1,3859649351,262994761,100,False,2,2,2,0.0,7.0,0.17,0.17,0.17
1987,331,../environments/random.12.csv,dist_only_social_success,1,-1,1,1,0,1,1,1,3859649351,262994761,200,False,4,4,4,0.0,14.0,0.19,0.19,0.19
1988,331,../environments/random.12.csv,dist_only_social_success,1,-1,1,1,0,1,1,1,3859649351,262994761,300,False,6,6,6,0.0,22.0,0.18,0.18,0.18
1989,331,../environments/random.12.csv,dist_only_social_success,1,-1,1,1,0,1,1,1,3859649351,262994761,400,False,7,7,7,0.0,29.0,0.18,0.18,0.18
1990,331,../environments/random.12.csv,dist_only_social_success,1,-1,1,1,0,1,1,1,3859649351,262994761,500,False,9,9,9,0.0,37.0,0.188,0.188,0.188
1991,331,../environments/random.12.csv,dist_only_social_success,1,-1,1,1,0,1,1,1,3859649351,262994761,599,False,13,13,13,0.0,44.0,0.18030050083472454,0.18030050083472454,0.18030050083472454
1992,332,../environments/random.12.csv,dist_only_social_success,1,-1,1,1,0,1,1,1,3859649351,3602806192,100,False,2,2,2,0.0,7.0,0.16,0.16,0.16
1993,332,../environments/random.12.csv,dist_only_social_success,1,-1,1,1,0,1,1,1,3859649351,3602806192,200,False,3,3,3,0.0,14.0,0.205,0.205,0.205
1994,332,../environments/random.12.csv,dist_only_social_success,1,-1,1,1,0,1,1,1,3859649351,3602806192,300,False,6,6,6,0.0,22.0,0.19666666666666666,0.19666666666666666,0.19666666666666666
1995,332,../environments/random.12.csv,dist_only_social_success,1,-1,1,1,0,1,1,1,3859649351,3602806192,400,False,7,7,7,0.0,29.0,0.2,0.2,0.2
1996,332,../environments/random.12.csv,dist_only_social_success,1,-1,1,1,0,1,1,1,3859649351,3602806192,500,False,10,10,10,0.0,36.0,0.194,0.194,0.194
1997,332,../environments/random.12.csv,dist_only_social_success,1,-1,1,1,0,1,1,1,3859649351,3602806192,599,False,12,12,12,0.0,44.0,0.19365609348914858,0.19365609348914858,0.19365609348914858
1998,333,../environments/random.12.csv,dist_only_social_success,1,-1,1,1,0,1,1,1,3859649351,3437971635,100,False,2,2,2,0.0,7.0,0.14,0.14,0.14
1999,333,../environments/random.12.csv,dist_only_social_success,1,-1,1,1,0,1,1,1,3859649351,3437971635,200,False,3,3,3,0.0,15.0,0.18,0.18,0.18
2000,333,../environments/random.12.csv,dist_only_social_success,1,-1,1,1,0,1,1,1,3859649351,3437971635,300,False,7,7,7,0.0,22.0,0.19,0.19,0.19
2001,333,../environments/random.12.csv,dist_only_social_success,1,-1,1,1,0,1,1,1,3859649351,3437971635,400,False,9,9,9,0.0,29.0,0.18,0.18,0.18
2002,333,../environments/random.12.csv,dist_only_social_success,1,-1,1,1,0,1,1,1,3859649351,3437971635,500,False,13,13,13,0.0,37.0,0.182,0.182,0.182
2003,333,../environments/random.12.csv,dist_only_social_success,1,-1,1,1,0,1,1,1,3859649351,3437971635,599,False,13,13,13,0.0,45.0,0.17529215358931552,0.17529215358931552,0.17529215358931552
2004,334,../environments/random.12.csv,dist_only_social_success,1,-1,1,1,0,1,1,1,3859649351,4010425793,100,False,1,1,1,0.0,7.0,0.23,0.23,0.23
2005,334,../environments/random.12.csv,dist_only_social_success,1,-1,1,1,0,1,1,1,3859649351,4010425793,200,False,3,3,3,0.0,14.0,0.23,0.23,0.23
2006,334,../environments/random.12.csv,dist_only_social_success,1,-1,1,1,0,1,1,1,3859649351,4010425793,300,False,4,4,4,0.0,21.0,0.21666666666666667,0.21666666666666667,0.21666666666666667
2007,334,../environments/random.12.csv,dist_only_social_success,1,-1,1,1,0,1,1,1,3859649351,4010425793,400,False,6,6,6,0.0,28.0,0.2075,0.2075,0.2075
2008,334,../environments/random.12.csv,dist_only_social_success,1,-1,1,1,0,1,1,1,3859649351,4010425793,500,False,7,7,7,0.0,36.0,0.21,0.21,0.21
2009,334,../environments/random.12.csv,dist_only_social_success,1,-1,1,1,0,1,1,1,3859649351,4010425793,599,False,9,9,9,0.0,43.0,0.21202003338898165,0.21202003338898165,0.21202003338898165
2010,335,../environments/random.12.csv,dist_only_social_success,1,-1,1,1,0,1,1,1,3859649351,2734561081,100,False,0,0,0,0.0,7.0,0.24,0.24,0.24
2011,335,../environments/random.12.csv,dist_only_social_success,1,-1,1,1,0,1,1,1,3859649351,2734561081,200,False,1,1,1,0.0,14.0,0.23,0.23,0.23
2012,335,../environments/random.12.csv,dist_only_social_success,1,-1,1,1,0,1,1,1,3859649351,2734561081,300,False,4,4,4,0.0,22.0,0.19666666666666666,0.19666666666666666,0.19666666666666666
2013,335,../environments/random.12.csv,dist_only_social_success,1,-1,1,1,0,1,1,1,3859649351,2734561081,400,False,6,6,6,0.0,29.0,0.205,0.205,0.205
2014,335,../environments/random.12.csv,dist_only_social_success,1,-1,1,1,0,1,1,1,3859649351,2734561081,500,False,10,10,10,0.0,36.0,0.196,0.196,0.196
2015,335,../environments/random.12.csv,dist_only_social_success,1,-1,1,1,0,1,1,1,3859649351,2734561081,599,False,11,11,11,0.0,44.0,0.19198664440734559,0.19198664440734559,0.19198664440734559
2016,336,../environments/random.12.csv,dist_only_social_success,1,-1,1,1,0,1,1,1,3859649351,1253946826,100,False,1,1,1,0.0,7.0,0.14,0.14,0.14
2017,336,../environments/random.12.csv,dist_only_social_success,1,-1,1,1,0,1,1,1,3859649351,1253946826,200,False,3,3,3,0.0,14.0,0.215,0.215,0.215
2018,336,../environments/random.12.csv,dist_only_social_success,1,-1,1,1,0,1,1,1,3859649351,1253946826,300,False,4,4,4,0.0,21.0,0.22333333333333333,0.22333333333333333,0.22333333333333333
2019,336,../environments/random.12.csv,dist_only_social_success,1,-1,1,1,0,1,1,1,3859649351,1253946826,400,False,6,6,6,0.0,28.0,0.2075,0.2075,0.2075
2020,336,../environments/random.12.csv,dist_only_social_success,1,-1,1,1,0,1,1,1,3859649351,1253946826,500,False,8,8,8,0.0,36.0,0.208,0.208,0.208
2021,336,../environments/random.12.csv,dist_only_social_success,1,-1,1,1,0,1,1,1,3859649351,1253946826,599,False,11,11,11,0.0,43.0,0.1986644407345576,0.1986644407345576,0.1986644407345576
2022,337,../environments/random.12.csv,dist_only_social_success,1,-1,1,1,0,1,1,1,3859649351,1347984585,100,False,2,2,2,0.0,7.0,0.22,0.22,0.22
2023,337,../environments/random.12.csv,dist_only_social_success,1,-1,1,1,0,1,1,1,3859649351,1347984585,200,False,3,3,3,0.0,14.0,0.235,0.235,0.235
2024,337,../environments/random.12.csv,dist_only_social_success,1,-1,1,1,0,1,1,1,3859649351,1347984585,300,False,4,4,4,0.0,21.0,0.21666666666666667,0.21666666666666667,0.21666666666666667
2025,337,../environments/random.12.csv,dist_only_social_success,1,-1,1,1,0,1,1,1,3859649351,1347984585,400,False,6,6,6,0.0,28.0,0.2125,0.2125,0.2125
2026,337,../environments/random.12.csv,dist_only_social_success,1,-1,1,1,0,1,1,1,3859649351,1347984585,500,False,7,7,7,0.0,36.0,0.21,0.21,0.21
2027,337,../environments/random.12.csv,dist_only_social_success,1,-1,1,1,0,1,1,1,3859649351,1347984585,599,False,10,10,10,0.0,42.0,0.22036727879799667,0.22036727879799667,0.22036727879799667
2028,338,../environments/random.12.csv,dist_only_social_success,1,-1,1,1,0,1,1,1,3859649351,884777651,100,False,5,5,5,0.0,7.0,0.2,0.2,0.2
2029,338,../environments/random.12.csv,dist_only_social_success,1,-1,1,1,0,1,1,1,3859649351,884777651,200,False,7,7,7,0.0,15.0,0.17,0.17,0.17
2030,338,../environments/random.12.csv,dist_only_social_success,1,-1,1,1,0,1,1,1,3859649351,884777651,300,False,9,9,9,0.0,22.0,0.18,0.18,0.18
2031,338,../environments/random.12.csv,dist_only_social_success,1,-1,1,1,0,1,1,1,3859649351,884777651,400,False,12,12,12,0.0,29.0,0.18,0.18,0.18
2032,338,../environments/random.12.csv,dist_only_social_success,1,-1,1,1,0,1,1,1,3859649351,884777651,500,False,13,13,13,0.0,37.0,0.178,0.178,0.178
2033,338,../environments/random.12.csv,dist_only_social_success,1,-1,1,1,0,1,1,1,3859649351,884777651,599,False,15,15,15,0.0,44.0,0.18030050083472454,0.18030050083472454,0.18030050083472454
2034,339,../environments/random.12.csv,dist_only_social_success,1,-1,1,1,0,1,1,1,3859649351,2299003041,100,False,2,2,2,0.0,7.0,0.18,0.18,0.18
2035,339,../environments/random.12.csv,dist_only_social_success,1,-1,1,1,0,1,1,1,3859649351,2299003041,200,False,4,4,4,0.0,15.0,0.18,0.18,0.18
2036,339,../environments/random.12.csv,dist_only_social_success,1,-1,1,1,0,1,1,1,3859649351,2299003041,300,False,6,6,6,0.0,22.0,0.17,0.17,0.17
2037,339,../environments/random.12.csv,dist_only_social_success,1,-1,1,1,0,1,1,1,3859649351,2299003041,400,False,8,8,8,0.0,30.0,0.175,0.175,0.175
2038,339,../environments/random.12.csv,dist_only_social_success,1,-1,1,1,0,1,1,1,3859649351,2299003041,500,False,9,9,9,0.0,37.0,0.18,0.18,0.18
2039,339,../environments/random.12.csv,dist_only_social_success,1,-1,1,1,0,1,1,1,3859649351,2299003041,599,False,11,11,11,0.0,44.0,0.18864774624373956,0.18864774624373956,0.18864774624373956
2040,340,../environments/random.12.csv,dist_only_social_success,1,-1,1,1,0,1,1,1,3788962293,3334515826,100,False,2,2,2,0.0,7.0,0.23,0.23,0.23
2041,340,../environments/random.12.csv,dist_only_social_success,1,-1,1,1,0,1,1,1,3788962293,3334515826,200,False,3,3,3,0.0,14.0,0.215,0.215,0.215
2042,340,../environments/random.12.csv,dist_only_social_success,1,-1,1,1,0,1,1,1,3788962293,3334515826,300,False,6,6,6,0.0,21.0,0.20333333333333334,0.20333333333333334,0.20333333333333334
2043,340,../environments/random.12.csv,dist_only_social_success,1,-1,1,1,0,1,1,1,3788962293,3334515826,400,False,10,10,10,0.0,29.0,0.2,0.2,0.2
2044,340,../environments/random.12.csv,dist_only_social_success,1,-1,1,1,0,1,1,1,3788962293,3334515826,500,False,11,11,11,0.0,36.0,0.21,0.21,0.21
2045,340,../environments/random.12.csv,dist_only_social_success,1,-1,1,1,0,1,1,1,3788962293,3334515826,599,False,12,12,12,0.0,42.0,0.22203672787979967,0.22203672787979967,0.22203672787979967
2046,341,../environments/random.12.csv,dist_only_social_success,1,-1,1,1,0,1,1,1,3788962293,262994761,100,False,2,2,2,0.0,8.0,0.13,0.13,0.13
2047,341,../environments/random.12.csv,dist_only_social_success,1,-1,1,1,0,1,1,1,3788962293,262994761,200,False,3,3,3,0.0,15.0,0.155,0.155,0.155
2048,341,../environments/random.12.csv,dist_only_social_success,1,-1,1,1,0,1,1,1,3788962293,262994761,300,False,7,7,7,0.0,22.0,0.17,0.17,0.17
2049,341,../environments/random.12.csv,dist_only_social_success,1,-1,1,1,0,1,1,1,3788962293,262994761,400,False,7,7,7,0.0,30.0,0.175,0.175,0.175
2050,341,../environments/random.12.csv,dist_only_social_success,1,-1,1,1,0,1,1,1,3788962293,262994761,500,False,8,8,8,0.0,37.0,0.186,0.186,0.186
2051,341,../environments/random.12.csv,dist_only_social_success,1,-1,1,1,0,1,1,1,3788962293,262994761,599,False,10,10,10,0.0,44.0,0.18030050083472454,0.18030050083472454,0.18030050083472454
2052,342,../environments/random.12.csv,dist_only_social_success,1,-1,1,1,0,1,1,1,3788962293,3602806192,100,False,3,3,3,0.0,7.0,0.23,0.23,0.23
2053,342,../environments/random.12.csv,dist_only_social_success,1,-1,1,1,0,1,1,1,3788962293,3602806192,200,False,5,5,5,0.0,14.0,0.23,0.23,0.23
2054,342,../environments/random.12.csv,dist_only_social_success,1,-1,1,1,0,1,1,1,3788962293,3602806192,300,False,8,8,8,0.0,21.0,0.21,0.21,0.21
2055,342,../environments/random.12.csv,dist_only_social_success,1,-1,1,1,0,1,1,1,3788962293,3602806192,400,False,9,9,9,0.0,29.0,0.205,0.205,0.205
2056,342,../environments/random.12.csv,dist_only_social_success,1,-1,1,1,0,1,1,1,3788962293,3602806192,500,False,11,11,11,0.0,36.0,0.19,0.19,0.19
2057,342,../environments/random.12.csv,dist_only_social_success,1,-1,1,1,0,1,1,1,3788962293,3602806192,599,False,13,13,13,0.0,43.0,0.19699499165275458,0.19699499165275458,0.19699499165275458
2058,343,../environments/random.12.csv,dist_only_social_success,1,-1,1,1,0,1,1,1,3788962293,3437971635,100,False,1,1,1,0.0,7.0,0.21,0.21,0.21
2059,343,../environments/random.12.csv,dist_only_social_success,1,-1,1,1,0,1,1,1,3788962293,3437971635,200,False,3,3,3,0.0,14.0,0.205,0.205,0.205
2060,343,../environments/random.12.csv,dist_only_social_success,1,-1,1,1,0,1,1,1,3788962293,3437971635,300,False,5,5,5,0.0,21.0,0.21,0.21,0.21
2061,343,../environments/random.12.csv,dist_only_social_success,1,-1,1,1,0,1,1,1,3788962293,3437971635,400,False,7,7,7,0.0,28.0,0.2075,0.2075,0.2075
2062,343,../environments/random.12.csv,dist_only_social_success,1,-1,1,1,0,1,1,1,3788962293,3437971635,500,False,9,9,9,0.0,36.0,0.204,0.204,0.204
2063,343,../environments/random.12.csv,dist_only_social_success,1,-1,1,1,0,1,1,1,3788962293,3437971635,599,False,11,11,11,0.0,44.0,0.19365609348914858,0.19365609348914858,0.19365609348914858
2064,344,../environments/random.12.csv,dist_only_social_success,1,-1,1,1,0,1,1,1,3788962293,4010425793,100,False,3,3,3,0.0,8.0,0.13,0.13,0.13
2065,344,../environments/random.12.csv,dist_only_social_success,1,-1,1,1,0,1,1,1,3788962293,4010425793,200,False,4,4,4,0.0,15.0,0.155,0.155,0.155
2066,344,../environments/random.12.csv,dist_only_social_success,1,-1,1,1,0,1,1,1,3788962293,4010425793,300,False,8,8,8,0.0,22.0,0.19666666666666666,0.19666666666666666,0.19666666666666666
2067,344,../environments/random.12.csv,dist_only_social_success,1,-1,1,1,0,1,1,1,3788962293,4010425793,400,False,12,12,12,0.0,30.0,0.1775,0.1775,0.1775
2068,344,../environments/random.12.csv,dist_only_social_success,1,-1,1,1,0,1,1,1,3788962293,4010425793,500,False,15,15,15,0.0,37.0,0.188,0.188,0.188
2069,344,../environments/random.12.csv,dist_only_social_success,1,-1,1,1,0,1,1,1,3788962293,4010425793,599,False,19,19,19,0.0,44.0,0.17863105175292154,0.17863105175292154,0.17863105175292154
2070,345,../environments/random.12.csv,dist_only_social_success,1,-1,1,1,0,1,1,1,3788962293,2734561081,100,False,2,2,2,0.0,7.0,0.22,0.22,0.22
2071,345,../environments/random.12.csv,dist_only_social_success,1,-1,1,1,0,1,1,1,3788962293,2734561081,200,False,5,5,5,0.0,14.0,0.215,0.215,0.215
2072,345,../environments/random.12.csv,dist_only_social_success,1,-1,1,1,0,1,1,1,3788962293,2734561081,300,False,7,7,7,0.0,21.0,0.2,0.2,0.2
2073,345,../environments/random.12.csv,dist_only_social_success,1,-1,1,1,0,1,1,1,3788962293,2734561081,400,False,8,8,8,0.0,29.0,0.2,0.2,0.2
2074,345,../environments/random.12.csv,dist_only_social_success,1,-1,1,1,0,1,1,1,3788962293,2734561081,500,False,9,9,9,0.0,36.0,0.194,0.194,0.194
2075,345,../environments/random.12.csv,dist_only_social_success,1,-1,1,1,0,1,1,1,3788962293,2734561081,599,False,10,10,10,0.0,44.0,0.19365609348914858,0.19365609348914858,0.19365609348914858
2076,346,../environments/random.12.csv,dist_only_social_success,1,-1,1,1,0,1,1,1,3788962293,1253946826,100,False,2,2,2,0.0,7.0,0.15,0.15,0.15
2077,346,../environments/random.12.csv,dist_only_social_success,1,-1,1,1,0,1,1,1,3788962293,1253946826,200,False,3,3,3,0.0,14.0,0.185,0.185,0.185
2078,346,../environments/random.12.csv,dist_only_social_success,1,-1,1,1,0,1,1,1,3788962293,1253946826,300,False,5,5,5,0.0,21.0,0.20333333333333334,0.20333333333333334,0.20333333333333334
2079,346,../environments/random.12.csv,dist_only_social_success,1,-1,1,1,0,1,1,1,3788962293,1253946826,400,False,8,8,8,0.0,29.0,0.195,0.195,0.195
2080,346,../environments/random.12.csv,dist_only_social_success,1,-1,1,1,0,1,1,1,3788962293,1253946826,500,False,10,10,10,0.0,36.0,0.194,0.194,0.194
2081,346,../environments/random.12.csv,dist_only_social_success,1,-1,1,1,0,1,1,1,3788962293,1253946826,599,False,13,13,13,0.0,44.0,0.19365609348914858,0.19365609348914858,0.19365609348914858
2082,347,../environments/random.12.csv,dist_only_social_success,1,-1,1,1,0,1,1,1,3788962293,1347984585,100,False,1,1,1,0.0,7.0,0.23,0.23,0.23
2083,347,../environments/random.12.csv,dist_only_social_success,1,-1,1,1,0,1,1,1,3788962293,1347984585,200,False,6,6,6,0.0,15.0,0.175,0.175,0.175
2084,347,../environments/random.12.csv,dist_only_social_success,1,-1,1,1,0,1,1,1,3788962293,1347984585,300,False,8,8,8,0.0,22.0,0.18333333333333332,0.18333333333333332,0.18333333333333332
2085,347,../environments/random.12.csv,dist_only_social_success,1,-1,1,1,0,1,1,1,3788962293,1347984585,400,False,9,9,9,0.0,29.0,0.1975,0.1975,0.1975
2086,347,../environments/random.12.csv,dist_only_social_success,1,-1,1,1,0,1,1,1,3788962293,1347984585,500,False,11,11,11,0.0,36.0,0.2,0.2,0.2
2087,347,../environments/random.12.csv,dist_only_social_success,1,-1,1,1,0,1,1,1,3788962293,1347984585,599,False,12,12,12,0.0,43.0,0.2020033388981636,0.2020033388981636,0.2020033388981636
2088,348,../environments/random.12.csv,dist_only_social_success,1,-1,1,1,0,1,1,1,3788962293,884777651,100,False,1,1,1,0.0,7.0,0.24,0.24,0.24
2089,348,../environments/random.12.csv,dist_only_social_success,1,-1,1,1,0,1,1,1,3788962293,884777651,200,False,3,3,3,0.0,14.0,0.2,0.2,0.2
2090,348,../environments/random.12.csv,dist_only_social_success,1,-1,1,1,0,1,1,1,3788962293,884777651,300,False,6,6,6,0.0,22.0,0.19666666666666666,0.19666666666666666,0.19666666666666666
2091,348,../environments/random.12.csv,dist_only_social_success,1,-1,1,1,0,1,1,1,3788962293,884777651,400,False,8,8,8,0.0,29.0,0.205,0.205,0.205
2092,348,../environments/random.12.csv,dist_only_social_success,1,-1,1,1,0,1,1,1,3788962293,884777651,500,False,14,14,14,0.0,37.0,0.188,0.188,0.188
2093,348,../environments/random.12.csv,dist_only_social_success,1,-1,1,1,0,1,1,1,3788962293,884777651,599,False,16,16,16,0.0,44.0,0.18196994991652754,0.18196994991652754,0.18196994991652754
2094,349,../environments/random.12.csv,dist_only_social_success,1,-1,1,1,0,1,1,1,3788962293,2299003041,100,False,2,2,2,0.0,7.0,0.16,0.16,0.16
2095,349,../environments/random.12.csv,dist_only_social_success,1,-1,1,1,0,1,1,1,3788962293,2299003041,200,False,4,4,4,0.0,15.0,0.155,0.155,0.155
2096,349,../environments/random.12.csv,dist_only_social_success,1,-1,1,1,0,1,1,1,3788962293,2299003041,300,False,6,6,6,0.0,22.0,0.17666666666666667,0.17666666666666667,0.17666666666666667
2097,349,../environments/random.12.csv,dist_only_social_success,1,-1,1,1,0,1,1,1,3788962293,2299003041,400,False,8,8,8,0.0,30.0,0.1625,0.1625,0.1625
2098,349,../environments/random.12.csv,dist_only_social_success,1,-1,1,1,0,1,1,1,3788962293,2299003041,500,False,10,10,10,0.0,38.0,0.16,0.16,0.16
2099,349,../environments/random.12.csv,dist_only_social_success,1,-1,1,1,0,1,1,1,3788962293,2299003041,599,False,11,11,11,0.0,45.0,0.1636060100166945,0.1636060100166945,0.1636060100166945
2100,350,../environments/random.12.csv,dist_only_social_success,1,-1,1,1,0,1,1,1,4075238685,3334515826,100,False,0,0,0,0.0,7.0,0.18,0.18,0.18
2101,350,../environments/random.12.csv,dist_only_social_success,1,-1,1,1,0,1,1,1,4075238685,3334515826,200,False,0,0,0,0.0,15.0,0.175,0.175,0.175
2102,350,../environments/random.12.csv,dist_only_social_success,1,-1,1,1,0,1,1,1,4075238685,3334515826,300,False,2,2,2,0.0,22.0,0.19333333333333333,0.19333333333333333,0.19333333333333333
2103,350,../environments/random.12.csv,dist_only_social_success,1,-1,1,1,0,1,1,1,4075238685,3334515826,400,False,3,3,3,0.0,29.0,0.19,0.19,0.19
2104,350,../environments/random.12.csv,dist_only_social_success,1,-1,1,1,0,1,1,1,4075238685,3334515826,500,False,6,6,6,0.0,36.0,0.206,0.206,0.206
2105,350,../environments/random.12.csv,dist_only_social_success,1,-1,1,1,0,1,1,1,4075238685,3334515826,599,False,10,10,10,0.0,43.0,0.20534223706176963,0.20534223706176963,0.20534223706176963
2106,351,../environments/random.12.csv,dist_only_social_success,1,-1,1,1,0,1,1,1,4075238685,262994761,100,False,1,1,1,0.0,7.0,0.2,0.2,0.2
2107,351,../environments/random.12.csv,dist_only_social_success,1,-1,1,1,0,1,1,1,4075238685,262994761,200,False,4,4,4,0.0,15.0,0.18,0.18,0.18
2108,351,../environments/random.12.csv,dist_only_social_success,1,-1,1,1,0,1,1,1,4075238685,262994761,300,False,7,7,7,0.0,22.0,0.18666666666666668,0.18666666666666668,0.18666666666666668
2109,351,../environments/random.12.csv,dist_only_social_success,1,-1,1,1,0,1,1,1,4075238685,262994761,400,False,8,8,8,0.0,29.0,0.185,0.185,0.185
2110,351,../environments/random.12.csv,dist_only_social_success,1,-1,1,1,0,1,1,1,4075238685,262994761,500,False,9,9,9,0.0,37.0,0.186,0.186,0.186
2111,351,../environments/random.12.csv,dist_only_social_success,1,-1,1,1,0,1,1,1,4075238685,262994761,599,False,10,10,10,0.0,43.0,0.19532554257095158,0.19532554257095158,0.19532554257095158
2112,352,../environments/random.12.csv,dist_only_social_success,1,-1,1,1,0,1,1,1,4075238685,3602806192,100,False,0,0,0,0.0,7.0,0.21,0.21,0.21
2113,352,../environments/random.12.csv,dist_only_social_success,1,-1,1,1,0,1,1,1,4075238685,3602806192,200,False,1,1,1,0.0,14.0,0.21,0.21,0.21
2114,352,../environments/random.12.csv,dist_only_social_success,1,-1,1,1,0,1,1,1,4075238685,3602806192,300,False,3,3,3,0.0,21.0,0.20333333333333334,0.20333333333333334,0.20333333333333334
2115,352,../environments/random.12.csv,dist_only_social_success,1,-1,1,1,0,1,1,1,4075238685,3602806192,400,False,6,6,6,0.0,29.0,0.2025,0.2025,0.2025
2116,352,../environments/random.12.csv,dist_only_social_success,1,-1,1,1,0,1,1,1,4075238685,3602806192,500,False,8,8,8,0.0,37.0,0.188,0.188,0.188
2117,352,../environments/random.12.csv,dist_only_social_success,1,-1,1,1,0,1,1,1,4075238685,3602806192,599,False,10,10,10,0.0,44.0,0.19365609348914858,0.19365609348914858,0.19365609348914858
2118,353,../environments/random.12.csv,dist_only_social_success,1,-1,1,1,0,1,1,1,4075238685,3437971635,100,False,3,3,3,0.0,7.0,0.17,0.17,0.17
2119,353,../environments/random.12.csv,dist_only_social_success,1,-1,1,1,0,1,1,1,4075238685,3437971635,200,False,5,5,5,0.0,15.0,0.18,0.18,0.18
2120,353,../environments/random.12.csv,dist_only_social_success,1,-1,1,1,0,1,1,1,4075238685,3437971635,300,False,9,9,9,0.0,22.0,0.18666666666666668,0.18666666666666668,0.18666666666666668
2121,353,../environments/random.12.csv,dist_only_social_success,1,-1,1,1,0,1,1,1,4075238685,3437971635,400,False,9,9,9,0.0,29.0,0.18,0.18,0.18
2122,353,../environments/random.12.csv,dist_only_social_success,1,-1,1,1,0,1,1,1,4075238685,3437971635,500,False,11,11,11,0.0,37.0,0.178,0.178,0.178
2123,353,../environments/random.12.csv,dist_only_social_success,1,-1,1,1,0,1,1,1,4075238685,3437971635,599,False,13,13,13,0.0,45.0,0.17362270450751252,0.17362270450751252,0.17362270450751252
2124,354,../environments/random.12.csv,dist_only_social_success,1,-1,1,1,0,1,1,1,4075238685,4010425793,100,False,3,3,3,0.0,7.0,0.15,0.15,0.15
2125,354,../environments/random.12.csv,dist_only_social_success,1,-1,1,1,0,1,1,1,4075238685,4010425793,200,False,5,5,5,0.0,14.0,0.185,0.185,0.185
2126,354,../environments/random.12.csv,dist_only_social_success,1,-1,1,1,0,1,1,1,4075238685,4010425793,300,False,6,6,6,0.0,22.0,0.19666666666666666,0.19666666666666666,0.19666666666666666
2127,354,../environments/random.12.csv,dist_only_social_success,1,-1,1,1,0,1,1,1,4075238685,4010425793,400,False,8,8,8,0.0,29.0,0.185,0.185,0.185
2128,354,../environments/random.12.csv,dist_only_social_success,1,-1,1,1,0,1,1,1,4075238685,4010425793,500,False,11,11,11,0.0,36.0,0.194,0.194,0.194
2129,354,../environments/random.12.csv,dist_only_social_success,1,-1,1,1,0,1,1,1,4075238685,4010425793,599,False,15,15,15,0.0,44.0,0.19365609348914858,0.19365609348914858,0.19365609348914858
2130,355,../environments/random.12.csv,dist_only_social_success,1,-1,1,1,0,1,1,1,4075238685,2734561081,100,False,0,0,0,0.0,7.0,0.21,0.21,0.21
2131,355,../environments/random.12.csv,dist_only_social_success,1,-1,1,1,0,1,1,1,4075238685,2734561081,200,False,3,3,3,0.0,14.0,0.19,0.19,0.19
2132,355,../environments/random.12.csv,dist_only_social_success,1,-1,1,1,0,1,1,1,4075238685,2734561081,300,False,4,4,4,0.0,22.0,0.19666666666666666,0.19666666666666666,0.19666666666666666
2133,355,../environments/random.12.csv,dist_only_social_success,1,-1,1,1,0,1,1,1,4075238685,2734561081,400,False,4,4,4,0.0,29.0,0.1975,0.1975,0.1975
2134,355,../environments/random.12.csv,dist_only_social_success,1,-1,1,1,0,1,1,1,4075238685,2734561081,500,False,5,5,5,0.0,37.0,0.188,0.188,0.188
2135,355,../environments/random.12.csv,dist_only_social_success,1,-1,1,1,0,1,1,1,4075238685,2734561081,599,False,7,7,7,0.0,44.0,0.18196994991652754,0.18196994991652754,0.18196994991652754
2136,356,../environments/random.12.csv,dist_only_social_success,1,-1,1,1,0,1,1,1,4075238685,1253946826,100,False,2,2,2,0.0,7.0,0.22,0.22,0.22
2137,356,../environments/random.12.csv,dist_only_social_success,1,-1,1,1,0,1,1,1,4075238685,1253946826,200,False,3,3,3,0.0,13.0,0.245,0.245,0.245
2138,356,../environments/random.12.csv,dist_only_social_success,1,-1,1,1,0,1,1,1,4075238685,1253946826,300,False,3,3,3,0.0,21.0,0.23333333333333334,0.23333333333333334,0.23333333333333334
2139,356,../environments/random.12.csv,dist_only_social_success,1,-1,1,1,0,1,1,1,4075238685,1253946826,400,False,5,5,5,0.0,28.0,0.2275,0.2275,0.2275
2140,356,../environments/random.12.csv,dist_only_social_success,1,-1,1,1,0,1,1,1,4075238685,1253946826,500,False,8,8,8,0.0,35.0,0.214,0.214,0.214
2141,356,../environments/random.12.csv,dist_only_social_success,1,-1,1,1,0,1,1,1,4075238685,1253946826,599,False,8,8,8,0.0,43.0,0.2036727879799666,0.2036727879799666,0.2036727879799666
2142,357,../environments/random.12.csv,dist_only_social_success,1,-1,1,1,0,1,1,1,4075238685,1347984585,100,False,2,2,2,0.0,7.0,0.24,0.24,0.24
2143,357,../environments/random.12.csv,dist_only_social_success,1,-1,1,1,0,1,1,1,4075238685,1347984585,200,False,3,3,3,0.0,13.0,0.255,0.255,0.255
2144,357,../environments/random.12.csv,dist_only_social_success,1,-1,1,1,0,1,1,1,4075238685,1347984585,300,False,7,7,7,0.0,21.0,0.23333333333333334,0.23333333333333334,0.23333333333333334
2145,357,../environments/random.12.csv,dist_only_social_success,1,-1,1,1,0,1,1,1,4075238685,1347984585,400,False,8,8,8,0.0,28.0,0.23,0.23,0.23
2146,357,../environments/random.12.csv,dist_only_social_success,1,-1,1,1,0,1,1,1,4075238685,1347984585,500,False,12,12,12,0.0,35.0,0.22,0.22,0.22
2147,357,../environments/random.12.csv,dist_only_social_success,1,-1,1,1,0,1,1,1,4075238685,1347984585,599,False,12,12,12,0.0,42.0,0.21368948247078465,0.21368948247078465,0.21368948247078465
2148,358,../environments/random.12.csv,dist_only_social_success,1,-1,1,1,0,1,1,1,4075238685,884777651,100,False,0,0,0,0.0,7.0,0.22,0.22,0.22
2149,358,../environments/random.12.csv,dist_only_social_success,1,-1,1,1,0,1,1,1,4075238685,884777651,200,False,2,2,2,0.0,14.0,0.2,0.2,0.2
2150,358,../environments/random.12.csv,dist_only_social_success,1,-1,1,1,0,1,1,1,4075238685,884777651,300,False,2,2,2,0.0,22.0,0.19333333333333333,0.19333333333333333,0.19333333333333333
2151,358,../environments/random.12.csv,dist_only_social_success,1,-1,1,1,0,1,1,1,4075238685,884777651,400,False,3,3,3,0.0,29.0,0.1975,0.1975,0.1975
2152,358,../environments/random.12.csv,dist_only_social_success,1,-1,1,1,0,1,1,1,4075238685,884777651,500,False,5,5,5,0.0,37.0,0.186,0.186,0.186
2153,358,../environments/random.12.csv,dist_only_social_success,1,-1,1,1,0,1,1,1,4075238685,884777651,599,False,6,6,6,0.0,44.0,0.17863105175292154,0.17863105175292154,0.17863105175292154
2154,359,../environments/random.12.csv,dist_only_social_success,1,-1,1,1,0,1,1,1,4075238685,2299003041,100,False,1,1,1,0.0,7.0,0.17,0.17,0.17
2155,359,../environments/random.12.csv,dist_only_social_success,1,-1,1,1,0,1,1,1,4075238685,2299003041,200,False,1,1,1,0.0,14.0,0.185,0.185,0.185
2156,359,../environments/random.12.csv,dist_only_social_success,1,-1,1,1,0,1,1,1,4075238685,2299003041,300,False,3,3,3,0.0,22.0,0.18333333333333332,0.18333333333333332,0.18333333333333332
2157,359,../environments/random.12.csv,dist_only_social_success,1,-1,1,1,0,1,1,1,4075238685,2299003041,400,False,4,4,4,0.0,29.0,0.1925,0.1925,0.1925
2158,359,../environments/random.12.csv,dist_only_social_success,1,-1,1,1,0,1,1,1,4075238685,2299003041,500,False,6,6,6,0.0,37.0,0.186,0.186,0.186
2159,359,../environments/random.12.csv,dist_only_social_success,1,-1,1,1,0,1,1,1,4075238685,2299003041,599,False,9,9,9,0.0,44.0,0.18697829716193656,0.18697829716193656,0.18697829716193656
2160,360,../environments/random.12.csv,dist_only_social_success,1,-1,1,1,0,1,1,1,1315049272,3334515826,100,False,1,1,1,0.0,7.0,0.2,0.2,0.2
2161,360,../environments/random.12.csv,dist_only_social_success,1,-1,1,1,0,1,1,1,1315049272,3334515826,200,False,5,5,5,0.0,14.0,0.185,0.185,0.185
2162,360,../environments/random.12.csv,dist_only_social_success,1,-1,1,1,0,1,1,1,1315049272,3334515826,300,False,6,6,6,0.0,22.0,0.19,0.19,0.19
2163,360,../environments/random.12.csv,dist_only_social_success,1,-1,1,1,0,1,1,1,1315049272,3334515826,400,False,7,7,7,0.0,29.0,0.1975,0.1975,0.1975
2164,360,../environments/random.12.csv,dist_only_social_success,1,-1,1,1,0,1,1,1,1315049272,3334515826,500,False,7,7,7,0.0,36.0,0.204,0.204,0.204
2165,360,../environments/random.12.csv,dist_only_social_success,1,-1,1,1,0,1,1,1,1315049272,3334515826,599,False,10,10,10,0.0,43.0,0.21202003338898165,0.21202003338898165,0.21202003338898165
2166,361,../environments/random.12.csv,dist_only_social_success,1,-1,1,1,0,1,1,1,1315049272,262994761,100,False,0,0,0,0.0,7.0,0.16,0.16,0.16
2167,361,../environments/random.12.csv,dist_only_social_success,1,-1,1,1,0,1,1,1,1315049272,262994761,200,False,0,0,0,0.0,15.0,0.18,0.18,0.18
2168,361,../environments/random.12.csv,dist_only_social_success,1,-1,1,1,0,1,1,1,1315049272,262994761,300,False,2,2,2,0.0,22.0,0.18,0.18,0.18
2169,361,../environments/random.12.csv,dist_only_social_success,1,-1,1,1,0,1,1,1,1315049272,262994761,400,False,5,5,5,0.0,29.0,0.18,0.18,0.18
2170,361,../environments/random.12.csv,dist_only_social_success,1,-1,1,1,0,1,1,1,1315049272,262994761,500,False,6,6,6,0.0,37.0,0.174,0.174,0.174
2171,361,../environments/random.12.csv,dist_only_social_success,1,-1,1,1,0,1,1,1,1315049272,262994761,599,False,8,8,8,0.0,45.0,0.17529215358931552,0.17529215358931552,0.17529215358931552
2172,362,../environments/random.12.csv,dist_only_social_success,1,-1,1,1,0,1,1,1,1315049272,3602806192,100,False,1,1,1,0.0,7.0,0.17,0.17,0.17
2173,362,../environments/random.12.csv,dist_only_social_success,1,-1,1,1,0,1,1,1,1315049272,3602806192,200,False,3,3,3,0.0,14.0,0.185,0.185,0.185
2174,362,../environments/random.12.csv,dist_only_social_success,1,-1,1,1,0,1,1,1,1315049272,3602806192,300,False,4,4,4,0.0,22.0,0.19666666666666666,0.19666666666666666,0.19666666666666666
2175,362,../environments/random.12.csv,dist_only_social_success,1,-1,1,1,0,1,1,1,1315049272,3602806192,400,False,8,8,8,0.0,29.0,0.1925,0.1925,0.1925
2176,362,../environments/random.12.csv,dist_only_social_success,1,-1,1,1,0,1,1,1,1315049272,3602806192,500,False,11,11,11,0.0,37.0,0.188,0.188,0.188
2177,362,../environments/random.12.csv,dist_only_social_success,1,-1,1,1,0,1,1,1,1315049272,3602806192,599,False,13,13,13,0.0,44.0,0.17696160267111852,0.17696160267111852,0.17696160267111852
2178,363,../environments/random.12.csv,dist_only_social_success,1,-1,1,1,0,1,1,1,1315049272,3437971635,100,False,3,3,3,0.0,7.0,0.17,0.17,0.17
2179,363,../environments/random.12.csv,dist_only_social_success,1,-1,1,1,0,1,1,1,1315049272,3437971635,200,False,6,6,6,0.0,15.0,0.18,0.18,0.18
2180,363,../environments/random.12.csv,dist_only_social_success,1,-1,1,1,0,1,1,1,1315049272,3437971635,300,False,9,9,9,0.0,22.0,0.17666666666666667,0.17666666666666667,0.17666666666666667
2181,363,../environments/random.12.csv,dist_only_social_success,1,-1,1,1,0,1,1,1,1315049272,3437971635,400,False,12,12,12,0.0,30.0,0.1775,0.1775,0.1775
2182,363,../environments/random.12.csv,dist_only_social_success,1,-1,1,1,0,1,1,1,1315049272,3437971635,500,False,15,15,15,0.0,37.0,0.174,0.174,0.174
2183,363,../environments/random.12.csv,dist_only_social_success,1,-1,1,1,0,1,1,1,1315049272,3437971635,599,False,15,15,15,0.0,45.0,0.17028380634390652,0.17028380634390652,0.17028380634390652
2184,364,../environments/random.12.csv,dist_only_social_success,1,-1,1,1,0,1,1,1,1315049272,4010425793,100,False,1,1,1,0.0,7.0,0.15,0.15,0.15
2185,364,../environments/random.12.csv,dist_only_social_success,1,-1,1,1,0,1,1,1,1315049272,4010425793,200,False,4,4,4,0.0,15.0,0.17,0.17,0.17
2186,364,../environments/random.12.csv,dist_only_social_success,1,-1,1,1,0,1,1,1,1315049272,4010425793,300,False,4,4,4,0.0,22.0,0.19666666666666666,0.19666666666666666,0.19666666666666666
2187,364,../environments/random.12.csv,dist_only_social_success,1,-1,1,1,0,1,1,1,1315049272,4010425793,400,False,6,6,6,0.0,29.0,0.185,0.185,0.185
2188,364,../environments/random.12.csv,dist_only_social_success,1,-1,1,1,0,1,1,1,1315049272,4010425793,500,False,8,8,8,0.0,36.0,0.192,0.192,0.192
2189,364,../environments/random.12.csv,dist_only_social_success,1,-1,1,1,0,1,1,1,1315049272,4010425793,599,False,10,10,10,0.0,43.0,0.19699499165275458,0.19699499165275458,0.19699499165275458
2190,365,../environments/random.12.csv,dist_only_social_success,1,-1,1,1,0,1,1,1,1315049272,2734561081,100,False,1,1,1,0.0,7.0,0.21,0.21,0.21
2191,365,../environments/random.12.csv,dist_only_social_success,1,-1,1,1,0,1,1,1,1315049272,2734561081,200,False,3,3,3,0.0,14.0,0.195,0.195,0.195
2192,365,../environments/random.12.csv,dist_only_social_success,1,-1,1,1,0,1,1,1,1315049272,2734561081,300,False,4,4,4,0.0,22.0,0.19666666666666666,0.19666666666666666,0.19666666666666666
2193,365,../environments/random.12.csv,dist_only_social_success,1,-1,1,1,0,1,1,1,1315049272,2734561081,400,False,9,9,9,0.0,29.0,0.1925,0.1925,0.1925
2194,365,../environments/random.12.csv,dist_only_social_success,1,-1,1,1,0,1,1,1,1315049272,2734561081,500,False,12,12,12,0.0,37.0,0.182,0.182,0.182
2195,365,../environments/random.12.csv,dist_only_social_success,1,-1,1,1,0,1,1,1,1315049272,2734561081,599,False,15,15,15,0.0,44.0,0.17696160267111852,0.17696160267111852,0.17696160267111852
2196,366,../environments/random.12.csv,dist_only_social_success,1,-1,1,1,0,1,1,1,1315049272,1253946826,100,False,1,1,1,0.0,7.0,0.14,0.14,0.14
2197,366,../environments/random.12.csv,dist_only_social_success,1,-1,1,1,0,1,1,1,1315049272,1253946826,200,False,2,2,2,0.0,14.0,0.22,0.22,0.22
2198,366,../environments/random.12.csv,dist_only_social_success,1,-1,1,1,0,1,1,1,1315049272,1253946826,300,False,3,3,3,0.0,21.0,0.22,0.22,0.22
2199,366,../environments/random.12.csv,dist_only_social_success,1,-1,1,1,0,1,1,1,1315049272,1253946826,400,False,4,4,4,0.0,29.0,0.205,0.205,0.205
2200,366,../environments/random.12.csv,dist_only_social_success,1,-1,1,1,0,1,1,1,1315049272,1253946826,500,False,5,5,5,0.0,36.0,0.208,0.208,0.208
2201,366,../environments/random.12.csv,dist_only_social_success,1,-1,1,1,0,1,1,1,1315049272,1253946826,599,False,6,6,6,0.0,43.0,0.2036727879799666,0.2036727879799666,0.2036727879799666
2202,367,../environments/random.12.csv,dist_only_social_success,1,-1,1,1,0,1,1,1,1315049272,1347984585,100,False,2,2,2,0.0,7.0,0.22,0.22,0.22
2203,367,../environments/random.12.csv,dist_only_social_success,1,-1,1,1,0,1,1,1,1315049272,1347984585,200,False,4,4,4,0.0,14.0,0.23,0.23,0.23
2204,367,../environments/random.12.csv,dist_only_social_success,1,-1,1,1,0,1,1,1,1315049272,1347984585,300,False,7,7,7,0.0,21.0,0.22666666666666666,0.22666666666666666,0.22666666666666666
2205,367,../environments/random.12.csv,dist_only_social_success,1,-1,1,1,0,1,1,1,1315049272,1347984585,400,False,8,8,8,0.0,28.0,0.225,0.225,0.225
2206,367,../environments/random.12.csv,dist_only_social_success,1,-1,1,1,0,1,1,1,1315049272,1347984585,500,False,11,11,11,0.0,35.0,0.222,0.222,0.222
2207,367,../environments/random.12.csv,dist_only_social_success,1,-1,1,1,0,1,1,1,1315049272,1347984585,599,False,12,12,12,0.0,42.0,0.21535893155258765,0.21535893155258765,0.21535893155258765
2208,368,../environments/random.12.csv,dist_only_social_success,1,-1,1,1,0,1,1,1,1315049272,884777651,100,False,2,2,2,0.0,7.0,0.21,0.21,0.21
2209,368,../environments/random.12.csv,dist_only_social_success,1,-1,1,1,0,1,1,1,1315049272,884777651,200,False,5,5,5,0.0,15.0,0.18,0.18,0.18
2210,368,../environments/random.12.csv,dist_only_social_success,1,-1,1,1,0,1,1,1,1315049272,884777651,300,False,9,9,9,0.0,22.0,0.18666666666666668,0.18666666666666668,0.18666666666666668
2211,368,../environments/random.12.csv,dist_only_social_success,1,-1,1,1,0,1,1,1,1315049272,884777651,400,False,11,11,11,0.0,29.0,0.1925,0.1925,0.1925
2212,368,../environments/random.12.csv,dist_only_social_success,1,-1,1,1,0,1,1,1,1315049272,884777651,500,False,17,17,17,0.0,36.0,0.19,0.19,0.19
2213,368,../environments/random.12.csv,dist_only_social_success,1,-1,1,1,0,1,1,1,1315049272,884777651,599,False,18,18,18,0.0,44.0,0.18697829716193656,0.18697829716193656,0.18697829716193656
2214,369,../environments/random.12.csv,dist_only_social_success,1,-1,1,1,0,1,1,1,1315049272,2299003041,100,False,2,2,2,0.0,7.0,0.19,0.19,0.19
2215,369,../environments/random.12.csv,dist_only_social_success,1,-1,1,1,0,1,1,1,1315049272,2299003041,200,False,3,3,3,0.0,15.0,0.18,0.18,0.18
2216,369,../environments/random.12.csv,dist_only_social_success,1,-1,1,1,0,1,1,1,1315049272,2299003041,300,False,4,4,4,0.0,21.0,0.2,0.2,0.2
2217,369,../environments/random.12.csv,dist_only_social_success,1,-1,1,1,0,1,1,1,1315049272,2299003041,400,False,6,6,6,0.0,29.0,0.1975,0.1975,0.1975
2218,369,../environments/random.12.csv,dist_only_social_success,1,-1,1,1,0,1,1,1,1315049272,2299003041,500,False,7,7,7,0.0,36.0,0.196,0.196,0.196
2219,369,../environments/random.12.csv,dist_only_social_success,1,-1,1,1,0,1,1,1,1315049272,2299003041,599,False,9,9,9,0.0,43.0,0.2003338898163606,0.2003338898163606,0.2003338898163606
2220,370,../environments/random.12.csv,dist_only_social_success,1,-1,1,1,0,1,1,1,664961228,3334515826,100,False,0,0,0,0.0,7.0,0.17,0.17,0.17
2221,370,../environments/random.12.csv,dist_only_social_success,1,-1,1,1,0,1,1,1,664961228,3334515826,200,False,2,2,2,0.0,15.0,0.175,0.175,0.175
2222,370,../environments/random.12.csv,dist_only_social_success,1,-1,1,1,0,1,1,1,664961228,3334515826,300,False,3,3,3,0.0,22.0,0.18,0.18,0.18
2223,370,../environments/random.12.csv,dist_only_social_success,1,-1,1,1,0,1,1,1,664961228,3334515826,400,False,5,5,5,0.0,30.0,0.1775,0.1775,0.1775
2224,370,../environments/random.12.csv,dist_only_social_success,1,-1,1,1,0,1,1,1,664961228,3334515826,500,False,6,6,6,0.0,37.0,0.186,0.186,0.186
2225,370,../environments/random.12.csv,dist_only_social_success,1,-1,1,1,0,1,1,1,664961228,3334515826,599,False,6,6,6,0.0,44.0,0.19365609348914858,0.19365609348914858,0.19365609348914858
2226,371,../environments/random.12.csv,dist_only_social_success,1,-1,1,1,0,1,1,1,664961228,262994761,100,False,2,2,2,0.0,7.0,0.15,0.15,0.15
2227,371,../environments/random.12.csv,dist_only_social_success,1,-1,1,1,0,1,1,1,664961228,262994761,200,False,5,5,5,0.0,15.0,0.18,0.18,0.18
2228,371,../environments/random.12.csv,dist_only_social_success,1,-1,1,1,0,1,1,1,664961228,262994761,300,False,8,8,8,0.0,22.0,0.17333333333333334,0.17333333333333334,0.17333333333333334
2229,371,../environments/random.12.csv,dist_only_social_success,1,-1,1,1,0,1,1,1,664961228,262994761,400,False,9,9,9,0.0,30.0,0.1775,0.1775,0.1775
2230,371,../environments/random.12.csv,dist_only_social_success,1,-1,1,1,0,1,1,1,664961228,262994761,500,False,9,9,9,0.0,37.0,0.176,0.176,0.176
2231,371,../environments/random.12.csv,dist_only_social_success,1,-1,1,1,0,1,1,1,664961228,262994761,599,False,11,11,11,0.0,45.0,0.17529215358931552,0.17529215358931552,0.17529215358931552
2232,372,../environments/random.12.csv,dist_only_social_success,1,-1,1,1,0,1,1,1,664961228,3602806192,100,False,2,2,2,0.0,7.0,0.15,0.15,0.15
2233,372,../environments/random.12.csv,dist_only_social_success,1,-1,1,1,0,1,1,1,664961228,3602806192,200,False,2,2,2,0.0,14.0,0.185,0.185,0.185
2234,372,../environments/random.12.csv,dist_only_social_success,1,-1,1,1,0,1,1,1,664961228,3602806192,300,False,5,5,5,0.0,22.0,0.18666666666666668,0.18666666666666668,0.18666666666666668
2235,372,../environments/random.12.csv,dist_only_social_success,1,-1,1,1,0,1,1,1,664961228,3602806192,400,False,5,5,5,0.0,29.0,0.1825,0.1825,0.1825
2236,372,../environments/random.12.csv,dist_only_social_success,1,-1,1,1,0,1,1,1,664961228,3602806192,500,False,6,6,6,0.0,37.0,0.186,0.186,0.186
2237,372,../environments/random.12.csv,dist_only_social_success,1,-1,1,1,0,1,1,1,664961228,3602806192,599,False,8,8,8,0.0,44.0,0.19031719532554256,0.19031719532554256,0.19031719532554256
2238,373,../environments/random.12.csv,dist_only_social_success,1,-1,1,1,0,1,1,1,664961228,3437971635,100,False,1,1,1,0.0,7.0,0.18,0.18,0.18
2239,373,../environments/random.12.csv,dist_only_social_success,1,-1,1,1,0,1,1,1,664961228,3437971635,200,False,4,4,4,0.0,14.0,0.195,0.195,0.195
2240,373,../environments/random.12.csv,dist_only_social_success,1,-1,1,1,0,1,1,1,664961228,3437971635,300,False,7,7,7,0.0,22.0,0.19666666666666666,0.19666666666666666,0.19666666666666666
2241,373,../environments/random.12.csv,dist_only_social_success,1,-1,1,1,0,1,1,1,664961228,3437971635,400,False,8,8,8,0.0,30.0,0.1775,0.1775,0.1775
2242,373,../environments/random.12.csv,dist_only_social_success,1,-1,1,1,0,1,1,1,664961228,3437971635,500,False,10,10,10,0.0,37.0,0.18,0.18,0.18
2243,373,../environments/random.12.csv,dist_only_social_success,1,-1,1,1,0,1,1,1,664961228,3437971635,599,False,11,11,11,0.0,45.0,0.17529215358931552,0.17529215358931552,0.17529215358931552
2244,374,../environments/random.12.csv,dist_only_social_success,1,-1,1,1,0,1,1,1,664961228,4010425793,100,False,3,3,3,0.0,7.0,0.17,0.17,0.17
2245,374,../environments/random.12.csv,dist_only_social_success,1,-1,1,1,0,1,1,1,664961228,4010425793,200,False,7,7,7,0.0,15.0,0.17,0.17,0.17
2246,374,../environments/random.12.csv,dist_only_social_success,1,-1,1,1,0,1,1,1,664961228,4010425793,300,False,8,8,8,0.0,22.0,0.19666666666666666,0.19666666666666666,0.19666666666666666
2247,374,../environments/random.12.csv,dist_only_social_success,1,-1,1,1,0,1,1,1,664961228,4010425793,400,False,10,10,10,0.0,29.0,0.1975,0.1975,0.1975
2248,374,../environments/random.12.csv,dist_only_social_success,1,-1,1,1,0,1,1,1,664961228,4010425793,500,False,12,12,12,0.0,36.0,0.208,0.208,0.208
2249,374,../environments/random.12.csv,dist_only_social_success,1,-1,1,1,0,1,1,1,664961228,4010425793,599,False,14,14,14,0.0,43.0,0.20534223706176963,0.20534223706176963,0.20534223706176963
2250,375,../environments/random.12.csv,dist_only_social_success,1,-1,1,1,0,1,1,1,664961228,2734561081,100,False,0,0,0,0.0,7.0,0.21,0.21,0.21
2251,375,../environments/random.12.csv,dist_only_social_success,1,-1,1,1,0,1,1,1,664961228,2734561081,200,False,5,5,5,0.0,14.0,0.19,0.19,0.19
2252,375,../environments/random.12.csv,dist_only_social_success,1,-1,1,1,0,1,1,1,664961228,2734561081,300,False,7,7,7,0.0,22.0,0.19,0.19,0.19
2253,375,../environments/random.12.csv,dist_only_social_success,1,-1,1,1,0,1,1,1,664961228,2734561081,400,False,9,9,9,0.0,29.0,0.2025,0.2025,0.2025
2254,375,../environments/random.12.csv,dist_only_social_success,1,-1,1,1,0,1,1,1,664961228,2734561081,500,False,10,10,10,0.0,37.0,0.188,0.188,0.188
2255,375,../environments/random.12.csv,dist_only_social_success,1,-1,1,1,0,1,1,1,664961228,2734561081,599,False,12,12,12,0.0,44.0,0.18864774624373956,0.18864774624373956,0.18864774624373956
2256,376,../environments/random.12.csv,dist_only_social_success,1,-1,1,1,0,1,1,1,664961228,1253946826,100,False,1,1,1,0.0,7.0,0.15,0.15,0.15
2257,376,../environments/random.12.csv,dist_only_social_success,1,-1,1,1,0,1,1,1,664961228,1253946826,200,False,3,3,3,0.0,14.0,0.22,0.22,0.22
2258,376,../environments/random.12.csv,dist_only_social_success,1,-1,1,1,0,1,1,1,664961228,1253946826,300,False,5,5,5,0.0,21.0,0.2,0.2,0.2
2259,376,../environments/random.12.csv,dist_only_social_success,1,-1,1,1,0,1,1,1,664961228,1253946826,400,False,7,7,7,0.0,29.0,0.1825,0.1825,0.1825
2260,376,../environments/random.12.csv,dist_only_social_success,1,-1,1,1,0,1,1,1,664961228,1253946826,500,False,7,7,7,0.0,37.0,0.188,0.188,0.188
2261,376,../environments/random.12.csv,dist_only_social_success,1,-1,1,1,0,1,1,1,664961228,1253946826,599,False,10,10,10,0.0,44.0,0.19031719532554256,0.19031719532554256,0.19031719532554256
2262,377,../environments/random.12.csv,dist_only_social_success,1,-1,1,1,0,1,1,1,664961228,1347984585,100,False,3,3,3,0.0,7.0,0.23,0.23,0.23
2263,377,../environments/random.12.csv,dist_only_social_success,1,-1,1,1,0,1,1,1,664961228,1347984585,200,False,7,7,7,0.0,14.0,0.235,0.235,0.235
2264,377,../environments/random.12.csv,dist_only_social_success,1,-1,1,1,0,1,1,1,664961228,1347984585,300,False,12,12,12,0.0,21.0,0.23333333333333334,0.23333333333333334,0.23333333333333334
2265,377,../environments/random.12.csv,dist_only_social_success,1,-1,1,1,0,1,1,1,664961228,1347984585,400,False,12,12,12,0.0,28.0,0.225,0.225,0.225
2266,377,../environments/random.12.csv,dist_only_social_success,1,-1,1,1,0,1,1,1,664961228,1347984585,500,False,13,13,13,0.0,35.0,0.22,0.22,0.22
2267,377,../environments/random.12.csv,dist_only_social_success,1,-1,1,1,0,1,1,1,664961228,1347984585,599,False,16,16,16,0.0,43.0,0.21202003338898165,0.21202003338898165,0.21202003338898165
2268,378,../environments/random.12.csv,dist_only_social_success,1,-1,1,1,0,1,1,1,664961228,884777651,100,False,1,1,1,0.0,7.0,0.23,0.23,0.23
2269,378,../environments/random.12.csv,dist_only_social_success,1,-1,1,1,0,1,1,1,664961228,884777651,200,False,4,4,4,0.0,14.0,0.215,0.215,0.215
2270,378,../environments/random.12.csv,dist_only_social_success,1,-1,1,1,0,1,1,1,664961228,884777651,300,False,6,6,6,0.0,22.0,0.19666666666666666,0.19666666666666666,0.19666666666666666
2271,378,../environments/random.12.csv,dist_only_social_success,1,-1,1,1,0,1,1,1,664961228,884777651,400,False,10,10,10,0.0,29.0,0.195,0.195,0.195
2272,378,../environments/random.12.csv,dist_only_social_success,1,-1,1,1,0,1,1,1,664961228,884777651,500,False,12,12,12,0.0,37.0,0.184,0.184,0.184
2273,378,../environments/random.12.csv,dist_only_social_success,1,-1,1,1,0,1,1,1,664961228,884777651,599,False,15,15,15,0.0,44.0,0.17863105175292154,0.17863105175292154,0.17863105175292154
2274,379,../environments/random.12.csv,dist_only_social_success,1,-1,1,1,0,1,1,1,664961228,2299003041,100,False,0,0,0,0.0,7.0,0.19,0.19,0.19
2275,379,../environments/random.12.csv,dist_only_social_success,1,-1,1,1,0,1,1,1,664961228,2299003041,200,False,3,3,3,0.0,15.0,0.18,0.18,0.18
2276,379,../environments/random.12.csv,dist_only_social_success,1,-1,1,1,0,1,1,1,664961228,2299003041,300,False,4,4,4,0.0,21.0,0.20666666666666667,0.20666666666666667,0.20666666666666667
2277,379,../environments/random.12.csv,dist_only_social_success,1,-1,1,1,0,1,1,1,664961228,2299003041,400,False,7,7,7,0.0,29.0,0.205,0.205,0.205
2278,379,../environments/random.12.csv,dist_only_social_success,1,-1,1,1,0,1,1,1,664961228,2299003041,500,False,10,10,10,0.0,37.0,0.188,0.188,0.188
2279,379,../environments/random.12.csv,dist_only_social_success,1,-1,1,1,0,1,1,1,664961228,2299003041,599,False,12,12,12,0.0,44.0,0.18530884808013356,0.18530884808013356,0.18530884808013356
2280,380,../environments/random.12.csv,dist_only_social_success,1,-1,1,1,0,1,1,1,1177807013,3334515826,100,False,2,2,2,0.0,7.0,0.18,0.18,0.18
2281,380,../environments/random.12.csv,dist_only_social_success,1,-1,1,1,0,1,1,1,1177807013,3334515826,200,False,3,3,3,0.0,15.0,0.18,0.18,0.18
2282,380,../environments/random.12.csv,dist_only_social_success,1,-1,1,1,0,1,1,1,1177807013,3334515826,300,False,4,4,4,0.0,21.0,0.2,0.2,0.2
2283,380,../environments/random.12.csv,dist_only_social_success,1,-1,1,1,0,1,1,1,1177807013,3334515826,400,False,6,6,6,0.0,29.0,0.1875,0.1875,0.1875
2284,380,../environments/random.12.csv,dist_only_social_success,1,-1,1,1,0,1,1,1,1177807013,3334515826,500,False,7,7,7,0.0,36.0,0.198,0.198,0.198
2285,380,../environments/random.12.csv,dist_only_social_success,1,-1,1,1,0,1,1,1,1177807013,3334515826,599,False,8,8,8,0.0,43.0,0.21035058430717862,0.21035058430717862,0.21035058430717862
2286,381,../environments/random.12.csv,dist_only_social_success,1,-1,1,1,0,1,1,1,1177807013,262994761,100,False,3,3,3,0.0,7.0,0.16,0.16,0.16
2287,381,../environments/random.12.csv,dist_only_social_success,1,-1,1,1,0,1,1,1,1177807013,262994761,200,False,4,4,4,0.0,15.0,0.175,0.175,0.175
2288,381,../environments/random.12.csv,dist_only_social_success,1,-1,1,1,0,1,1,1,1177807013,262994761,300,False,6,6,6,0.0,22.0,0.18,0.18,0.18
2289,381,../environments/random.12.csv,dist_only_social_success,1,-1,1,1,0,1,1,1,1177807013,262994761,400,False,9,9,9,0.0,29.0,0.1825,0.1825,0.1825
2290,381,../environments/random.12.csv,dist_only_social_success,1,-1,1,1,0,1,1,1,1177807013,262994761,500,False,10,10,10,0.0,36.0,0.196,0.196,0.196
2291,381,../environments/random.12.csv,dist_only_social_success,1,-1,1,1,0,1,1,1,1177807013,262994761,599,False,10,10,10,0.0,44.0,0.19365609348914858,0.19365609348914858,0.19365609348914858
2292,382,../environments/random.12.csv,dist_only_social_success,1,-1,1,1,0,1,1,1,1177807013,3602806192,100,False,2,2,2,0.0,7.0,0.22,0.22,0.22
2293,382,../environments/random.12.csv,dist_only_social_success,1,-1,1,1,0,1,1,1,1177807013,3602806192,200,False,4,4,4,0.0,14.0,0.235,0.235,0.235
2294,382,../environments/random.12.csv,dist_only_social_success,1,-1,1,1,0,1,1,1,1177807013,3602806192,300,False,6,6,6,0.0,21.0,0.23,0.23,0.23
2295,382,../environments/random.12.csv,dist_only_social_success,1,-1,1,1,0,1,1,1,1177807013,3602806192,400,False,8,8,8,0.0,28.0,0.225,0.225,0.225
2296,382,../environments/random.12.csv,dist_only_social_success,1,-1,1,1,0,1,1,1,1177807013,3602806192,500,False,8,8,8,0.0,36.0,0.21,0.21,0.21
2297,382,../environments/random.12.csv,dist_only_social_success,1,-1,1,1,0,1,1,1,1177807013,3602806192,599,False,10,10,10,0.0,42.0,0.21869782971619364,0.21869782971619364,0.21869782971619364
2298,383,../environments/random.12.csv,dist_only_social_success,1,-1,1,1,0,1,1,1,1177807013,3437971635,100,False,2,2,2,0.0,7.0,0.2,0.2,0.2
2299,383,../environments/random.12.csv,dist_only_social_success,1,-1,1,1,0,1,1,1,1177807013,3437971635,200,False,3,3,3,0.0,14.0,0.195,0.195,0.195
2300,383,../environments/random.12.csv,dist_only_social_success,1,-1,1,1,0,1,1,1,1177807013,3437971635,300,False,4,4,4,0.0,22.0,0.18333333333333332,0.18333333333333332,0.18333333333333332
2301,383,../environments/random.12.csv,dist_only_social_success,1,-1,1,1,0,1,1,1,1177807013,3437971635,400,False,6,6,6,0.0,29.0,0.18,0.18,0.18
2302,383,../environments/random.12.csv,dist_only_social_success,1,-1,1,1,0,1,1,1,1177807013,3437971635,500,False,10,10,10,0.0,38.0,0.166,0.166,0.166
2303,383,../environments/random.12.csv,dist_only_social_success,1,-1,1,1,0,1,1,1,1177807013,3437971635,599,False,11,11,11,0.0,45.0,0.17195325542570952,0.17195325542570952,0.17195325542570952
2304,384,../environments/random.12.csv,dist_only_social_success,1,-1,1,1,0,1,1,1,1177807013,4010425793,100,False,6,6,6,0.0,8.0,0.13,0.13,0.13
2305,384,../environments/random.12.csv,dist_only_social_success,1,-1,1,1,0,1,1,1,1177807013,4010425793,200,False,8,8,8,0.0,15.0,0.165,0.165,0.165
2306,384,../environments/random.12.csv,dist_only_social_success,1,-1,1,1,0,1,1,1,1177807013,4010425793,300,False,9,9,9,0.0,22.0,0.17333333333333334,0.17333333333333334,0.17333333333333334
2307,384,../environments/random.12.csv,dist_only_social_success,1,-1,1,1,0,1,1,1,1177807013,4010425793,400,False,10,10,10,0.0,30.0,0.1775,0.1775,0.1775
2308,384,../environments/random.12.csv,dist_only_social_success,1,-1,1,1,0,1,1,1,1177807013,4010425793,500,False,12,12,12,0.0,37.0,0.18,0.18,0.18
2309,384,../environments/random.12.csv,dist_only_social_success,1,-1,1,1,0,1,1,1,1177807013,4010425793,599,False,15,15,15,0.0,45.0,0.17529215358931552,0.17529215358931552,0.17529215358931552
2310,385,../environments/random.12.csv,dist_only_social_success,1,-1,1,1,0,1,1,1,1177807013,2734561081,100,False,2,2,2,0.0,7.0,0.24,0.24,0.24
2311,385,../environments/random.12.csv,dist_only_social_success,1,-1,1,1,0,1,1,1,1177807013,2734561081,200,False,5,5,5,0.0,14.0,0.205,0.205,0.205
2312,385,../environments/random.12.csv,dist_only_social_success,1,-1,1,1,0,1,1,1,1177807013,2734561081,300,False,8,8,8,0.0,22.0,0.19666666666666666,0.19666666666666666,0.19666666666666666
2313,385,../environments/random.12.csv,dist_only_social_success,1,-1,1,1,0,1,1,1,1177807013,2734561081,400,False,10,10,10,0.0,29.0,0.205,0.205,0.205
2314,385,../environments/random.12.csv,dist_only_social_success,1,-1,1,1,0,1,1,1,1177807013,2734561081,500,False,12,12,12,0.0,35.0,0.218,0.218,0.218
2315,385,../environments/random.12.csv,dist_only_social_success,1,-1,1,1,0,1,1,1,1177807013,2734561081,599,False,14,14,14,0.0,43.0,0.20701168614357263,0.20701168614357263,0.20701168614357263
2316,386,../environments/random.12.csv,dist_only_social_success,1,-1,1,1,0,1,1,1,1177807013,1253946826,100,False,1,1,1,0.0,7.0,0.2,0.2,0.2
2317,386,../environments/random.12.csv,dist_only_social_success,1,-1,1,1,0,1,1,1,1177807013,1253946826,200,False,5,5,5,0.0,14.0,0.195,0.195,0.195
2318,386,../environments/random.12.csv,dist_only_social_success,1,-1,1,1,0,1,1,1,1177807013,1253946826,300,False,7,7,7,0.0,22.0,0.18666666666666668,0.18666666666666668,0.18666666666666668
2319,386,../environments/random.12.csv,dist_only_social_success,1,-1,1,1,0,1,1,1,1177807013,1253946826,400,False,8,8,8,0.0,29.0,0.18,0.18,0.18
2320,386,../environments/random.12.csv,dist_only_social_success,1,-1,1,1,0,1,1,1,1177807013,1253946826,500,False,10,10,10,0.0,37.0,0.188,0.188,0.188
2321,386,../environments/random.12.csv,dist_only_social_success,1,-1,1,1,0,1,1,1,1177807013,1253946826,599,False,13,13,13,0.0,44.0,0.17863105175292154,0.17863105175292154,0.17863105175292154
2322,387,../environments/random.12.csv,dist_only_social_success,1,-1,1,1,0,1,1,1,1177807013,1347984585,100,False,2,2,2,0.0,7.0,0.24,0.24,0.24
2323,387,../environments/random.12.csv,dist_only_social_success,1,-1,1,1,0,1,1,1,1177807013,1347984585,200,False,3,3,3,0.0,15.0,0.18,0.18,0.18
2324,387,../environments/random.12.csv,dist_only_social_success,1,-1,1,1,0,1,1,1,1177807013,1347984585,300,False,6,6,6,0.0,22.0,0.19666666666666666,0.19666666666666666,0.19666666666666666
2325,387,../environments/random.12.csv,dist_only_social_success,1,-1,1,1,0,1,1,1,1177807013,1347984585,400,False,9,9,9,0.0,29.0,0.205,0.205,0.205
2326,387,../environments/random.12.csv,dist_only_social_success,1,-1,1,1,0,1,1,1,1177807013,1347984585,500,False,11,11,11,0.0,36.0,0.21,0.21,0.21
2327,387,../environments/random.12.csv,dist_only_social_success,1,-1,1,1,0,1,1,1,1177807013,1347984585,599,False,12,12,12,0.0,43.0,0.21202003338898165,0.21202003338898165,0.21202003338898165
2328,388,../environments/random.12.csv,dist_only_social_success,1,-1,1,1,0,1,1,1,1177807013,884777651,100,False,2,2,2,0.0,7.0,0.19,0.19,0.19
2329,388,../environments/random.12.csv,dist_only_social_success,1,-1,1,1,0,1,1,1,1177807013,884777651,200,False,7,7,7,0.0,14.0,0.19,0.19,0.19
2330,388,../environments/random.12.csv,dist_only_social_success,1,-1,1,1,0,1,1,1,1177807013,884777651,300,False,9,9,9,0.0,22.0,0.18666666666666668,0.18666666666666668,0.18666666666666668
2331,388,../environments/random.12.csv,dist_only_social_success,1,-1,1,1,0,1,1,1,1177807013,884777651,400,False,11,11,11,0.0,29.0,0.195,0.195,0.195
2332,388,../environments/random.12.csv,dist_only_social_success,1,-1,1,1,0,1,1,1,1177807013,884777651,500,False,12,12,12,0.0,36.0,0.19,0.19,0.19
2333,388,../environments/random.12.csv,dist_only_social_success,1,-1,1,1,0,1,1,1,1177807013,884777651,599,False,13,13,13,0.0,44.0,0.19365609348914858,0.19365609348914858,0.19365609348914858
2334,389,../environments/random.12.csv,dist_only_social_success,1,-1,1,1,0,1,1,1,1177807013,2299003041,100,False,2,2,2,0.0,7.0,0.24,0.24,0.24
2335,389,../environments/random.12.csv,dist_only_social_success,1,-1,1,1,0,1,1,1,1177807013,2299003041,200,False,4,4,4,0.0,14.0,0.195,0.195,0.195
2336,389,../environments/random.12.csv,dist_only_social_success,1,-1,1,1,0,1,1,1,1177807013,2299003041,300,False,4,4,4,0.0,21.0,0.2,0.2,0.2
2337,389,../environments/random.12.csv,dist_only_social_success,1,-1,1,1,0,1,1,1,1177807013,2299003041,400,False,6,6,6,0.0,29.0,0.205,0.205,0.205
2338,389,../environments/random.12.csv,dist_only_social_success,1,-1,1,1,0,1,1,1,1177807013,2299003041,500,False,10,10,10,0.0,36.0,0.204,0.204,0.204
2339,389,../environments/random.12.csv,dist_only_social_success,1,-1,1,1,0,1,1,1,1177807013,2299003041,599,False,11,11,11,0.0,43.0,0.21202003338898165,0.21202003338898165,0.21202003338898165
2340,390,../environments/random.12.csv,dist_only_social_success,1,-1,1,1,0,1,1,1,2622444117,3334515826,100,False,2,2,2,0.0,7.0,0.21,0.21,0.21
2341,390,../environments/random.12.csv,dist_only_social_success,1,-1,1,1,0,1,1,1,2622444117,3334515826,200,False,4,4,4,0.0,14.0,0.21,0.21,0.21
2342,390,../environments/random.12.csv,dist_only_social_success,1,-1,1,1,0,1,1,1,2622444117,3334515826,300,False,6,6,6,0.0,21.0,0.2,0.2,0.2
2343,390,../environments/random.12.csv,dist_only_social_success,1,-1,1,1,0,1,1,1,2622444117,3334515826,400,False,7,7,7,0.0,29.0,0.19,0.19,0.19
2344,390,../environments/random.12.csv,dist_only_social_success,1,-1,1,1,0,1,1,1,2622444117,3334515826,500,False,11,11,11,0.0,36.0,0.202,0.202,0.202
2345,390,../environments/random.12.csv,dist_only_social_success,1,-1,1,1,0,1,1,1,2622444117,3334515826,599,False,13,13,13,0.0,43.0,0.2020033388981636,0.2020033388981636,0.2020033388981636
2346,391,../environments/random.12.csv,dist_only_social_success,1,-1,1,1,0,1,1,1,2622444117,262994761,100,False,1,1,1,0.0,7.0,0.17,0.17,0.17
2347,391,../environments/random.12.csv,dist_only_social_success,1,-1,1,1,0,1,1,1,2622444117,262994761,200,False,5,5,5,0.0,15.0,0.17,0.17,0.17
2348,391,../environments/random.12.csv,dist_only_social_success,1,-1,1,1,0,1,1,1,2622444117,262994761,300,False,7,7,7,0.0,22.0,0.16666666666666666,0.16666666666666666,0.16666666666666666
2349,391,../environments/random.12.csv,dist_only_social_success,1,-1,1,1,0,1,1,1,2622444117,262994761,400,False,10,10,10,0.0,29.0,0.185,0.185,0.185
2350,391,../environments/random.12.csv,dist_only_social_success,1,-1,1,1,0,1,1,1,2622444117,262994761,500,False,12,12,12,0.0,36.0,0.202,0.202,0.202
2351,391,../environments/random.12.csv,dist_only_social_success,1,-1,1,1,0,1,1,1,2622444117,262994761,599,False,13,13,13,0.0,43.0,0.2003338898163606,0.2003338898163606,0.2003338898163606
2352,392,../environments/random.12.csv,dist_only_social_success,1,-1,1,1,0,1,1,1,2622444117,3602806192,100,False,2,2,2,0.0,7.0,0.17,0.17,0.17
2353,392,../environments/random.12.csv,dist_only_social_success,1,-1,1,1,0,1,1,1,2622444117,3602806192,200,False,3,3,3,0.0,14.0,0.185,0.185,0.185
2354,392,../environments/random.12.csv,dist_only_social_success,1,-1,1,1,0,1,1,1,2622444117,3602806192,300,False,4,4,4,0.0,22.0,0.18,0.18,0.18
2355,392,../environments/random.12.csv,dist_only_social_success,1,-1,1,1,0,1,1,1,2622444117,3602806192,400,False,5,5,5,0.0,30.0,0.1775,0.1775,0.1775
2356,392,../environments/random.12.csv,dist_only_social_success,1,-1,1,1,0,1,1,1,2622444117,3602806192,500,False,6,6,6,0.0,37.0,0.176,0.176,0.176
2357,392,../environments/random.12.csv,dist_only_social_success,1,-1,1,1,0,1,1,1,2622444117,3602806192,599,False,8,8,8,0.0,45.0,0.17529215358931552,0.17529215358931552,0.17529215358931552
2358,393,../environments/random.12.csv,dist_only_social_success,1,-1,1,1,0,1,1,1,2622444117,3437971635,100,False,1,1,1,0.0,7.0,0.2,0.2,0.2
2359,393,../environments/random.12.csv,dist_only_social_success,1,-1,1,1,0,1,1,1,2622444117,3437971635,200,False,5,5,5,0.0,14.0,0.21,0.21,0.21
2360,393,../environments/random.12.csv,dist_only_social_success,1,-1,1,1,0,1,1,1,2622444117,3437971635,300,False,6,6,6,0.0,22.0,0.19666666666666666,0.19666666666666666,0.19666666666666666
2361,393,../environments/random.12.csv,dist_only_social_success,1,-1,1,1,0,1,1,1,2622444117,3437971635,400,False,10,10,10,0.0,29.0,0.1925,0.1925,0.1925
2362,393,../environments/random.12.csv,dist_only_social_success,1,-1,1,1,0,1,1,1,2622444117,3437971635,500,False,10,10,10,0.0,37.0,0.188,0.188,0.188
2363,393,../environments/random.12.csv,dist_only_social_success,1,-1,1,1,0,1,1,1,2622444117,3437971635,599,False,11,11,11,0.0,44.0,0.18530884808013356,0.18530884808013356,0.18530884808013356
2364,394,../environments/random.12.csv,dist_only_social_success,1,-1,1,1,0,1,1,1,2622444117,4010425793,100,False,1,1,1,0.0,7.0,0.14,0.14,0.14
2365,394,../environments/random.12.csv,dist_only_social_success,1,-1,1,1,0,1,1,1,2622444117,4010425793,200,False,2,2,2,0.0,15.0,0.175,0.175,0.175
2366,394,../environments/random.12.csv,dist_only_social_success,1,-1,1,1,0,1,1,1,2622444117,4010425793,300,False,5,5,5,0.0,22.0,0.19,0.19,0.19
2367,394,../environments/random.12.csv,dist_only_social_success,1,-1,1,1,0,1,1,1,2622444117,4010425793,400,False,8,8,8,0.0,29.0,0.1875,0.1875,0.1875
2368,394,../environments/random.12.csv,dist_only_social_success,1,-1,1,1,0,1,1,1,2622444117,4010425793,500,False,9,9,9,0.0,36.0,0.192,0.192,0.192
2369,394,../environments/random.12.csv,dist_only_social_success,1,-1,1,1,0,1,1,1,2622444117,4010425793,599,False,9,9,9,0.0,43.0,0.19699499165275458,0.19699499165275458,0.19699499165275458
2370,395,../environments/random.12.csv,dist_only_social_success,1,-1,1,1,0,1,1,1,2622444117,2734561081,100,False,0,0,0,0.0,7.0,0.22,0.22,0.22
2371,395,../environments/random.12.csv,dist_only_social_success,1,-1,1,1,0,1,1,1,2622444117,2734561081,200,False,2,2,2,0.0,15.0,0.18,0.18,0.18
2372,395,../environments/random.12.csv,dist_only_social_success,1,-1,1,1,0,1,1,1,2622444117,2734561081,300,False,4,4,4,0.0,22.0,0.19,0.19,0.19
2373,395,../environments/random.12.csv,dist_only_social_success,1,-1,1,1,0,1,1,1,2622444117,2734561081,400,False,5,5,5,0.0,29.0,0.1925,0.1925,0.1925
2374,395,../environments/random.12.csv,dist_only_social_success,1,-1,1,1,0,1,1,1,2622444117,2734561081,500,False,6,6,6,0.0,37.0,0.188,0.188,0.188
2375,395,../environments/random.12.csv,dist_only_social_success,1,-1,1,1,0,1,1,1,2622444117,2734561081,599,False,9,9,9,0.0,44.0,0.19198664440734559,0.19198664440734559,0.19198664440734559
2376,396,../environments/random.12.csv,dist_only_social_success,1,-1,1,1,0,1,1,1,2622444117,1253946826,100,False,2,2,2,0.0,7.0,0.14,0.14,0.14
2377,396,../environments/random.12.csv,dist_only_social_success,1,-1,1,1,0,1,1,1,2622444117,1253946826,200,False,5,5,5,0.0,14.0,0.195,0.195,0.195
2378,396,../environments/random.12.csv,dist_only_social_success,1,-1,1,1,0,1,1,1,2622444117,1253946826,300,False,8,8,8,0.0,22.0,0.19666666666666666,0.19666666666666666,0.19666666666666666
2379,396,../environments/random.12.csv,dist_only_social_success,1,-1,1,1,0,1,1,1,2622444117,1253946826,400,False,8,8,8,0.0,29.0,0.18,0.18,0.18
2380,396,../environments/random.12.csv,dist_only_social_success,1,-1,1,1,0,1,1,1,2622444117,1253946826,500,False,12,12,12,0.0,37.0,0.184,0.184,0.184
2381,396,../environments/random.12.csv,dist_only_social_success,1,-1,1,1,0,1,1,1,2622444117,1253946826,599,False,14,14,14,0.0,44.0,0.19198664440734559,0.19198664440734559,0.19198664440734559
2382,397,../environments/random.12.csv,dist_only_social_success,1,-1,1,1,0,1,1,1,2622444117,1347984585,100,False,2,2,2,0.0,7.0,0.24,0.24,0.24
2383,397,../environments/random.12.csv,dist_only_social_success,1,-1,1,1,0,1,1,1,2622444117,1347984585,200,False,4,4,4,0.0,14.0,0.205,0.205,0.205
2384,397,../environments/random.12.csv,dist_only_social_success,1,-1,1,1,0,1,1,1,2622444117,1347984585,300,False,5,5,5,0.0,21.0,0.20666666666666667,0.20666666666666667,0.20666666666666667
2385,397,../environments/random.12.csv,dist_only_social_success,1,-1,1,1,0,1,1,1,2622444117,1347984585,400,False,6,6,6,0.0,29.0,0.205,0.205,0.205
2386,397,../environments/random.12.csv,dist_only_social_success,1,-1,1,1,0,1,1,1,2622444117,1347984585,500,False,7,7,7,0.0,36.0,0.204,0.204,0.204
2387,397,../environments/random.12.csv,dist_only_social_success,1,-1,1,1,0,1,1,1,2622444117,1347984585,599,False,9,9,9,0.0,43.0,0.20701168614357263,0.20701168614357263,0.20701168614357263
2388,398,../environments/random.12.csv,dist_only_social_success,1,-1,1,1,0,1,1,1,2622444117,884777651,100,False,1,1,1,0.0,6.0,0.25,0.25,0.25
2389,398,../environments/random.12.csv,dist_only_social_success,1,-1,1,1,0,1,1,1,2622444117,884777651,200,False,5,5,5,0.0,14.0,0.225,0.225,0.225
2390,398,../environments/random.12.csv,dist_only_social_success,1,-1,1,1,0,1,1,1,2622444117,884777651,300,False,9,9,9,0.0,21.0,0.21333333333333335,0.21333333333333335,0.21333333333333335
2391,398,../environments/random.12.csv,dist_only_social_success,1,-1,1,1,0,1,1,1,2622444117,884777651,400,False,11,11,11,0.0,29.0,0.2,0.2,0.2
2392,398,../environments/random.12.csv,dist_only_social_success,1,-1,1,1,0,1,1,1,2622444117,884777651,500,False,11,11,11,0.0,36.0,0.19,0.19,0.19
2393,398,../environments/random.12.csv,dist_only_social_success,1,-1,1,1,0,1,1,1,2622444117,884777651,599,False,15,15,15,0.0,44.0,0.19365609348914858,0.19365609348914858,0.19365609348914858
2394,399,../environments/random.12.csv,dist_only_social_success,1,-1,1,1,0,1,1,1,2622444117,2299003041,100,False,0,0,0,0.0,7.0,0.24,0.24,0.24
2395,399,../environments/random.12.csv,dist_only_social_success,1,-1,1,1,0,1,1,1,2622444117,2299003041,200,False,3,3,3,0.0,15.0,0.18,0.18,0.18
2396,399,../environments/random.12.csv,dist_only_social_success,1,-1,1,1,0,1,1,1,2622444117,2299003041,300,False,6,6,6,0.0,22.0,0.19666666666666666,0.19666666666666666,0.19666666666666666
2397,399,../environments/random.12.csv,dist_only_social_success,1,-1,1,1,0,1,1,1,2622444117,2299003041,400,False,8,8,8,0.0,29.0,0.18,0.18,0.18
2398,399,../environments/random.12.csv,dist_only_social_success,1,-1,1,1,0,1,1,1,2622444117,2299003041,500,False,9,9,9,0.0,37.0,0.182,0.182,0.182
2399,399,../environments/random.12.csv,dist_only_social_success,1,-1,1,1,0,1,1,1,2622444117,2299003041,599,False,10,10,10,0.0,43.0,0.1986644407345576,0.1986644407345576,0.1986644407345576
2400,400,../environments/smooth.17.csv,dist_only_social_any,1,-1,1,1,1,0,1,1,2271760180,3334515826,100,False,0,0,0,0.0,7.0,0.17,0.17,0.17
2401,400,../environments/smooth.17.csv,dist_only_social_any,1,-1,1,1,1,0,1,1,2271760180,3334515826,200,False,2,2,2,0.0,15.0,0.18,0.18,0.18
2402,400,../environments/smooth.17.csv,dist_only_social_any,1,-1,1,1,1,0,1,1,2271760180,3334515826,300,False,3,3,3,0.0,22.0,0.19666666666666666,0.19666666666666666,0.19666666666666666
2403,400,../environments/smooth.17.csv,dist_only_social_any,1,-1,1,1,1,0,1,1,2271760180,3334515826,400,False,7,7,7,0.0,29.0,0.195,0.195,0.195
2404,400,../environments/smooth.17.csv,dist_only_social_any,1,-1,1,1,1,0,1,1,2271760180,3334515826,500,False,10,10,10,0.0,36.0,0.2,0.2,0.2
2405,400,../environments/smooth.17.csv,dist_only_social_any,1,-1,1,1,1,0,1,1,2271760180,3334515826,599,False,13,13,13,0.0,43.0,0.2003338898163606,0.2003338898163606,0.2003338898163606
2406,401,../environments/smooth.17.csv,dist_only_social_any,1,-1,1,1,1,0,1,1,2271760180,262994761,100,False,6,6,6,0.0,7.0,0.18,0.18,0.18
2407,401,../environments/smooth.17.csv,dist_only_social_any,1,-1,1,1,1,0,1,1,2271760180,262994761,200,False,7,7,7,0.0,15.0,0.18,0.18,0.18
2408,401,../environments/smooth.17.csv,dist_only_social_any,1,-1,1,1,1,0,1,1,2271760180,262994761,300,False,9,9,9,0.0,22.0,0.19666666666666666,0.19666666666666666,0.19666666666666666
2409,401,../environments/smooth.17.csv,dist_only_social_any,1,-1,1,1,1,0,1,1,2271760180,262994761,400,False,11,11,11,0.0,28.0,0.2225,0.2225,0.2225
2410,401,../environments/smooth.17.csv,dist_only_social_any,1,-1,1,1,1,0,1,1,2271760180,262994761,500,False,14,14,14,0.0,36.0,0.21,0.21,0.21
2411,401,../environments/smooth.17.csv,dist_only_social_any,1,-1,1,1,1,0,1,1,2271760180,262994761,599,False,18,18,18,0.0,43.0,0.21035058430717862,0.21035058430717862,0.21035058430717862
2412,402,../environments/smooth.17.csv,dist_only_social_any,1,-1,1,1,1,0,1,1,2271760180,3602806192,100,False,1,1,1,0.0,7.0,0.21,0.21,0.21
2413,402,../environments/smooth.17.csv,dist_only_social_any,1,-1,1,1,1,0,1,1,2271760180,3602806192,200,False,4,4,4,0.0,14.0,0.23,0.23,0.23
2414,402,../environments/smooth.17.csv,dist_only_social_any,1,-1,1,1,1,0,1,1,2271760180,3602806192,300,False,6,6,6,0.0,21.0,0.21,0.21,0.21
2415,402,../environments/smooth.17.csv,dist_only_social_any,1,-1,1,1,1,0,1,1,2271760180,3602806192,400,False,13,13,13,0.0,29.0,0.1925,0.1925,0.1925
2416,402,../environments/smooth.17.csv,dist_only_social_any,1,-1,1,1,1,0,1,1,2271760180,3602806192,500,False,13,13,13,0.0,37.0,0.188,0.188,0.188
2417,402,../environments/smooth.17.csv,dist_only_social_any,1,-1,1,1,1,0,1,1,2271760180,3602806192,599,False,13,13,13,0.0,44.0,0.19198664440734559,0.19198664440734559,0.19198664440734559
2418,403,../environments/smooth.17.csv,dist_only_social_any,1,-1,1,1,1,0,1,1,2271760180,3437971635,100,False,0,0,0,0.0,7.0,0.2,0.2,0.2
2419,403,../environments/smooth.17.csv,dist_only_social_any,1,-1,1,1,1,0,1,1,2271760180,3437971635,200,False,1,1,1,0.0,14.0,0.205,0.205,0.205
2420,403,../environments/smooth.17.csv,dist_only_social_any,1,-1,1,1,1,0,1,1,2271760180,3437971635,300,False,1,1,1,0.0,22.0,0.19666666666666666,0.19666666666666666,0.19666666666666666
2421,403,../environments/smooth.17.csv,dist_only_social_any,1,-1,1,1,1,0,1,1,2271760180,3437971635,400,False,1,1,1,0.0,29.0,0.205,0.205,0.205
2422,403,../environments/smooth.17.csv,dist_only_social_any,1,-1,1,1,1,0,1,1,2271760180,3437971635,500,False,3,3,3,0.0,36.0,0.202,0.202,0.202
2423,403,../environments/smooth.17.csv,dist_only_social_any,1,-1,1,1,1,0,1,1,2271760180,3437971635,599,False,9,9,9,0.0,44.0,0.19365609348914858,0.19365609348914858,0.19365609348914858
2424,404,../environments/smooth.17.csv,dist_only_social_any,1,-1,1,1,1,0,1,1,2271760180,4010425793,100,False,2,2,2,0.0,7.0,0.14,0.14,0.14
2425,404,../environments/smooth.17.csv,dist_only_social_any,1,-1,1,1,1,0,1,1,2271760180,4010425793,200,False,2,2,2,0.0,15.0,0.175,0.175,0.175
2426,404,../environments/smooth.17.csv,dist_only_social_any,1,-1,1,1,1,0,1,1,2271760180,4010425793,300,False,6,6,6,0.0,22.0,0.18333333333333332,0.18333333333333332,0.18333333333333332
2427,404,../environments/smooth.17.csv,dist_only_social_any,1,-1,1,1,1,0,1,1,2271760180,4010425793,400,False,10,10,10,0.0,30.0,0.1775,0.1775,0.1775
2428,404,../environments/smooth.17.csv,dist_only_social_any,1,-1,1,1,1,0,1,1,2271760180,4010425793,500,False,12,12,12,0.0,37.0,0.188,0.188,0.188
2429,404,../environments/smooth.17.csv,dist_only_social_any,1,-1,1,1,1,0,1,1,2271760180,4010425793,599,False,12,12,12,0.0,44.0,0.18530884808013356,0.18530884808013356,0.18530884808013356
2430,405,../environments/smooth.17.csv,dist_only_social_any,1,-1,1,1,1,0,1,1,2271760180,2734561081,100,False,1,1,1,0.0,7.0,0.23,0.23,0.23
2431,405,../environments/smooth.17.csv,dist_only_social_any,1,-1,1,1,1,0,1,1,2271760180,2734561081,200,False,3,3,3,0.0,14.0,0.225,0.225,0.225
2432,405,../environments/smooth.17.csv,dist_only_social_any,1,-1,1,1,1,0,1,1,2271760180,2734561081,300,False,6,6,6,0.0,21.0,0.2,0.2,0.2
2433,405,../environments/smooth.17.csv,dist_only_social_any,1,-1,1,1,1,0,1,1,2271760180,2734561081,400,False,8,8,8,0.0,29.0,0.205,0.205,0.205
2434,405,../environments/smooth.17.csv,dist_only_social_any,1,-1,1,1,1,0,1,1,2271760180,2734561081,500,False,11,11,11,0.0,36.0,0.198,0.198,0.198
2435,405,../environments/smooth.17.csv,dist_only_social_any,1,-1,1,1,1,0,1,1,2271760180,2734561081,599,False,15,15,15,0.0,44.0,0.18697829716193656,0.18697829716193656,0.18697829716193656
2436,406,../environments/smooth.17.csv,dist_only_social_any,1,-1,1,1,1,0,1,1,2271760180,1253946826,100,False,1,1,1,0.0,7.0,0.17,0.17,0.17
2437,406,../environments/smooth.17.csv,dist_only_social_any,1,-1,1,1,1,0,1,1,2271760180,1253946826,200,False,2,2,2,0.0,14.0,0.2,0.2,0.2
2438,406,../environments/smooth.17.csv,dist_only_social_any,1,-1,1,1,1,0,1,1,2271760180,1253946826,300,False,4,4,4,0.0,21.0,0.20333333333333334,0.20333333333333334,0.20333333333333334
2439,406,../environments/smooth.17.csv,dist_only_social_any,1,-1,1,1,1,0,1,1,2271760180,1253946826,400,False,10,10,10,0.0,29.0,0.1875,0.1875,0.1875
2440,406,../environments/smooth.17.csv,dist_only_social_any,1,-1,1,1,1,0,1,1,2271760180,1253946826,500,False,14,14,14,0.0,36.0,0.194,0.194,0.194
2441,406,../environments/smooth.17.csv,dist_only_social_any,1,-1,1,1,1,0,1,1,2271760180,1253946826,599,False,15,15,15,0.0,43.0,0.2003338898163606,0.2003338898163606,0.2003338898163606
2442,407,../environments/smooth.17.csv,dist_only_social_any,1,-1,1,1,1,0,1,1,2271760180,1347984585,100,False,1,1,1,0.0,6.0,0.26,0.26,0.26
2443,407,../environments/smooth.17.csv,dist_only_social_any,1,-1,1,1,1,0,1,1,2271760180,1347984585,200,False,6,6,6,0.0,13.0,0.245,0.245,0.245
2444,407,../environments/smooth.17.csv,dist_only_social_any,1,-1,1,1,1,0,1,1,2271760180,1347984585,300,False,9,9,9,0.0,21.0,0.23333333333333334,0.23333333333333334,0.23333333333333334
2445,407,../environments/smooth.17.csv,dist_only_social_any,1,-1,1,1,1,0,1,1,2271760180,1347984585,400,False,13,13,13,0.0,28.0,0.2325,0.2325,0.2325
2446,407,../environments/smooth.17.csv,dist_only_social_any,1,-1,1,1,1,0,1,1,2271760180,1347984585,500,False,16,16,16,0.0,35.0,0.222,0.222,0.222
2447,407,../environments/smooth.17.csv,dist_only_social_any,1,-1,1,1,1,0,1,1,2271760180,1347984585,599,False,19,19,19,0.0,42.0,0.21535893155258765,0.21535893155258765,0.21535893155258765
2448,408,../environments/smooth.17.csv,dist_only_social_any,1,-1,1,1,1,0,1,1,2271760180,884777651,100,False,2,2,2,0.0,7.0,0.19,0.19,0.19
2449,408,../environments/smooth.17.csv,dist_only_social_any,1,-1,1,1,1,0,1,1,2271760180,884777651,200,False,3,3,3,0.0,15.0,0.17,0.17,0.17
2450,408,../environments/smooth.17.csv,dist_only_social_any,1,-1,1,1,1,0,1,1,2271760180,884777651,300,False,4,4,4,0.0,22.0,0.17,0.17,0.17
2451,408,../environments/smooth.17.csv,dist_only_social_any,1,-1,1,1,1,0,1,1,2271760180,884777651,400,False,8,8,8,0.0,30.0,0.1775,0.1775,0.1775
2452,408,../environments/smooth.17.csv,dist_only_social_any,1,-1,1,1,1,0,1,1,2271760180,884777651,500,False,10,10,10,0.0,37.0,0.172,0.172,0.172
2453,408,../environments/smooth.17.csv,dist_only_social_any,1,-1,1,1,1,0,1,1,2271760180,884777651,599,False,12,12,12,0.0,45.0,0.17362270450751252,0.17362270450751252,0.17362270450751252
2454,409,../environments/smooth.17.csv,dist_only_social_any,1,-1,1,1,1,0,1,1,2271760180,2299003041,100,False,1,1,1,0.0,7.0,0.17,0.17,0.17
2455,409,../environments/smooth.17.csv,dist_only_social_any,1,-1,1,1,1,0,1,1,2271760180,2299003041,200,False,5,5,5,0.0,15.0,0.175,0.175,0.175
2456,409,../environments/smooth.17.csv,dist_only_social_any,1,-1,1,1,1,0,1,1,2271760180,2299003041,300,False,6,6,6,0.0,22.0,0.17666666666666667,0.17666666666666667,0.17666666666666667
2457,409,../environments/smooth.17.csv,dist_only_social_any,1,-1,1,1,1,0,1,1,2271760180,2299003041,400,False,7,7,7,0.0,30.0,0.17,0.17,0.17
2458,409,../environments/smooth.17.csv,dist_only_social_any,1,-1,1,1,1,0,1,1,2271760180,2299003041,500,False,8,8,8,0.0,38.0,0.166,0.166,0.166
2459,409,../environments/smooth.17.csv,dist_only_social_any,1,-1,1,1,1,0,1,1,2271760180,2299003041,599,False,9,9,9,0.0,44.0,0.17696160267111852,0.17696160267111852,0.17696160267111852
2460,410,../environments/smooth.17.csv,dist_only_social_any,1,-1,1,1,1,0,1,1,2515763587,3334515826,100,False,3,3,3,0.0,7.0,0.2,0.2,0.2
2461,410,../environments/smooth.17.csv,dist_only_social_any,1,-1,1,1,1,0,1,1,2515763587,3334515826,200,False,6,6,6,0.0,15.0,0.18,0.18,0.18
2462,410,../environments/smooth.17.csv,dist_only_social_any,1,-1,1,1,1,0,1,1,2515763587,3334515826,300,False,9,9,9,0.0,22.0,0.18666666666666668,0.18666666666666668,0.18666666666666668
2463,410,../environments/smooth.17.csv,dist_only_social_any,1,-1,1,1,1,0,1,1,2515763587,3334515826,400,False,11,11,11,0.0,30.0,0.1775,0.1775,0.1775
2464,410,../environments/smooth.17.csv,dist_only_social_any,1,-1,1,1,1,0,1,1,2515763587,3334515826,500,False,11,11,11,0.0,36.0,0.194,0.194,0.194
2465,410,../environments/smooth.17.csv,dist_only_social_any,1,-1,1,1,1,0,1,1,2515763587,3334515826,599,False,12,12,12,0.0,43.0,0.19699499165275458,0.19699499165275458,0.19699499165275458
2466,411,../environments/smooth.17.csv,dist_only_social_any,1,-1,1,1,1,0,1,1,2515763587,262994761,100,False,2,2,2,0.0,7.0,0.15,0.15,0.15
2467,411,../environments/smooth.17.csv,dist_only_social_any,1,-1,1,1,1,0,1,1,2515763587,262994761,200,False,4,4,4,0.0,15.0,0.165,0.165,0.165
2468,411,../environments/smooth.17.csv,dist_only_social_any,1,-1,1,1,1,0,1,1,2515763587,262994761,300,False,6,6,6,0.0,22.0,0.17666666666666667,0.17666666666666667,0.17666666666666667
2469,411,../environments/smooth.17.csv,dist_only_social_any,1,-1,1,1,1,0,1,1,2515763587,262994761,400,False,9,9,9,0.0,29.0,0.18,0.18,0.18
2470,411,../environments/smooth.17.csv,dist_only_social_any,1,-1,1,1,1,0,1,1,2515763587,262994761,500,False,13,13,13,0.0,37.0,0.182,0.182,0.182
2471,411,../environments/smooth.17.csv,dist_only_social_any,1,-1,1,1,1,0,1,1,2515763587,262994761,599,False,14,14,14,0.0,44.0,0.18030050083472454,0.18030050083472454,0.18030050083472454
2472,412,../environments/smooth.17.csv,dist_only_social_any,1,-1,1,1,1,0,1,1,2515763587,3602806192,100,False,0,0,0,0.0,7.0,0.19,0.19,0.19
2473,412,../environments/smooth.17.csv,dist_only_social_any,1,-1,1,1,1,0,1,1,2515763587,3602806192,200,False,4,4,4,0.0,14.0,0.235,0.235,0.235
2474,412,../environments/smooth.17.csv,dist_only_social_any,1,-1,1,1,1,0,1,1,2515763587,3602806192,300,False,6,6,6,0.0,20.0,0.23666666666666666,0.23666666666666666,0.23666666666666666
2475,412,../environments/smooth.17.csv,dist_only_social_any,1,-1,1,1,1,0,1,1,2515763587,3602806192,400,False,7,7,7,0.0,28.0,0.225,0.225,0.225
2476,412,../environments/smooth.17.csv,dist_only_social_any,1,-1,1,1,1,0,1,1,2515763587,3602806192,500,False,15,15,15,0.0,36.0,0.21,0.21,0.21
2477,412,../environments/smooth.17.csv,dist_only_social_any,1,-1,1,1,1,0,1,1,2515763587,3602806192,599,False,19,19,19,0.0,43.0,0.20868113522537562,0.20868113522537562,0.20868113522537562
2478,413,../environments/smooth.17.csv,dist_only_social_any,1,-1,1,1,1,0,1,1,2515763587,3437971635,100,False,1,1,1,0.0,7.0,0.2,0.2,0.2
2479,413,../environments/smooth.17.csv,dist_only_social_any,1,-1,1,1,1,0,1,1,2515763587,3437971635,200,False,1,1,1,0.0,14.0,0.185,0.185,0.185
2480,413,../environments/smooth.17.csv,dist_only_social_any,1,-1,1,1,1,0,1,1,2515763587,3437971635,300,False,4,4,4,0.0,22.0,0.19,0.19,0.19
2481,413,../environments/smooth.17.csv,dist_only_social_any,1,-1,1,1,1,0,1,1,2515763587,3437971635,400,False,10,10,10,0.0,30.0,0.1775,0.1775,0.1775
2482,413,../environments/smooth.17.csv,dist_only_social_any,1,-1,1,1,1,0,1,1,2515763587,3437971635,500,False,12,12,12,0.0,37.0,0.174,0.174,0.174
2483,413,../environments/smooth.17.csv,dist_only_social_any,1,-1,1,1,1,0,1,1,2515763587,3437971635,599,False,15,15,15,0.0,45.0,0.17529215358931552,0.17529215358931552,0.17529215358931552
2484,414,../environments/smooth.17.csv,dist_only_social_any,1,-1,1,1,1,0,1,1,2515763587,4010425793,100,False,5,5,5,0.0,7.0,0.18,0.18,0.18
2485,414,../environments/smooth.17.csv,dist_only_social_any,1,-1,1,1,1,0,1,1,2515763587,4010425793,200,False,7,7,7,0.0,14.0,0.19,0.19,0.19
2486,414,../environments/smooth.17.csv,dist_only_social_any,1,-1,1,1,1,0,1,1,2515763587,4010425793,300,False,9,9,9,0.0,22.0,0.18666666666666668,0.18666666666666668,0.18666666666666668
2487,414,../environments/smooth.17.csv,dist_only_social_any,1,-1,1,1,1,0,1,1,2515763587,4010425793,400,False,11,11,11,0.0,30.0,0.1775,0.1775,0.1775
2488,414,../environments/smooth.17.csv,dist_only_social_any,1,-1,1,1,1,0,1,1,2515763587,4010425793,500,False,13,13,13,0.0,37.0,0.188,0.188,0.188
2489,414,../environments/smooth.17.csv,dist_only_social_any,1,-1,1,1,1,0,1,1,2515763587,4010425793,599,False,19,19,19,0.0,44.0,0.19365609348914858,0.19365609348914858,0.19365609348914858
2490,415,../environments/smooth.17.csv,dist_only_social_any,1,-1,1,1,1,0,1,1,2515763587,2734561081,100,False,1,1,1,0.0,7.0,0.21,0.21,0.21
2491,415,../environments/smooth.17.csv,dist_only_social_any,1,-1,1,1,1,0,1,1,2515763587,2734561081,200,False,5,5,5,0.0,15.0,0.18,0.18,0.18
2492,415,../environments/smooth.17.csv,dist_only_social_any,1,-1,1,1,1,0,1,1,2515763587,2734561081,300,False,7,7,7,0.0,22.0,0.18666666666666668,0.18666666666666668,0.18666666666666668
2493,415,../environments/smooth.17.csv,dist_only_social_any,1,-1,1,1,1,0,1,1,2515763587,2734561081,400,False,10,10,10,0.0,29.0,0.195,0.195,0.195
2494,415,../environments/smooth.17.csv,dist_only_social_any,1,-1,1,1,1,0,1,1,2515763587,2734561081,500,False,10,10,10,0.0,36.0,0.194,0.194,0.194
2495,415,../environments/smooth.17.csv,dist_only_social_any,1,-1,1,1,1,0,1,1,2515763587,2734561081,599,False,12,12,12,0.0,44.0,0.19365609348914858,0.19365609348914858,0.19365609348914858
2496,416,../environments/smooth.17.csv,dist_only_social_any,1,-1,1,1,1,0,1,1,2515763587,1253946826,100,False,4,4,4,0.0,7.0,0.19,0.19,0.19
2497,416,../environments/smooth.17.csv,dist_only_social_any,1,-1,1,1,1,0,1,1,2515763587,1253946826,200,False,6,6,6,0.0,14.0,0.205,0.205,0.205
2498,416,../environments/smooth.17.csv,dist_only_social_any,1,-1,1,1,1,0,1,1,2515763587,1253946826,300,False,7,7,7,0.0,21.0,0.21333333333333335,0.21333333333333335,0.21333333333333335
2499,416,../environments/smooth.17.csv,dist_only_social_any,1,-1,1,1,1,0,1,1,2515763587,1253946826,400,False,10,10,10,0.0,29.0,0.1975,0.1975,0.1975
2500,416,../environments/smooth.17.csv,dist_only_social_any,1,-1,1,1,1,0,1,1,2515763587,1253946826,500,False,13,13,13,0.0,37.0,0.188,0.188,0.188
2501,416,../environments/smooth.17.csv,dist_only_social_any,1,-1,1,1,1,0,1,1,2515763587,1253946826,599,False,14,14,14,0.0,44.0,0.19365609348914858,0.19365609348914858,0.19365609348914858
2502,417,../environments/smooth.17.csv,dist_only_social_any,1,-1,1,1,1,0,1,1,2515763587,1347984585,100,False,0,0,0,0.0,7.0,0.23,0.23,0.23
2503,417,../environments/smooth.17.csv,dist_only_social_any,1,-1,1,1,1,0,1,1,2515763587,1347984585,200,False,5,5,5,0.0,15.0,0.18,0.18,0.18
2504,417,../environments/smooth.17.csv,dist_only_social_any,1,-1,1,1,1,0,1,1,2515763587,1347984585,300,False,9,9,9,0.0,22.0,0.19666666666666666,0.19666666666666666,0.19666666666666666
2505,417,../environments/smooth.17.csv,dist_only_social_any,1,-1,1,1,1,0,1,1,2515763587,1347984585,400,False,12,12,12,0.0,29.0,0.205,0.205,0.205
2506,417,../environments/smooth.17.csv,dist_only_social_any,1,-1,1,1,1,0,1,1,2515763587,1347984585,500,False,15,15,15,0.0,36.0,0.21,0.21,0.21
2507,417,../environments/smooth.17.csv,dist_only_social_any,1,-1,1,1,1,0,1,1,2515763587,1347984585,599,False,17,17,17,0.0,43.0,0.21202003338898165,0.21202003338898165,0.21202003338898165
2508,418,../environments/smooth.17.csv,dist_only_social_any,1,-1,1,1,1,0,1,1,2515763587,884777651,100,False,4,4,4,0.0,8.0,0.13,0.13,0.13
2509,418,../environments/smooth.17.csv,dist_only_social_any,1,-1,1,1,1,0,1,1,2515763587,884777651,200,False,5,5,5,0.0,15.0,0.18,0.18,0.18
2510,418,../environments/smooth.17.csv,dist_only_social_any,1,-1,1,1,1,0,1,1,2515763587,884777651,300,False,7,7,7,0.0,22.0,0.16666666666666666,0.16666666666666666,0.16666666666666666
2511,418,../environments/smooth.17.csv,dist_only_social_any,1,-1,1,1,1,0,1,1,2515763587,884777651,400,False,9,9,9,0.0,30.0,0.1775,0.1775,0.1775
2512,418,../environments/smooth.17.csv,dist_only_social_any,1,-1,1,1,1,0,1,1,2515763587,884777651,500,False,12,12,12,0.0,38.0,0.166,0.166,0.166
2513,418,../environments/smooth.17.csv,dist_only_social_any,1,-1,1,1,1,0,1,1,2515763587,884777651,599,False,14,14,14,0.0,45.0,0.1669449081803005,0.1669449081803005,0.1669449081803005
2514,419,../environments/smooth.17.csv,dist_only_social_any,1,-1,1,1,1,0,1,1,2515763587,2299003041,100,False,3,3,3,0.0,7.0,0.15,0.15,0.15
2515,419,../environments/smooth.17.csv,dist_only_social_any,1,-1,1,1,1,0,1,1,2515763587,2299003041,200,False,3,3,3,0.0,15.0,0.18,0.18,0.18
2516,419,../environments/smooth.17.csv,dist_only_social_any,1,-1,1,1,1,0,1,1,2515763587,2299003041,300,False,3,3,3,0.0,22.0,0.19333333333333333,0.19333333333333333,0.19333333333333333
2517,419,../environments/smooth.17.csv,dist_only_social_any,1,-1,1,1,1,0,1,1,2515763587,2299003041,400,False,7,7,7,0.0,29.0,0.1875,0.1875,0.1875
2518,419,../environments/smooth.17.csv,dist_only_social_any,1,-1,1,1,1,0,1,1,2515763587,2299003041,500,False,8,8,8,0.0,37.0,0.188,0.188,0.188
2519,419,../environments/smooth.17.csv,dist_only_social_any,1,-1,1,1,1,0,1,1,2515763587,2299003041,599,False,8,8,8,0.0,44.0,0.18697829716193656,0.18697829716193656,0.18697829716193656
2520,420,../environments/smooth.17.csv,dist_only_social_any,1,-1,1,1,1,0,1,1,3622058494,3334515826,100,False,0,0,0,0.0,7.0,0.21,0.21,0.21
2521,420,../environments/smooth.17.csv,dist_only_social_any,1,-1,1,1,1,0,1,1,3622058494,3334515826,200,False,4,4,4,0.0,15.0,0.18,0.18,0.18
2522,420,../environments/smooth.17.csv,dist_only_social_any,1,-1,1,1,1,0,1,1,3622058494,3334515826,300,False,7,7,7,0.0,22.0,0.17333333333333334,0.17333333333333334,0.17333333333333334
2523,420,../environments/smooth.17.csv,dist_only_social_any,1,-1,1,1,1,0,1,1,3622058494,3334515826,400,False,10,10,10,0.0,30.0,0.1725,0.1725,0.1725
2524,420,../environments/smooth.17.csv,dist_only_social_any,1,-1,1,1,1,0,1,1,3622058494,3334515826,500,False,12,12,12,0.0,37.0,0.184,0.184,0.184
2525,420,../environments/smooth.17.csv,dist_only_social_any,1,-1,1,1,1,0,1,1,3622058494,3334515826,599,False,12,12,12,0.0,44.0,0.18697829716193656,0.18697829716193656,0.18697829716193656
2526,421,../environments/smooth.17.csv,dist_only_social_any,1,-1,1,1,1,0,1,1,3622058494,262994761,100,False,3,3,3,0.0,7.0,0.2,0.2,0.2
2527,421,../environments/smooth.17.csv,dist_only_social_any,1,-1,1,1,1,0,1,1,3622058494,262994761,200,False,3,3,3,0.0,14.0,0.185,0.185,0.185
2528,421,../environments/smooth.17.csv,dist_only_social_any,1,-1,1,1,1,0,1,1,3622058494,262994761,300,False,3,3,3,0.0,22.0,0.19,0.19,0.19
2529,421,../environments/smooth.17.csv,dist_only_social_any,1,-1,1,1,1,0,1,1,3622058494,262994761,400,False,3,3,3,0.0,29.0,0.19,0.19,0.19
2530,421,../environments/smooth.17.csv,dist_only_social_any,1,-1,1,1,1,0,1,1,3622058494,262994761,500,False,7,7,7,0.0,37.0,0.188,0.188,0.188
2531,421,../environments/smooth.17.csv,dist_only_social_any,1,-1,1,1,1,0,1,1,3622058494,262994761,599,False,8,8,8,0.0,44.0,0.18697829716193656,0.18697829716193656,0.18697829716193656
2532,422,../environments/smooth.17.csv,dist_only_social_any,1,-1,1,1,1,0,1,1,3622058494,3602806192,100,False,6,6,6,0.0,8.0,0.13,0.13,0.13
2533,422,../environments/smooth.17.csv,dist_only_social_any,1,-1,1,1,1,0,1,1,3622058494,3602806192,200,False,10,10,10,0.0,14.0,0.21,0.21,0.21
2534,422,../environments/smooth.17.csv,dist_only_social_any,1,-1,1,1,1,0,1,1,3622058494,3602806192,300,False,13,13,13,0.0,22.0,0.19666666666666666,0.19666666666666666,0.19666666666666666
2535,422,../environments/smooth.17.csv,dist_only_social_any,1,-1,1,1,1,0,1,1,3622058494,3602806192,400,False,17,17,17,0.0,29.0,0.185,0.185,0.185
2536,422,../environments/smooth.17.csv,dist_only_social_any,1,-1,1,1,1,0,1,1,3622058494,3602806192,500,False,19,19,19,0.0,36.0,0.194,0.194,0.194
2537,422,../environments/smooth.17.csv,dist_only_social_any,1,-1,1,1,1,0,1,1,3622058494,3602806192,599,False,19,19,19,0.0,43.0,0.20701168614357263,0.20701168614357263,0.20701168614357263
2538,423,../environments/smooth.17.csv,dist_only_social_any,1,-1,1,1,1,0,1,1,3622058494,3437971635,100,False,6,6,6,0.0,7.0,0.22,0.22,0.22
2539,423,../environments/smooth.17.csv,dist_only_social_any,1,-1,1,1,1,0,1,1,3622058494,3437971635,200,False,6,6,6,0.0,14.0,0.205,0.205,0.205
2540,423,../environments/smooth.17.csv,dist_only_social_any,1,-1,1,1,1,0,1,1,3622058494,3437971635,300,False,9,9,9,0.0,21.0,0.2,0.2,0.2
2541,423,../environments/smooth.17.csv,dist_only_social_any,1,-1,1,1,1,0,1,1,3622058494,3437971635,400,False,12,12,12,0.0,29.0,0.205,0.205,0.205
2542,423,../environments/smooth.17.csv,dist_only_social_any,1,-1,1,1,1,0,1,1,3622058494,3437971635,500,False,14,14,14,0.0,36.0,0.198,0.198,0.198
2543,423,../environments/smooth.17.csv,dist_only_social_any,1,-1,1,1,1,0,1,1,3622058494,3437971635,599,False,15,15,15,0.0,43.0,0.19532554257095158,0.19532554257095158,0.19532554257095158
2544,424,../environments/smooth.17.csv,dist_only_social_any,1,-1,1,1,1,0,1,1,3622058494,4010425793,100,False,1,1,1,0.0,7.0,0.15,0.15,0.15
2545,424,../environments/smooth.17.csv,dist_only_social_any,1,-1,1,1,1,0,1,1,3622058494,4010425793,200,False,5,5,5,0.0,15.0,0.16,0.16,0.16
2546,424,../environments/smooth.17.csv,dist_only_social_any,1,-1,1,1,1,0,1,1,3622058494,4010425793,300,False,7,7,7,0.0,22.0,0.19666666666666666,0.19666666666666666,0.19666666666666666
2547,424,../environments/smooth.17.csv,dist_only_social_any,1,-1,1,1,1,0,1,1,3622058494,4010425793,400,False,10,10,10,0.0,29.0,0.2025,0.2025,0.2025
2548,424,../environments/smooth.17.csv,dist_only_social_any,1,-1,1,1,1,0,1,1,3622058494,4010425793,500,False,11,11,11,0.0,36.0,0.202,0.202,0.202
2549,424,../environments/smooth.17.csv,dist_only_social_any,1,-1,1,1,1,0,1,1,3622058494,4010425793,599,False,12,12,12,0.0,43.0,0.2036727879799666,0.2036727879799666,0.2036727879799666
2550,425,../environments/smooth.17.csv,dist_only_social_any,1,-1,1,1,1,0,1,1,3622058494,2734561081,100,False,1,1,1,0.0,7.0,0.22,0.22,0.22
2551,425,../environments/smooth.17.csv,dist_only_social_any,1,-1,1,1,1,0,1,1,3622058494,2734561081,200,False,2,2,2,0.0,14.0,0.205,0.205,0.205
2552,425,../environments/smooth.17.csv,dist_only_social_any,1,-1,1,1,1,0,1,1,3622058494,2734561081,300,False,4,4,4,0.0,22.0,0.19,0.19,0.19
2553,425,../environments/smooth.17.csv,dist_only_social_any,1,-1,1,1,1,0,1,1,3622058494,2734561081,400,False,7,7,7,0.0,29.0,0.2,0.2,0.2
2554,425,../environments/smooth.17.csv,dist_only_social_any,1,-1,1,1,1,0,1,1,3622058494,2734561081,500,False,9,9,9,0.0,36.0,0.196,0.196,0.196
2555,425,../environments/smooth.17.csv,dist_only_social_any,1,-1,1,1,1,0,1,1,3622058494,2734561081,599,False,13,13,13,0.0,44.0,0.19365609348914858,0.19365609348914858,0.19365609348914858
2556,426,../environments/smooth.17.csv,dist_only_social_any,1,-1,1,1,1,0,1,1,3622058494,1253946826,100,False,0,0,0,0.0,7.0,0.19,0.19,0.19
2557,426,../environments/smooth.17.csv,dist_only_social_any,1,-1,1,1,1,0,1,1,3622058494,1253946826,200,False,3,3,3,0.0,14.0,0.235,0.235,0.235
2558,426,../environments/smooth.17.csv,dist_only_social_any,1,-1,1,1,1,0,1,1,3622058494,1253946826,300,False,5,5,5,0.0,21.0,0.23,0.23,0.23
2559,426,../environments/smooth.17.csv,dist_only_social_any,1,-1,1,1,1,0,1,1,3622058494,1253946826,400,False,5,5,5,0.0,28.0,0.21,0.21,0.21
2560,426,../environments/smooth.17.csv,dist_only_social_any,1,-1,1,1,1,0,1,1,3622058494,1253946826,500,False,8,8,8,0.0,36.0,0.208,0.208,0.208
2561,426,../environments/smooth.17.csv,dist_only_social_any,1,-1,1,1,1,0,1,1,3622058494,1253946826,599,False,9,9,9,0.0,43.0,0.2020033388981636,0.2020033388981636,0.2020033388981636
2562,427,../environments/smooth.17.csv,dist_only_social_any,1,-1,1,1,1,0,1,1,3622058494,1347984585,100,False,4,4,4,0.0,7.0,0.23,0.23,0.23
2563,427,../environments/smooth.17.csv,dist_only_social_any,1,-1,1,1,1,0,1,1,3622058494,1347984585,200,False,5,5,5,0.0,14.0,0.235,0.235,0.235
2564,427,../environments/smooth.17.csv,dist_only_social_any,1,-1,1,1,1,0,1,1,3622058494,1347984585,300,False,7,7,7,0.0,21.0,0.22,0.22,0.22
2565,427,../environments/smooth.17.csv,dist_only_social_any,1,-1,1,1,1,0,1,1,3622058494,1347984585,400,False,7,7,7,0.0,28.0,0.225,0.225,0.225
2566,427,../environments/smooth.17.csv,dist_only_social_any,1,-1,1,1,1,0,1,1,3622058494,1347984585,500,False,11,11,11,0.0,36.0,0.21,0.21,0.21
2567,427,../environments/smooth.17.csv,dist_only_social_any,1,-1,1,1,1,0,1,1,3622058494,1347984585,599,False,13,13,13,0.0,43.0,0.21035058430717862,0.21035058430717862,0.21035058430717862
2568,428,../environments/smooth.17.csv,dist_only_social_any,1,-1,1,1,1,0,1,1,3622058494,884777651,100,False,0,0,0,0.0,6.0,0.27,0.27,0.27
2569,428,../environments/smooth.17.csv,dist_only_social_any,1,-1,1,1,1,0,1,1,3622058494,884777651,200,False,2,2,2,0.0,14.0,0.205,0.205,0.205
2570,428,../environments/smooth.17.csv,dist_only_social_any,1,-1,1,1,1,0,1,1,3622058494,884777651,300,False,2,2,2,0.0,22.0,0.18,0.18,0.18
2571,428,../environments/smooth.17.csv,dist_only_social_any,1,-1,1,1,1,0,1,1,3622058494,884777651,400,False,3,3,3,0.0,29.0,0.1975,0.1975,0.1975
2572,428,../environments/smooth.17.csv,dist_only_social_any,1,-1,1,1,1,0,1,1,3622058494,884777651,500,False,9,9,9,0.0,37.0,0.188,0.188,0.188
2573,428,../environments/smooth.17.csv,dist_only_social_any,1,-1,1,1,1,0,1,1,3622058494,884777651,599,False,14,14,14,0.0,44.0,0.17863105175292154,0.17863105175292154,0.17863105175292154
2574,429,../environments/smooth.17.csv,dist_only_social_any,1,-1,1,1,1,0,1,1,3622058494,2299003041,100,False,1,1,1,0.0,7.0,0.19,0.19,0.19
2575,429,../environments/smooth.17.csv,dist_only_social_any,1,-1,1,1,1,0,1,1,3622058494,2299003041,200,False,3,3,3,0.0,14.0,0.19,0.19,0.19
2576,429,../environments/smooth.17.csv,dist_only_social_any,1,-1,1,1,1,0,1,1,3622058494,2299003041,300,False,5,5,5,0.0,21.0,0.20666666666666667,0.20666666666666667,0.20666666666666667
2577,429,../environments/smooth.17.csv,dist_only_social_any,1,-1,1,1,1,0,1,1,3622058494,2299003041,400,False,7,7,7,0.0,29.0,0.2025,0.2025,0.2025
2578,429,../environments/smooth.17.csv,dist_only_social_any,1,-1,1,1,1,0,1,1,3622058494,2299003041,500,False,9,9,9,0.0,36.0,0.19,0.19,0.19
2579,429,../environments/smooth.17.csv,dist_only_social_any,1,-1,1,1,1,0,1,1,3622058494,2299003041,599,False,10,10,10,0.0,43.0,0.2020033388981636,0.2020033388981636,0.2020033388981636
2580,430,../environments/smooth.17.csv,dist_only_social_any,1,-1,1,1,1,0,1,1,3859649351,3334515826,100,False,1,1,1,0.0,7.0,0.18,0.18,0.18
2581,430,../environments/smooth.17.csv,dist_only_social_any,1,-1,1,1,1,0,1,1,3859649351,3334515826,200,False,3,3,3,0.0,15.0,0.155,0.155,0.155
2582,430,../environments/smooth.17.csv,dist_only_social_any,1,-1,1,1,1,0,1,1,3859649351,3334515826,300,False,5,5,5,0.0,23.0,0.15666666666666668,0.15666666666666668,0.15666666666666668
2583,430,../environments/smooth.17.csv,dist_only_social_any,1,-1,1,1,1,0,1,1,3859649351,3334515826,400,False,5,5,5,0.0,30.0,0.155,0.155,0.155
2584,430,../environments/smooth.17.csv,dist_only_social_any,1,-1,1,1,1,0,1,1,3859649351,3334515826,500,False,9,9,9,0.0,37.0,0.172,0.172,0.172
2585,430,../environments/smooth.17.csv,dist_only_social_any,1,-1,1,1,1,0,1,1,3859649351,3334515826,599,False,10,10,10,0.0,44.0,0.18030050083472454,0.18030050083472454,0.18030050083472454
2586,431,../environments/smooth.17.csv,dist_only_social_any,1,-1,1,1,1,0,1,1,3859649351,262994761,100,False,3,3,3,0.0,7.0,0.16,0.16,0.16
2587,431,../environments/smooth.17.csv,dist_only_social_any,1,-1,1,1,1,0,1,1,3859649351,262994761,200,False,3,3,3,0.0,14.0,0.195,0.195,0.195
2588,431,../environments/smooth.17.csv,dist_only_social_any,1,-1,1,1,1,0,1,1,3859649351,262994761,300,False,3,3,3,0.0,22.0,0.19666666666666666,0.19666666666666666,0.19666666666666666
2589,431,../environments/smooth.17.csv,dist_only_social_any,1,-1,1,1,1,0,1,1,3859649351,262994761,400,False,3,3,3,0.0,29.0,0.2,0.2,0.2
2590,431,../environments/smooth.17.csv,dist_only_social_any,1,-1,1,1,1,0,1,1,3859649351,262994761,500,False,4,4,4,0.0,37.0,0.188,0.188,0.188
2591,431,../environments/smooth.17.csv,dist_only_social_any,1,-1,1,1,1,0,1,1,3859649351,262994761,599,False,6,6,6,0.0,44.0,0.18864774624373956,0.18864774624373956,0.18864774624373956
2592,432,../environments/smooth.17.csv,dist_only_social_any,1,-1,1,1,1,0,1,1,3859649351,3602806192,100,False,8,8,8,0.0,8.0,0.13,0.13,0.13
2593,432,../environments/smooth.17.csv,dist_only_social_any,1,-1,1,1,1,0,1,1,3859649351,3602806192,200,False,9,9,9,0.0,15.0,0.18,0.18,0.18
2594,432,../environments/smooth.17.csv,dist_only_social_any,1,-1,1,1,1,0,1,1,3859649351,3602806192,300,False,9,9,9,0.0,22.0,0.19333333333333333,0.19333333333333333,0.19333333333333333
2595,432,../environments/smooth.17.csv,dist_only_social_any,1,-1,1,1,1,0,1,1,3859649351,3602806192,400,False,10,10,10,0.0,29.0,0.1925,0.1925,0.1925
2596,432,../environments/smooth.17.csv,dist_only_social_any,1,-1,1,1,1,0,1,1,3859649351,3602806192,500,False,15,15,15,0.0,37.0,0.188,0.188,0.188
2597,432,../environments/smooth.17.csv,dist_only_social_any,1,-1,1,1,1,0,1,1,3859649351,3602806192,599,False,17,17,17,0.0,44.0,0.18030050083472454,0.18030050083472454,0.18030050083472454
2598,433,../environments/smooth.17.csv,dist_only_social_any,1,-1,1,1,1,0,1,1,3859649351,3437971635,100,False,6,6,6,0.0,8.0,0.13,0.13,0.13
2599,433,../environments/smooth.17.csv,dist_only_social_any,1,-1,1,1,1,0,1,1,3859649351,3437971635,200,False,6,6,6,0.0,15.0,0.18,0.18,0.18
2600,433,../environments/smooth.17.csv,dist_only_social_any,1,-1,1,1,1,0,1,1,3859649351,3437971635,300,False,7,7,7,0.0,22.0,0.18,0.18,0.18
2601,433,../environments/smooth.17.csv,dist_only_social_any,1,-1,1,1,1,0,1,1,3859649351,3437971635,400,False,7,7,7,0.0,30.0,0.1775,0.1775,0.1775
2602,433,../environments/smooth.17.csv,dist_only_social_any,1,-1,1,1,1,0,1,1,3859649351,3437971635,500,False,8,8,8,0.0,37.0,0.18,0.18,0.18
2603,433,../environments/smooth.17.csv,dist_only_social_any,1,-1,1,1,1,0,1,1,3859649351,3437971635,599,False,10,10,10,0.0,45.0,0.17529215358931552,0.17529215358931552,0.17529215358931552
2604,434,../environments/smooth.17.csv,dist_only_social_any,1,-1,1,1,1,0,1,1,3859649351,4010425793,100,False,2,2,2,0.0,7.0,0.22,0.22,0.22
2605,434,../environments/smooth.17.csv,dist_only_social_any,1,-1,1,1,1,0,1,1,3859649351,4010425793,200,False,3,3,3,0.0,14.0,0.21,0.21,0.21
2606,434,../environments/smooth.17.csv,dist_only_social_any,1,-1,1,1,1,0,1,1,3859649351,4010425793,300,False,4,4,4,0.0,21.0,0.21,0.21,0.21
2607,434,../environments/smooth.17.csv,dist_only_social_any,1,-1,1,1,1,0,1,1,3859649351,4010425793,400,False,5,5,5,0.0,28.0,0.2075,0.2075,0.2075
2608,434,../environments/smooth.17.csv,dist_only_social_any,1,-1,1,1,1,0,1,1,3859649351,4010425793,500,False,5,5,5,0.0,36.0,0.21,0.21,0.21
2609,434,../environments/smooth.17.csv,dist_only_social_any,1,-1,1,1,1,0,1,1,3859649351,4010425793,599,False,7,7,7,0.0,43.0,0.20534223706176963,0.20534223706176963,0.20534223706176963
2610,435,../environments/smooth.17.csv,dist_only_social_any,1,-1,1,1,1,0,1,1,3859649351,2734561081,100,False,2,2,2,0.0,7.0,0.22,0.22,0.22
2611,435,../environments/smooth.17.csv,dist_only_social_any,1,-1,1,1,1,0,1,1,3859649351,2734561081,200,False,4,4,4,0.0,14.0,0.205,0.205,0.205
2612,435,../environments/smooth.17.csv,dist_only_social_any,1,-1,1,1,1,0,1,1,3859649351,2734561081,300,False,5,5,5,0.0,22.0,0.19,0.19,0.19
2613,435,../environments/smooth.17.csv,dist_only_social_any,1,-1,1,1,1,0,1,1,3859649351,2734561081,400,False,6,6,6,0.0,29.0,0.2,0.2,0.2
2614,435,../environments/smooth.17.csv,dist_only_social_any,1,-1,1,1,1,0,1,1,3859649351,2734561081,500,False,9,9,9,0.0,36.0,0.192,0.192,0.192
2615,435,../environments/smooth.17.csv,dist_only_social_any,1,-1,1,1,1,0,1,1,3859649351,2734561081,599,False,13,13,13,0.0,44.0,0.18697829716193656,0.18697829716193656,0.18697829716193656
2616,436,../environments/smooth.17.csv,dist_only_social_any,1,-1,1,1,1,0,1,1,3859649351,1253946826,100,False,5,5,5,0.0,7.0,0.24,0.24,0.24
2617,436,../environments/smooth.17.csv,dist_only_social_any,1,-1,1,1,1,0,1,1,3859649351,1253946826,200,False,6,6,6,0.0,13.0,0.245,0.245,0.245
2618,436,../environments/smooth.17.csv,dist_only_social_any,1,-1,1,1,1,0,1,1,3859649351,1253946826,300,False,8,8,8,0.0,21.0,0.22666666666666666,0.22666666666666666,0.22666666666666666
2619,436,../environments/smooth.17.csv,dist_only_social_any,1,-1,1,1,1,0,1,1,3859649351,1253946826,400,False,8,8,8,0.0,29.0,0.205,0.205,0.205
2620,436,../environments/smooth.17.csv,dist_only_social_any,1,-1,1,1,1,0,1,1,3859649351,1253946826,500,False,11,11,11,0.0,36.0,0.198,0.198,0.198
2621,436,../environments/smooth.17.csv,dist_only_social_any,1,-1,1,1,1,0,1,1,3859649351,1253946826,599,False,14,14,14,0.0,43.0,0.19532554257095158,0.19532554257095158,0.19532554257095158
2622,437,../environments/smooth.17.csv,dist_only_social_any,1,-1,1,1,1,0,1,1,3859649351,1347984585,100,False,5,5,5,0.0,7.0,0.19,0.19,0.19
2623,437,../environments/smooth.17.csv,dist_only_social_any,1,-1,1,1,1,0,1,1,3859649351,1347984585,200,False,6,6,6,0.0,14.0,0.205,0.205,0.205
2624,437,../environments/smooth.17.csv,dist_only_social_any,1,-1,1,1,1,0,1,1,3859649351,1347984585,300,False,11,11,11,0.0,21.0,0.2,0.2,0.2
2625,437,../environments/smooth.17.csv,dist_only_social_any,1,-1,1,1,1,0,1,1,3859649351,1347984585,400,False,14,14,14,0.0,28.0,0.215,0.215,0.215
2626,437,../environments/smooth.17.csv,dist_only_social_any,1,-1,1,1,1,0,1,1,3859649351,1347984585,500,False,17,17,17,0.0,35.0,0.218,0.218,0.218
2627,437,../environments/smooth.17.csv,dist_only_social_any,1,-1,1,1,1,0,1,1,3859649351,1347984585,599,False,18,18,18,0.0,43.0,0.21202003338898165,0.21202003338898165,0.21202003338898165
2628,438,../environments/smooth.17.csv,dist_only_social_any,1,-1,1,1,1,0,1,1,3859649351,884777651,100,False,4,4,4,0.0,7.0,0.21,0.21,0.21
2629,438,../environments/smooth.17.csv,dist_only_social_any,1,-1,1,1,1,0,1,1,3859649351,884777651,200,False,6,6,6,0.0,14.0,0.19,0.19,0.19
2630,438,../environments/smooth.17.csv,dist_only_social_any,1,-1,1,1,1,0,1,1,3859649351,884777651,300,False,8,8,8,0.0,22.0,0.19,0.19,0.19
2631,438,../environments/smooth.17.csv,dist_only_social_any,1,-1,1,1,1,0,1,1,3859649351,884777651,400,False,9,9,9,0.0,29.0,0.19,0.19,0.19
2632,438,../environments/smooth.17.csv,dist_only_social_any,1,-1,1,1,1,0,1,1,3859649351,884777651,500,False,12,12,12,0.0,36.0,0.19,0.19,0.19
2633,438,../environments/smooth.17.csv,dist_only_social_any,1,-1,1,1,1,0,1,1,3859649351,884777651,599,False,15,15,15,0.0,44.0,0.19365609348914858,0.19365609348914858,0.19365609348914858
2634,439,../environments/smooth.17.csv,dist_only_social_any,1,-1,1,1,1,0,1,1,3859649351,2299003041,100,False,4,4,4,0.0,7.0,0.16,0.16,0.16
2635,439,../environments/smooth.17.csv,dist_only_social_any,1,-1,1,1,1,0,1,1,3859649351,2299003041,200,False,9,9,9,0.0,15.0,0.17,0.17,0.17
2636,439,../environments/smooth.17.csv,dist_only_social_any,1,-1,1,1,1,0,1,1,3859649351,2299003041,300,False,9,9,9,0.0,22.0,0.18333333333333332,0.18333333333333332,0.18333333333333332
2637,439,../environments/smooth.17.csv,dist_only_social_any,1,-1,1,1,1,0,1,1,3859649351,2299003041,400,False,11,11,11,0.0,29.0,0.1825,0.1825,0.1825
2638,439,../environments/smooth.17.csv,dist_only_social_any,1,-1,1,1,1,0,1,1,3859649351,2299003041,500,False,13,13,13,0.0,37.0,0.174,0.174,0.174
2639,439,../environments/smooth.17.csv,dist_only_social_any,1,-1,1,1,1,0,1,1,3859649351,2299003041,599,False,13,13,13,0.0,44.0,0.17863105175292154,0.17863105175292154,0.17863105175292154
2640,440,../environments/smooth.17.csv,dist_only_social_any,1,-1,1,1,1,0,1,1,3788962293,3334515826,100,False,2,2,2,0.0,7.0,0.2,0.2,0.2
2641,440,../environments/smooth.17.csv,dist_only_social_any,1,-1,1,1,1,0,1,1,3788962293,3334515826,200,False,6,6,6,0.0,15.0,0.175,0.175,0.175
2642,440,../environments/smooth.17.csv,dist_only_social_any,1,-1,1,1,1,0,1,1,3788962293,3334515826,300,False,9,9,9,0.0,23.0,0.16,0.16,0.16
2643,440,../environments/smooth.17.csv,dist_only_social_any,1,-1,1,1,1,0,1,1,3788962293,3334515826,400,False,9,9,9,0.0,30.0,0.1725,0.1725,0.1725
2644,440,../environments/smooth.17.csv,dist_only_social_any,1,-1,1,1,1,0,1,1,3788962293,3334515826,500,False,9,9,9,0.0,37.0,0.188,0.188,0.188
2645,440,../environments/smooth.17.csv,dist_only_social_any,1,-1,1,1,1,0,1,1,3788962293,3334515826,599,False,12,12,12,0.0,43.0,0.19699499165275458,0.19699499165275458,0.19699499165275458
2646,441,../environments/smooth.17.csv,dist_only_social_any,1,-1,1,1,1,0,1,1,3788962293,262994761,100,False,4,4,4,0.0,8.0,0.11,0.11,0.11
2647,441,../environments/smooth.17.csv,dist_only_social_any,1,-1,1,1,1,0,1,1,3788962293,262994761,200,False,6,6,6,0.0,15.0,0.145,0.145,0.145
2648,441,../environments/smooth.17.csv,dist_only_social_any,1,-1,1,1,1,0,1,1,3788962293,262994761,300,False,13,13,13,0.0,23.0,0.16,0.16,0.16
2649,441,../environments/smooth.17.csv,dist_only_social_any,1,-1,1,1,1,0,1,1,3788962293,262994761,400,False,13,13,13,0.0,30.0,0.1725,0.1725,0.1725
2650,441,../environments/smooth.17.csv,dist_only_social_any,1,-1,1,1,1,0,1,1,3788962293,262994761,500,False,14,14,14,0.0,37.0,0.172,0.172,0.172
2651,441,../environments/smooth.17.csv,dist_only_social_any,1,-1,1,1,1,0,1,1,3788962293,262994761,599,False,19,19,19,0.0,45.0,0.17028380634390652,0.17028380634390652,0.17028380634390652
2652,442,../environments/smooth.17.csv,dist_only_social_any,1,-1,1,1,1,0,1,1,3788962293,3602806192,100,False,3,3,3,0.0,7.0,0.24,0.24,0.24
2653,442,../environments/smooth.17.csv,dist_only_social_any,1,-1,1,1,1,0,1,1,3788962293,3602806192,200,False,6,6,6,0.0,14.0,0.235,0.235,0.235
2654,442,../environments/smooth.17.csv,dist_only_social_any,1,-1,1,1,1,0,1,1,3788962293,3602806192,300,False,10,10,10,0.0,21.0,0.21,0.21,0.21
2655,442,../environments/smooth.17.csv,dist_only_social_any,1,-1,1,1,1,0,1,1,3788962293,3602806192,400,False,10,10,10,0.0,29.0,0.2025,0.2025,0.2025
2656,442,../environments/smooth.17.csv,dist_only_social_any,1,-1,1,1,1,0,1,1,3788962293,3602806192,500,False,12,12,12,0.0,36.0,0.192,0.192,0.192
2657,442,../environments/smooth.17.csv,dist_only_social_any,1,-1,1,1,1,0,1,1,3788962293,3602806192,599,False,13,13,13,0.0,44.0,0.19365609348914858,0.19365609348914858,0.19365609348914858
2658,443,../environments/smooth.17.csv,dist_only_social_any,1,-1,1,1,1,0,1,1,3788962293,3437971635,100,False,4,4,4,0.0,7.0,0.21,0.21,0.21
2659,443,../environments/smooth.17.csv,dist_only_social_any,1,-1,1,1,1,0,1,1,3788962293,3437971635,200,False,4,4,4,0.0,14.0,0.215,0.215,0.215
2660,443,../environments/smooth.17.csv,dist_only_social_any,1,-1,1,1,1,0,1,1,3788962293,3437971635,300,False,5,5,5,0.0,21.0,0.20666666666666667,0.20666666666666667,0.20666666666666667
2661,443,../environments/smooth.17.csv,dist_only_social_any,1,-1,1,1,1,0,1,1,3788962293,3437971635,400,False,6,6,6,0.0,29.0,0.1975,0.1975,0.1975
2662,443,../environments/smooth.17.csv,dist_only_social_any,1,-1,1,1,1,0,1,1,3788962293,3437971635,500,False,10,10,10,0.0,37.0,0.188,0.188,0.188
2663,443,../environments/smooth.17.csv,dist_only_social_any,1,-1,1,1,1,0,1,1,3788962293,3437971635,599,False,11,11,11,0.0,44.0,0.18530884808013356,0.18530884808013356,0.18530884808013356
2664,444,../environments/smooth.17.csv,dist_only_social_any,1,-1,1,1,1,0,1,1,3788962293,4010425793,100,False,2,2,2,0.0,7.0,0.14,0.14,0.14
2665,444,../environments/smooth.17.csv,dist_only_social_any,1,-1,1,1,1,0,1,1,3788962293,4010425793,200,False,2,2,2,0.0,15.0,0.17,0.17,0.17
2666,444,../environments/smooth.17.csv,dist_only_social_any,1,-1,1,1,1,0,1,1,3788962293,4010425793,300,False,5,5,5,0.0,22.0,0.18666666666666668,0.18666666666666668,0.18666666666666668
2667,444,../environments/smooth.17.csv,dist_only_social_any,1,-1,1,1,1,0,1,1,3788962293,4010425793,400,False,8,8,8,0.0,29.0,0.18,0.18,0.18
2668,444,../environments/smooth.17.csv,dist_only_social_any,1,-1,1,1,1,0,1,1,3788962293,4010425793,500,False,10,10,10,0.0,36.0,0.196,0.196,0.196
2669,444,../environments/smooth.17.csv,dist_only_social_any,1,-1,1,1,1,0,1,1,3788962293,4010425793,599,False,10,10,10,0.0,44.0,0.19365609348914858,0.19365609348914858,0.19365609348914858
2670,445,../environments/smooth.17.csv,dist_only_social_any,1,-1,1,1,1,0,1,1,3788962293,2734561081,100,False,1,1,1,0.0,7.0,0.2,0.2,0.2
2671,445,../environments/smooth.17.csv,dist_only_social_any,1,-1,1,1,1,0,1,1,3788962293,2734561081,200,False,6,6,6,0.0,15.0,0.165,0.165,0.165
2672,445,../environments/smooth.17.csv,dist_only_social_any,1,-1,1,1,1,0,1,1,3788962293,2734561081,300,False,6,6,6,0.0,22.0,0.19666666666666666,0.19666666666666666,0.19666666666666666
2673,445,../environments/smooth.17.csv,dist_only_social_any,1,-1,1,1,1,0,1,1,3788962293,2734561081,400,False,7,7,7,0.0,29.0,0.2025,0.2025,0.2025
2674,445,../environments/smooth.17.csv,dist_only_social_any,1,-1,1,1,1,0,1,1,3788962293,2734561081,500,False,9,9,9,0.0,36.0,0.196,0.196,0.196
2675,445,../environments/smooth.17.csv,dist_only_social_any,1,-1,1,1,1,0,1,1,3788962293,2734561081,599,False,12,12,12,0.0,44.0,0.19365609348914858,0.19365609348914858,0.19365609348914858
2676,446,../environments/smooth.17.csv,dist_only_social_any,1,-1,1,1,1,0,1,1,3788962293,1253946826,100,False,2,2,2,0.0,7.0,0.17,0.17,0.17
2677,446,../environments/smooth.17.csv,dist_only_social_any,1,-1,1,1,1,0,1,1,3788962293,1253946826,200,False,3,3,3,0.0,14.0,0.2,0.2,0.2
2678,446,../environments/smooth.17.csv,dist_only_social_any,1,-1,1,1,1,0,1,1,3788962293,1253946826,300,False,4,4,4,0.0,21.0,0.21333333333333335,0.21333333333333335,0.21333333333333335
2679,446,../environments/smooth.17.csv,dist_only_social_any,1,-1,1,1,1,0,1,1,3788962293,1253946826,400,False,8,8,8,0.0,29.0,0.2025,0.2025,0.2025
2680,446,../environments/smooth.17.csv,dist_only_social_any,1,-1,1,1,1,0,1,1,3788962293,1253946826,500,False,10,10,10,0.0,36.0,0.202,0.202,0.202
2681,446,../environments/smooth.17.csv,dist_only_social_any,1,-1,1,1,1,0,1,1,3788962293,1253946826,599,False,14,14,14,0.0,43.0,0.2020033388981636,0.2020033388981636,0.2020033388981636
2682,447,../environments/smooth.17.csv,dist_only_social_any,1,-1,1,1,1,0,1,1,3788962293,1347984585,100,False,2,2,2,0.0,7.0,0.24,0.24,0.24
2683,447,../environments/smooth.17.csv,dist_only_social_any,1,-1,1,1,1,0,1,1,3788962293,1347984585,200,False,4,4,4,0.0,15.0,0.18,0.18,0.18
2684,447,../environments/smooth.17.csv,dist_only_social_any,1,-1,1,1,1,0,1,1,3788962293,1347984585,300,False,6,6,6,0.0,21.0,0.20333333333333334,0.20333333333333334,0.20333333333333334
2685,447,../environments/smooth.17.csv,dist_only_social_any,1,-1,1,1,1,0,1,1,3788962293,1347984585,400,False,9,9,9,0.0,28.0,0.22,0.22,0.22
2686,447,../environments/smooth.17.csv,dist_only_social_any,1,-1,1,1,1,0,1,1,3788962293,1347984585,500,False,12,12,12,0.0,35.0,0.218,0.218,0.218
2687,447,../environments/smooth.17.csv,dist_only_social_any,1,-1,1,1,1,0,1,1,3788962293,1347984585,599,False,16,16,16,0.0,43.0,0.21202003338898165,0.21202003338898165,0.21202003338898165
2688,448,../environments/smooth.17.csv,dist_only_social_any,1,-1,1,1,1,0,1,1,3788962293,884777651,100,False,3,3,3,0.0,7.0,0.24,0.24,0.24
2689,448,../environments/smooth.17.csv,dist_only_social_any,1,-1,1,1,1,0,1,1,3788962293,884777651,200,False,6,6,6,0.0,14.0,0.195,0.195,0.195
2690,448,../environments/smooth.17.csv,dist_only_social_any,1,-1,1,1,1,0,1,1,3788962293,884777651,300,False,8,8,8,0.0,22.0,0.19333333333333333,0.19333333333333333,0.19333333333333333
2691,448,../environments/smooth.17.csv,dist_only_social_any,1,-1,1,1,1,0,1,1,3788962293,884777651,400,False,9,9,9,0.0,29.0,0.1875,0.1875,0.1875
2692,448,../environments/smooth.17.csv,dist_only_social_any,1,-1,1,1,1,0,1,1,3788962293,884777651,500,False,12,12,12,0.0,37.0,0.188,0.188,0.188
2693,448,../environments/smooth.17.csv,dist_only_social_any,1,-1,1,1,1,0,1,1,3788962293,884777651,599,False,14,14,14,0.0,44.0,0.18697829716193656,0.18697829716193656,0.18697829716193656
2694,449,../environments/smooth.17.csv,dist_only_social_any,1,-1,1,1,1,0,1,1,3788962293,2299003041,100,False,0,0,0,0.0,7.0,0.16,0.16,0.16
2695,449,../environments/smooth.17.csv,dist_only_social_any,1,-1,1,1,1,0,1,1,3788962293,2299003041,200,False,6,6,6,0.0,15.0,0.155,0.155,0.155
2696,449,../environments/smooth.17.csv,dist_only_social_any,1,-1,1,1,1,0,1,1,3788962293,2299003041,300,False,9,9,9,0.0,22.0,0.16666666666666666,0.16666666666666666,0.16666666666666666
2697,449,../environments/smooth.17.csv,dist_only_social_any,1,-1,1,1,1,0,1,1,3788962293,2299003041,400,False,14,14,14,0.0,30.0,0.165,0.165,0.165
2698,449,../environments/smooth.17.csv,dist_only_social_any,1,-1,1,1,1,0,1,1,3788962293,2299003041,500,False,16,16,16,0.0,38.0,0.166,0.166,0.166
2699,449,../environments/smooth.17.csv,dist_only_social_any,1,-1,1,1,1,0,1,1,3788962293,2299003041,599,False,19,19,19,0.0,44.0,0.18030050083472454,0.18030050083472454,0.18030050083472454
2700,450,../environments/smooth.17.csv,dist_only_social_any,1,-1,1,1,1,0,1,1,4075238685,3334515826,100,False,2,2,2,0.0,7.0,0.2,0.2,0.2
2701,450,../environments/smooth.17.csv,dist_only_social_any,1,-1,1,1,1,0,1,1,4075238685,3334515826,200,False,6,6,6,0.0,14.0,0.185,0.185,0.185
2702,450,../environments/smooth.17.csv,dist_only_social_any,1,-1,1,1,1,0,1,1,4075238685,3334515826,300,False,8,8,8,0.0,21.0,0.2,0.2,0.2
2703,450,../environments/smooth.17.csv,dist_only_social_any,1,-1,1,1,1,0,1,1,4075238685,3334515826,400,False,11,11,11,0.0,29.0,0.185,0.185,0.185
2704,450,../environments/smooth.17.csv,dist_only_social_any,1,-1,1,1,1,0,1,1,4075238685,3334515826,500,False,16,16,16,0.0,36.0,0.196,0.196,0.196
2705,450,../environments/smooth.17.csv,dist_only_social_any,1,-1,1,1,1,0,1,1,4075238685,3334515826,599,False,16,16,16,0.0,43.0,0.1986644407345576,0.1986644407345576,0.1986644407345576
2706,451,../environments/smooth.17.csv,dist_only_social_any,1,-1,1,1,1,0,1,1,4075238685,262994761,100,False,0,0,0,0.0,7.0,0.23,0.23,0.23
2707,451,../environments/smooth.17.csv,dist_only_social_any,1,-1,1,1,1,0,1,1,4075238685,262994761,200,False,1,1,1,0.0,14.0,0.21,0.21,0.21
2708,451,../environments/smooth.17.csv,dist_only_social_any,1,-1,1,1,1,0,1,1,4075238685,262994761,300,False,4,4,4,0.0,21.0,0.2,0.2,0.2
2709,451,../environments/smooth.17.csv,dist_only_social_any,1,-1,1,1,1,0,1,1,4075238685,262994761,400,False,5,5,5,0.0,29.0,0.205,0.205,0.205
2710,451,../environments/smooth.17.csv,dist_only_social_any,1,-1,1,1,1,0,1,1,4075238685,262994761,500,False,11,11,11,0.0,36.0,0.202,0.202,0.202
2711,451,../environments/smooth.17.csv,dist_only_social_any,1,-1,1,1,1,0,1,1,4075238685,262994761,599,False,16,16,16,0.0,44.0,0.19198664440734559,0.19198664440734559,0.19198664440734559
2712,452,../environments/smooth.17.csv,dist_only_social_any,1,-1,1,1,1,0,1,1,4075238685,3602806192,100,False,1,1,1,0.0,7.0,0.19,0.19,0.19
2713,452,../environments/smooth.17.csv,dist_only_social_any,1,-1,1,1,1,0,1,1,4075238685,3602806192,200,False,1,1,1,0.0,14.0,0.23,0.23,0.23
2714,452,../environments/smooth.17.csv,dist_only_social_any,1,-1,1,1,1,0,1,1,4075238685,3602806192,300,False,1,1,1,0.0,21.0,0.22333333333333333,0.22333333333333333,0.22333333333333333
2715,452,../environments/smooth.17.csv,dist_only_social_any,1,-1,1,1,1,0,1,1,4075238685,3602806192,400,False,4,4,4,0.0,28.0,0.21,0.21,0.21
2716,452,../environments/smooth.17.csv,dist_only_social_any,1,-1,1,1,1,0,1,1,4075238685,3602806192,500,False,9,9,9,0.0,36.0,0.192,0.192,0.192
2717,452,../environments/smooth.17.csv,dist_only_social_any,1,-1,1,1,1,0,1,1,4075238685,3602806192,599,False,10,10,10,0.0,43.0,0.20868113522537562,0.20868113522537562,0.20868113522537562
2718,453,../environments/smooth.17.csv,dist_only_social_any,1,-1,1,1,1,0,1,1,4075238685,3437971635,100,False,5,5,5,0.0,7.0,0.18,0.18,0.18
2719,453,../environments/smooth.17.csv,dist_only_social_any,1,-1,1,1,1,0,1,1,4075238685,3437971635,200,False,7,7,7,0.0,14.0,0.19,0.19,0.19
2720,453,../environments/smooth.17.csv,dist_only_social_any,1,-1,1,1,1,0,1,1,4075238685,3437971635,300,False,7,7,7,0.0,22.0,0.18333333333333332,0.18333333333333332,0.18333333333333332
2721,453,../environments/smooth.17.csv,dist_only_social_any,1,-1,1,1,1,0,1,1,4075238685,3437971635,400,False,9,9,9,0.0,29.0,0.18,0.18,0.18
2722,453,../environments/smooth.17.csv,dist_only_social_any,1,-1,1,1,1,0,1,1,4075238685,3437971635,500,False,11,11,11,0.0,37.0,0.188,0.188,0.188
2723,453,../environments/smooth.17.csv,dist_only_social_any,1,-1,1,1,1,0,1,1,4075238685,3437971635,599,False,16,16,16,0.0,44.0,0.18196994991652754,0.18196994991652754,0.18196994991652754
2724,454,../environments/smooth.17.csv,dist_only_social_any,1,-1,1,1,1,0,1,1,4075238685,4010425793,100,False,0,0,0,0.0,7.0,0.18,0.18,0.18
2725,454,../environments/smooth.17.csv,dist_only_social_any,1,-1,1,1,1,0,1,1,4075238685,4010425793,200,False,0,0,0,0.0,15.0,0.17,0.17,0.17
2726,454,../environments/smooth.17.csv,dist_only_social_any,1,-1,1,1,1,0,1,1,4075238685,4010425793,300,False,4,4,4,0.0,22.0,0.19333333333333333,0.19333333333333333,0.19333333333333333
2727,454,../environments/smooth.17.csv,dist_only_social_any,1,-1,1,1,1,0,1,1,4075238685,4010425793,400,False,4,4,4,0.0,30.0,0.1775,0.1775,0.1775
2728,454,../environments/smooth.17.csv,dist_only_social_any,1,-1,1,1,1,0,1,1,4075238685,4010425793,500,False,5,5,5,0.0,37.0,0.188,0.188,0.188
2729,454,../environments/smooth.17.csv,dist_only_social_any,1,-1,1,1,1,0,1,1,4075238685,4010425793,599,False,8,8,8,0.0,44.0,0.18196994991652754,0.18196994991652754,0.18196994991652754
2730,455,../environments/smooth.17.csv,dist_only_social_any,1,-1,1,1,1,0,1,1,4075238685,2734561081,100,False,4,4,4,0.0,7.0,0.21,0.21,0.21
2731,455,../environments/smooth.17.csv,dist_only_social_any,1,-1,1,1,1,0,1,1,4075238685,2734561081,200,False,4,4,4,0.0,14.0,0.205,0.205,0.205
2732,455,../environments/smooth.17.csv,dist_only_social_any,1,-1,1,1,1,0,1,1,4075238685,2734561081,300,False,7,7,7,0.0,22.0,0.19666666666666666,0.19666666666666666,0.19666666666666666
2733,455,../environments/smooth.17.csv,dist_only_social_any,1,-1,1,1,1,0,1,1,4075238685,2734561081,400,False,10,10,10,0.0,29.0,0.205,0.205,0.205
2734,455,../environments/smooth.17.csv,dist_only_social_any,1,-1,1,1,1,0,1,1,4075238685,2734561081,500,False,13,13,13,0.0,36.0,0.192,0.192,0.192
2735,455,../environments/smooth.17.csv,dist_only_social_any,1,-1,1,1,1,0,1,1,4075238685,2734561081,599,False,15,15,15,0.0,44.0,0.19031719532554256,0.19031719532554256,0.19031719532554256
2736,456,../environments/smooth.17.csv,dist_only_social_any,1,-1,1,1,1,0,1,1,4075238685,1253946826,100,False,0,0,0,0.0,7.0,0.16,0.16,0.16
2737,456,../environments/smooth.17.csv,dist_only_social_any,1,-1,1,1,1,0,1,1,4075238685,1253946826,200,False,2,2,2,0.0,14.0,0.195,0.195,0.195
2738,456,../environments/smooth.17.csv,dist_only_social_any,1,-1,1,1,1,0,1,1,4075238685,1253946826,300,False,4,4,4,0.0,22.0,0.19666666666666666,0.19666666666666666,0.19666666666666666
2739,456,../environments/smooth.17.csv,dist_only_social_any,1,-1,1,1,1,0,1,1,4075238685,1253946826,400,False,7,7,7,0.0,30.0,0.1775,0.1775,0.1775
2740,456,../environments/smooth.17.csv,dist_only_social_any,1,-1,1,1,1,0,1,1,4075238685,1253946826,500,False,8,8,8,0.0,37.0,0.188,0.188,0.188
2741,456,../environments/smooth.17.csv,dist_only_social_any,1,-1,1,1,1,0,1,1,4075238685,1253946826,599,False,9,9,9,0.0,44.0,0.18196994991652754,0.18196994991652754,0.18196994991652754
2742,457,../environments/smooth.17.csv,dist_only_social_any,1,-1,1,1,1,0,1,1,4075238685,1347984585,100,False,3,3,3,0.0,7.0,0.24,0.24,0.24
2743,457,../environments/smooth.17.csv,dist_only_social_any,1,-1,1,1,1,0,1,1,4075238685,1347984585,200,False,3,3,3,0.0,14.0,0.235,0.235,0.235
2744,457,../environments/smooth.17.csv,dist_only_social_any,1,-1,1,1,1,0,1,1,4075238685,1347984585,300,False,4,4,4,0.0,21.0,0.22666666666666666,0.22666666666666666,0.22666666666666666
2745,457,../environments/smooth.17.csv,dist_only_social_any,1,-1,1,1,1,0,1,1,4075238685,1347984585,400,False,6,6,6,0.0,28.0,0.225,0.225,0.225
2746,457,../environments/smooth.17.csv,dist_only_social_any,1,-1,1,1,1,0,1,1,4075238685,1347984585,500,False,7,7,7,0.0,35.0,0.23,0.23,0.23
2747,457,../environments/smooth.17.csv,dist_only_social_any,1,-1,1,1,1,0,1,1,4075238685,1347984585,599,False,8,8,8,0.0,42.0,0.2287145242070117,0.2287145242070117,0.2287145242070117
2748,458,../environments/smooth.17.csv,dist_only_social_any,1,-1,1,1,1,0,1,1,4075238685,884777651,100,False,0,0,0,0.0,7.0,0.22,0.22,0.22
2749,458,../environments/smooth.17.csv,dist_only_social_any,1,-1,1,1,1,0,1,1,4075238685,884777651,200,False,0,0,0,0.0,14.0,0.21,0.21,0.21
2750,458,../environments/smooth.17.csv,dist_only_social_any,1,-1,1,1,1,0,1,1,4075238685,884777651,300,False,0,0,0,0.0,21.0,0.20333333333333334,0.20333333333333334,0.20333333333333334
2751,458,../environments/smooth.17.csv,dist_only_social_any,1,-1,1,1,1,0,1,1,4075238685,884777651,400,False,5,5,5,0.0,29.0,0.1825,0.1825,0.1825
2752,458,../environments/smooth.17.csv,dist_only_social_any,1,-1,1,1,1,0,1,1,4075238685,884777651,500,False,6,6,6,0.0,37.0,0.184,0.184,0.184
2753,458,../environments/smooth.17.csv,dist_only_social_any,1,-1,1,1,1,0,1,1,4075238685,884777651,599,False,6,6,6,0.0,44.0,0.18196994991652754,0.18196994991652754,0.18196994991652754
2754,459,../environments/smooth.17.csv,dist_only_social_any,1,-1,1,1,1,0,1,1,4075238685,2299003041,100,False,3,3,3,0.0,7.0,0.19,0.19,0.19
2755,459,../environments/smooth.17.csv,dist_only_social_any,1,-1,1,1,1,0,1,1,4075238685,2299003041,200,False,8,8,8,0.0,15.0,0.17,0.17,0.17
2756,459,../environments/smooth.17.csv,dist_only_social_any,1,-1,1,1,1,0,1,1,4075238685,2299003041,300,False,9,9,9,0.0,22.0,0.16666666666666666,0.16666666666666666,0.16666666666666666
2757,459,../environments/smooth.17.csv,dist_only_social_any,1,-1,1,1,1,0,1,1,4075238685,2299003041,400,False,10,10,10,0.0,30.0,0.1775,0.1775,0.1775
2758,459,../environments/smooth.17.csv,dist_only_social_any,1,-1,1,1,1,0,1,1,4075238685,2299003041,500,False,10,10,10,0.0,37.0,0.182,0.182,0.182
2759,459,../environments/smooth.17.csv,dist_only_social_any,1,-1,1,1,1,0,1,1,4075238685,2299003041,599,False,11,11,11,0.0,44.0,0.19198664440734559,0.19198664440734559,0.19198664440734559
2760,460,../environments/smooth.17.csv,dist_only_social_any,1,-1,1,1,1,0,1,1,1315049272,3334515826,100,False,3,3,3,0.0,7.0,0.24,0.24,0.24
2761,460,../environments/smooth.17.csv,dist_only_social_any,1,-1,1,1,1,0,1,1,1315049272,3334515826,200,False,5,5,5,0.0,14.0,0.2,0.2,0.2
2762,460,../environments/smooth.17.csv,dist_only_social_any,1,-1,1,1,1,0,1,1,1315049272,3334515826,300,False,5,5,5,0.0,22.0,0.19666666666666666,0.19666666666666666,0.19666666666666666
2763,460,../environments/smooth.17.csv,dist_only_social_any,1,-1,1,1,1,0,1,1,1315049272,3334515826,400,False,8,8,8,0.0,29.0,0.2,0.2,0.2
2764,460,../environments/smooth.17.csv,dist_only_social_any,1,-1,1,1,1,0,1,1,1315049272,3334515826,500,False,9,9,9,0.0,36.0,0.206,0.206,0.206
2765,460,../environments/smooth.17.csv,dist_only_social_any,1,-1,1,1,1,0,1,1,1315049272,3334515826,599,False,10,10,10,0.0,43.0,0.21035058430717862,0.21035058430717862,0.21035058430717862
2766,461,../environments/smooth.17.csv,dist_only_social_any,1,-1,1,1,1,0,1,1,1315049272,262994761,100,False,1,1,1,0.0,7.0,0.16,0.16,0.16
2767,461,../environments/smooth.17.csv,dist_only_social_any,1,-1,1,1,1,0,1,1,1315049272,262994761,200,False,5,5,5,0.0,15.0,0.18,0.18,0.18
2768,461,../environments/smooth.17.csv,dist_only_social_any,1,-1,1,1,1,0,1,1,1315049272,262994761,300,False,5,5,5,0.0,22.0,0.17333333333333334,0.17333333333333334,0.17333333333333334
2769,461,../environments/smooth.17.csv,dist_only_social_any,1,-1,1,1,1,0,1,1,1315049272,262994761,400,False,5,5,5,0.0,29.0,0.1825,0.1825,0.1825
2770,461,../environments/smooth.17.csv,dist_only_social_any,1,-1,1,1,1,0,1,1,1315049272,262994761,500,False,10,10,10,0.0,37.0,0.172,0.172,0.172
2771,461,../environments/smooth.17.csv,dist_only_social_any,1,-1,1,1,1,0,1,1,1315049272,262994761,599,False,13,13,13,0.0,45.0,0.17529215358931552,0.17529215358931552,0.17529215358931552
2772,462,../environments/smooth.17.csv,dist_only_social_any,1,-1,1,1,1,0,1,1,1315049272,3602806192,100,False,1,1,1,0.0,7.0,0.17,0.17,0.17
2773,462,../environments/smooth.17.csv,dist_only_social_any,1,-1,1,1,1,0,1,1,1315049272,3602806192,200,False,2,2,2,0.0,14.0,0.185,0.185,0.185
2774,462,../environments/smooth.17.csv,dist_only_social_any,1,-1,1,1,1,0,1,1,1315049272,3602806192,300,False,3,3,3,0.0,22.0,0.19666666666666666,0.19666666666666666,0.19666666666666666
2775,462,../environments/smooth.17.csv,dist_only_social_any,1,-1,1,1,1,0,1,1,1315049272,3602806192,400,False,6,6,6,0.0,30.0,0.1775,0.1775,0.1775
2776,462,../environments/smooth.17.csv,dist_only_social_any,1,-1,1,1,1,0,1,1,1315049272,3602806192,500,False,7,7,7,0.0,37.0,0.188,0.188,0.188
2777,462,../environments/smooth.17.csv,dist_only_social_any,1,-1,1,1,1,0,1,1,1315049272,3602806192,599,False,7,7,7,0.0,44.0,0.18030050083472454,0.18030050083472454,0.18030050083472454
2778,463,../environments/smooth.17.csv,dist_only_social_any,1,-1,1,1,1,0,1,1,1315049272,3437971635,100,False,2,2,2,0.0,7.0,0.18,0.18,0.18
2779,463,../environments/smooth.17.csv,dist_only_social_any,1,-1,1,1,1,0,1,1,1315049272,3437971635,200,False,2,2,2,0.0,14.0,0.195,0.195,0.195
2780,463,../environments/smooth.17.csv,dist_only_social_any,1,-1,1,1,1,0,1,1,1315049272,3437971635,300,False,5,5,5,0.0,22.0,0.19,0.19,0.19
2781,463,../environments/smooth.17.csv,dist_only_social_any,1,-1,1,1,1,0,1,1,1315049272,3437971635,400,False,10,10,10,0.0,30.0,0.1775,0.1775,0.1775
2782,463,../environments/smooth.17.csv,dist_only_social_any,1,-1,1,1,1,0,1,1,1315049272,3437971635,500,False,11,11,11,0.0,37.0,0.188,0.188,0.188
2783,463,../environments/smooth.17.csv,dist_only_social_any,1,-1,1,1,1,0,1,1,1315049272,3437971635,599,False,13,13,13,0.0,44.0,0.18196994991652754,0.18196994991652754,0.18196994991652754
2784,464,../environments/smooth.17.csv,dist_only_social_any,1,-1,1,1,1,0,1,1,1315049272,4010425793,100,False,2,2,2,0.0,7.0,0.15,0.15,0.15
2785,464,../environments/smooth.17.csv,dist_only_social_any,1,-1,1,1,1,0,1,1,1315049272,4010425793,200,False,8,8,8,0.0,15.0,0.155,0.155,0.155
2786,464,../environments/smooth.17.csv,dist_only_social_any,1,-1,1,1,1,0,1,1,1315049272,4010425793,300,False,9,9,9,0.0,22.0,0.18333333333333332,0.18333333333333332,0.18333333333333332
2787,464,../environments/smooth.17.csv,dist_only_social_any,1,-1,1,1,1,0,1,1,1315049272,4010425793,400,False,10,10,10,0.0,30.0,0.1775,0.1775,0.1775
2788,464,../environments/smooth.17.csv,dist_only_social_any,1,-1,1,1,1,0,1,1,1315049272,4010425793,500,False,10,10,10,0.0,37.0,0.188,0.188,0.188
2789,464,../environments/smooth.17.csv,dist_only_social_any,1,-1,1,1,1,0,1,1,1315049272,4010425793,599,False,12,12,12,0.0,44.0,0.18864774624373956,0.18864774624373956,0.18864774624373956
2790,465,../environments/smooth.17.csv,dist_only_social_any,1,-1,1,1,1,0,1,1,1315049272,2734561081,100,False,7,7,7,0.0,7.0,0.17,0.17,0.17
2791,465,../environments/smooth.17.csv,dist_only_social_any,1,-1,1,1,1,0,1,1,1315049272,2734561081,200,False,7,7,7,0.0,15.0,0.175,0.175,0.175
2792,465,../environments/smooth.17.csv,dist_only_social_any,1,-1,1,1,1,0,1,1,1315049272,2734561081,300,False,7,7,7,0.0,22.0,0.19666666666666666,0.19666666666666666,0.19666666666666666
2793,465,../environments/smooth.17.csv,dist_only_social_any,1,-1,1,1,1,0,1,1,1315049272,2734561081,400,False,8,8,8,0.0,29.0,0.2025,0.2025,0.2025
2794,465,../environments/smooth.17.csv,dist_only_social_any,1,-1,1,1,1,0,1,1,1315049272,2734561081,500,False,10,10,10,0.0,36.0,0.196,0.196,0.196
2795,465,../environments/smooth.17.csv,dist_only_social_any,1,-1,1,1,1,0,1,1,1315049272,2734561081,599,False,13,13,13,0.0,44.0,0.19365609348914858,0.19365609348914858,0.19365609348914858
2796,466,../environments/smooth.17.csv,dist_only_social_any,1,-1,1,1,1,0,1,1,1315049272,1253946826,100,False,6,6,6,0.0,8.0,0.13,0.13,0.13
2797,466,../environments/smooth.17.csv,dist_only_social_any,1,-1,1,1,1,0,1,1,1315049272,1253946826,200,False,8,8,8,0.0,14.0,0.19,0.19,0.19
2798,466,../environments/smooth.17.csv,dist_only_social_any,1,-1,1,1,1,0,1,1,1315049272,1253946826,300,False,10,10,10,0.0,21.0,0.20333333333333334,0.20333333333333334,0.20333333333333334
2799,466,../environments/smooth.17.csv,dist_only_social_any,1,-1,1,1,1,0,1,1,1315049272,1253946826,400,False,11,11,11,0.0,29.0,0.195,0.195,0.195
2800,466,../environments/smooth.17.csv,dist_only_social_any,1,-1,1,1,1,0,1,1,1315049272,1253946826,500,False,11,11,11,0.0,36.0,0.192,0.192,0.192
2801,466,../environments/smooth.17.csv,dist_only_social_any,1,-1,1,1,1,0,1,1,1315049272,1253946826,599,False,13,13,13,0.0,44.0,0.18864774624373956,0.18864774624373956,0.18864774624373956
2802,467,../environments/smooth.17.csv,dist_only_social_any,1,-1,1,1,1,0,1,1,1315049272,1347984585,100,False,3,3,3,0.0,7.0,0.23,0.23,0.23
2803,467,../environments/smooth.17.csv,dist_only_social_any,1,-1,1,1,1,0,1,1,1315049272,1347984585,200,False,7,7,7,0.0,14.0,0.205,0.205,0.205
2804,467,../environments/smooth.17.csv,dist_only_social_any,1,-1,1,1,1,0,1,1,1315049272,1347984585,300,False,9,9,9,0.0,21.0,0.20666666666666667,0.20666666666666667,0.20666666666666667
2805,467,../environments/smooth.17.csv,dist_only_social_any,1,-1,1,1,1,0,1,1,1315049272,1347984585,400,False,14,14,14,0.0,29.0,0.205,0.205,0.205
2806,467,../environments/smooth.17.csv,dist_only_social_any,1,-1,1,1,1,0,1,1,1315049272,1347984585,500,False,14,14,14,0.0,36.0,0.208,0.208,0.208
2807,467,../environments/smooth.17.csv,dist_only_social_any,1,-1,1,1,1,0,1,1,1315049272,1347984585,599,False,15,15,15,0.0,43.0,0.21035058430717862,0.21035058430717862,0.21035058430717862
2808,468,../environments/smooth.17.csv,dist_only_social_any,1,-1,1,1,1,0,1,1,1315049272,884777651,100,False,4,4,4,0.0,7.0,0.21,0.21,0.21
2809,468,../environments/smooth.17.csv,dist_only_social_any,1,-1,1,1,1,0,1,1,1315049272,884777651,200,False,9,9,9,0.0,15.0,0.18,0.18,0.18
2810,468,../environments/smooth.17.csv,dist_only_social_any,1,-1,1,1,1,0,1,1,1315049272,884777651,300,False,14,14,14,0.0,22.0,0.16333333333333333,0.16333333333333333,0.16333333333333333
2811,468,../environments/smooth.17.csv,dist_only_social_any,1,-1,1,1,1,0,1,1,1315049272,884777651,400,False,16,16,16,0.0,30.0,0.1775,0.1775,0.1775
2812,468,../environments/smooth.17.csv,dist_only_social_any,1,-1,1,1,1,0,1,1,1315049272,884777651,500,False,19,19,19,0.0,37.0,0.182,0.182,0.182
2813,468,../environments/smooth.17.csv,dist_only_social_any,1,-1,1,1,1,0,1,1,1315049272,884777651,599,False,19,19,19,0.0,44.0,0.18030050083472454,0.18030050083472454,0.18030050083472454
2814,469,../environments/smooth.17.csv,dist_only_social_any,1,-1,1,1,1,0,1,1,1315049272,2299003041,100,False,4,4,4,0.0,7.0,0.17,0.17,0.17
2815,469,../environments/smooth.17.csv,dist_only_social_any,1,-1,1,1,1,0,1,1,1315049272,2299003041,200,False,5,5,5,0.0,15.0,0.18,0.18,0.18
2816,469,../environments/smooth.17.csv,dist_only_social_any,1,-1,1,1,1,0,1,1,1315049272,2299003041,300,False,9,9,9,0.0,22.0,0.19666666666666666,0.19666666666666666,0.19666666666666666
2817,469,../environments/smooth.17.csv,dist_only_social_any,1,-1,1,1,1,0,1,1,1315049272,2299003041,400,False,13,13,13,0.0,29.0,0.1925,0.1925,0.1925
2818,469,../environments/smooth.17.csv,dist_only_social_any,1,-1,1,1,1,0,1,1,1315049272,2299003041,500,False,13,13,13,0.0,36.0,0.196,0.196,0.196
2819,469,../environments/smooth.17.csv,dist_only_social_any,1,-1,1,1,1,0,1,1,1315049272,2299003041,599,False,17,17,17,0.0,43.0,0.2020033388981636,0.2020033388981636,0.2020033388981636
2820,470,../environments/smooth.17.csv,dist_only_social_any,1,-1,1,1,1,0,1,1,664961228,3334515826,100,False,5,5,5,0.0,7.0,0.2,0.2,0.2
2821,470,../environments/smooth.17.csv,dist_only_social_any,1,-1,1,1,1,0,1,1,664961228,3334515826,200,False,7,7,7,0.0,14.0,0.185,0.185,0.185
2822,470,../environments/smooth.17.csv,dist_only_social_any,1,-1,1,1,1,0,1,1,664961228,3334515826,300,False,10,10,10,0.0,22.0,0.19666666666666666,0.19666666666666666,0.19666666666666666
2823,470,../environments/smooth.17.csv,dist_only_social_any,1,-1,1,1,1,0,1,1,664961228,3334515826,400,False,10,10,10,0.0,29.0,0.185,0.185,0.185
2824,470,../environments/smooth.17.csv,dist_only_social_any,1,-1,1,1,1,0,1,1,664961228,3334515826,500,False,11,11,11,0.0,36.0,0.204,0.204,0.204
2825,470,../environments/smooth.17.csv,dist_only_social_any,1,-1,1,1,1,0,1,1,664961228,3334515826,599,False,13,13,13,0.0,43.0,0.21202003338898165,0.21202003338898165,0.21202003338898165
2826,471,../environments/smooth.17.csv,dist_only_social_any,1,-1,1,1,1,0,1,1,664961228,262994761,100,False,4,4,4,0.0,7.0,0.14,0.14,0.14
2827,471,../environments/smooth.17.csv,dist_only_social_any,1,-1,1,1,1,0,1,1,664961228,262994761,200,False,8,8,8,0.0,15.0,0.18,0.18,0.18
2828,471,../environments/smooth.17.csv,dist_only_social_any,1,-1,1,1,1,0,1,1,664961228,262994761,300,False,9,9,9,0.0,22.0,0.19333333333333333,0.19333333333333333,0.19333333333333333
2829,471,../environments/smooth.17.csv,dist_only_social_any,1,-1,1,1,1,0,1,1,664961228,262994761,400,False,14,14,14,0.0,29.0,0.1875,0.1875,0.1875
2830,471,../environments/smooth.17.csv,dist_only_social_any,1,-1,1,1,1,0,1,1,664961228,262994761,500,False,15,15,15,0.0,37.0,0.184,0.184,0.184
2831,471,../environments/smooth.17.csv,dist_only_social_any,1,-1,1,1,1,0,1,1,664961228,262994761,599,False,15,15,15,0.0,44.0,0.18530884808013356,0.18530884808013356,0.18530884808013356
2832,472,../environments/smooth.17.csv,dist_only_social_any,1,-1,1,1,1,0,1,1,664961228,3602806192,100,False,2,2,2,0.0,7.0,0.18,0.18,0.18
2833,472,../environments/smooth.17.csv,dist_only_social_any,1,-1,1,1,1,0,1,1,664961228,3602806192,200,False,4,4,4,0.0,14.0,0.225,0.225,0.225
2834,472,../environments/smooth.17.csv,dist_only_social_any,1,-1,1,1,1,0,1,1,664961228,3602806192,300,False,4,4,4,0.0,21.0,0.20666666666666667,0.20666666666666667,0.20666666666666667
2835,472,../environments/smooth.17.csv,dist_only_social_any,1,-1,1,1,1,0,1,1,664961228,3602806192,400,False,5,5,5,0.0,29.0,0.1975,0.1975,0.1975
2836,472,../environments/smooth.17.csv,dist_only_social_any,1,-1,1,1,1,0,1,1,664961228,3602806192,500,False,6,6,6,0.0,36.0,0.194,0.194,0.194
2837,472,../environments/smooth.17.csv,dist_only_social_any,1,-1,1,1,1,0,1,1,664961228,3602806192,599,False,7,7,7,0.0,43.0,0.20534223706176963,0.20534223706176963,0.20534223706176963
2838,473,../environments/smooth.17.csv,dist_only_social_any,1,-1,1,1,1,0,1,1,664961228,3437971635,100,False,0,0,0,0.0,7.0,0.19,0.19,0.19
2839,473,../environments/smooth.17.csv,dist_only_social_any,1,-1,1,1,1,0,1,1,664961228,3437971635,200,False,6,6,6,0.0,14.0,0.195,0.195,0.195
2840,473,../environments/smooth.17.csv,dist_only_social_any,1,-1,1,1,1,0,1,1,664961228,3437971635,300,False,6,6,6,0.0,22.0,0.19333333333333333,0.19333333333333333,0.19333333333333333
2841,473,../environments/smooth.17.csv,dist_only_social_any,1,-1,1,1,1,0,1,1,664961228,3437971635,400,False,8,8,8,0.0,29.0,0.185,0.185,0.185
2842,473,../environments/smooth.17.csv,dist_only_social_any,1,-1,1,1,1,0,1,1,664961228,3437971635,500,False,11,11,11,0.0,37.0,0.186,0.186,0.186
2843,473,../environments/smooth.17.csv,dist_only_social_any,1,-1,1,1,1,0,1,1,664961228,3437971635,599,False,15,15,15,0.0,45.0,0.17529215358931552,0.17529215358931552,0.17529215358931552
2844,474,../environments/smooth.17.csv,dist_only_social_any,1,-1,1,1,1,0,1,1,664961228,4010425793,100,False,0,0,0,0.0,7.0,0.18,0.18,0.18
2845,474,../environments/smooth.17.csv,dist_only_social_any,1,-1,1,1,1,0,1,1,664961228,4010425793,200,False,0,0,0,0.0,14.0,0.205,0.205,0.205
2846,474,../environments/smooth.17.csv,dist_only_social_any,1,-1,1,1,1,0,1,1,664961228,4010425793,300,False,2,2,2,0.0,21.0,0.20333333333333334,0.20333333333333334,0.20333333333333334
2847,474,../environments/smooth.17.csv,dist_only_social_any,1,-1,1,1,1,0,1,1,664961228,4010425793,400,False,3,3,3,0.0,29.0,0.205,0.205,0.205
2848,474,../environments/smooth.17.csv,dist_only_social_any,1,-1,1,1,1,0,1,1,664961228,4010425793,500,False,3,3,3,0.0,36.0,0.202,0.202,0.202
2849,474,../environments/smooth.17.csv,dist_only_social_any,1,-1,1,1,1,0,1,1,664961228,4010425793,599,False,4,4,4,0.0,43.0,0.2020033388981636,0.2020033388981636,0.2020033388981636
2850,475,../environments/smooth.17.csv,dist_only_social_any,1,-1,1,1,1,0,1,1,664961228,2734561081,100,False,1,1,1,0.0,7.0,0.23,0.23,0.23
2851,475,../environments/smooth.17.csv,dist_only_social_any,1,-1,1,1,1,0,1,1,664961228,2734561081,200,False,4,4,4,0.0,14.0,0.195,0.195,0.195
2852,475,../environments/smooth.17.csv,dist_only_social_any,1,-1,1,1,1,0,1,1,664961228,2734561081,300,False,4,4,4,0.0,22.0,0.19666666666666666,0.19666666666666666,0.19666666666666666
2853,475,../environments/smooth.17.csv,dist_only_social_any,1,-1,1,1,1,0,1,1,664961228,2734561081,400,False,7,7,7,0.0,29.0,0.205,0.205,0.205
2854,475,../environments/smooth.17.csv,dist_only_social_any,1,-1,1,1,1,0,1,1,664961228,2734561081,500,False,11,11,11,0.0,36.0,0.196,0.196,0.196
2855,475,../environments/smooth.17.csv,dist_only_social_any,1,-1,1,1,1,0,1,1,664961228,2734561081,599,False,12,12,12,0.0,43.0,0.1986644407345576,0.1986644407345576,0.1986644407345576
2856,476,../environments/smooth.17.csv,dist_only_social_any,1,-1,1,1,1,0,1,1,664961228,1253946826,100,False,0,0,0,0.0,7.0,0.18,0.18,0.18
2857,476,../environments/smooth.17.csv,dist_only_social_any,1,-1,1,1,1,0,1,1,664961228,1253946826,200,False,0,0,0,0.0,14.0,0.21,0.21,0.21
2858,476,../environments/smooth.17.csv,dist_only_social_any,1,-1,1,1,1,0,1,1,664961228,1253946826,300,False,0,0,0,0.0,21.0,0.22333333333333333,0.22333333333333333,0.22333333333333333
2859,476,../environments/smooth.17.csv,dist_only_social_any,1,-1,1,1,1,0,1,1,664961228,1253946826,400,False,0,0,0,0.0,28.0,0.21,0.21,0.21
2860,476,../environments/smooth.17.csv,dist_only_social_any,1,-1,1,1,1,0,1,1,664961228,1253946826,500,False,3,3,3,0.0,36.0,0.206,0.206,0.206
2861,476,../environments/smooth.17.csv,dist_only_social_any,1,-1,1,1,1,0,1,1,664961228,1253946826,599,False,4,4,4,0.0,43.0,0.2020033388981636,0.2020033388981636,0.2020033388981636
2862,477,../environments/smooth.17.csv,dist_only_social_any,1,-1,1,1,1,0,1,1,664961228,1347984585,100,False,1,1,1,0.0,7.0,0.22,0.22,0.22
2863,477,../environments/smooth.17.csv,dist_only_social_any,1,-1,1,1,1,0,1,1,664961228,1347984585,200,False,1,1,1,0.0,14.0,0.235,0.235,0.235
2864,477,../environments/smooth.17.csv,dist_only_social_any,1,-1,1,1,1,0,1,1,664961228,1347984585,300,False,2,2,2,0.0,21.0,0.22,0.22,0.22
2865,477,../environments/smooth.17.csv,dist_only_social_any,1,-1,1,1,1,0,1,1,664961228,1347984585,400,False,4,4,4,0.0,28.0,0.2275,0.2275,0.2275
2866,477,../environments/smooth.17.csv,dist_only_social_any,1,-1,1,1,1,0,1,1,664961228,1347984585,500,False,4,4,4,0.0,35.0,0.218,0.218,0.218
2867,477,../environments/smooth.17.csv,dist_only_social_any,1,-1,1,1,1,0,1,1,664961228,1347984585,599,False,4,4,4,0.0,43.0,0.21202003338898165,0.21202003338898165,0.21202003338898165
2868,478,../environments/smooth.17.csv,dist_only_social_any,1,-1,1,1,1,0,1,1,664961228,884777651,100,False,1,1,1,0.0,7.0,0.24,0.24,0.24
2869,478,../environments/smooth.17.csv,dist_only_social_any,1,-1,1,1,1,0,1,1,664961228,884777651,200,False,4,4,4,0.0,14.0,0.21,0.21,0.21
2870,478,../environments/smooth.17.csv,dist_only_social_any,1,-1,1,1,1,0,1,1,664961228,884777651,300,False,6,6,6,0.0,22.0,0.19666666666666666,0.19666666666666666,0.19666666666666666
2871,478,../environments/smooth.17.csv,dist_only_social_any,1,-1,1,1,1,0,1,1,664961228,884777651,400,False,7,7,7,0.0,29.0,0.195,0.195,0.195
2872,478,../environments/smooth.17.csv,dist_only_social_any,1,-1,1,1,1,0,1,1,664961228,884777651,500,False,9,9,9,0.0,37.0,0.188,0.188,0.188
2873,478,../environments/smooth.17.csv,dist_only_social_any,1,-1,1,1,1,0,1,1,664961228,884777651,599,False,11,11,11,0.0,44.0,0.18864774624373956,0.18864774624373956,0.18864774624373956
2874,479,../environments/smooth.17.csv,dist_only_social_any,1,-1,1,1,1,0,1,1,664961228,2299003041,100,False,3,3,3,0.0,7.0,0.14,0.14,0.14
2875,479,../environments/smooth.17.csv,dist_only_social_any,1,-1,1,1,1,0,1,1,664961228,2299003041,200,False,7,7,7,0.0,15.0,0.17,0.17,0.17
2876,479,../environments/smooth.17.csv,dist_only_social_any,1,-1,1,1,1,0,1,1,664961228,2299003041,300,False,9,9,9,0.0,22.0,0.16666666666666666,0.16666666666666666,0.16666666666666666
2877,479,../environments/smooth.17.csv,dist_only_social_any,1,-1,1,1,1,0,1,1,664961228,2299003041,400,False,11,11,11,0.0,30.0,0.1675,0.1675,0.1675
2878,479,../environments/smooth.17.csv,dist_only_social_any,1,-1,1,1,1,0,1,1,664961228,2299003041,500,False,14,14,14,0.0,37.0,0.168,0.168,0.168
2879,479,../environments/smooth.17.csv,dist_only_social_any,1,-1,1,1,1,0,1,1,664961228,2299003041,599,False,17,17,17,0.0,45.0,0.17529215358931552,0.17529215358931552,0.17529215358931552
2880,480,../environments/smooth.17.csv,dist_only_social_any,1,-1,1,1,1,0,1,1,1177807013,3334515826,100,False,1,1,1,0.0,6.0,0.25,0.25,0.25
2881,480,../environments/smooth.17.csv,dist_only_social_any,1,-1,1,1,1,0,1,1,1177807013,3334515826,200,False,3,3,3,0.0,14.0,0.23,0.23,0.23
2882,480,../environments/smooth.17.csv,dist_only_social_any,1,-1,1,1,1,0,1,1,1177807013,3334515826,300,False,8,8,8,0.0,21.0,0.2,0.2,0.2
2883,480,../environments/smooth.17.csv,dist_only_social_any,1,-1,1,1,1,0,1,1,1177807013,3334515826,400,False,9,9,9,0.0,29.0,0.1925,0.1925,0.1925
2884,480,../environments/smooth.17.csv,dist_only_social_any,1,-1,1,1,1,0,1,1,1177807013,3334515826,500,False,9,9,9,0.0,36.0,0.206,0.206,0.206
2885,480,../environments/smooth.17.csv,dist_only_social_any,1,-1,1,1,1,0,1,1,1177807013,3334515826,599,False,10,10,10,0.0,42.0,0.21702838063439064,0.21702838063439064,0.21702838063439064
2886,481,../environments/smooth.17.csv,dist_only_social_any,1,-1,1,1,1,0,1,1,1177807013,262994761,100,False,1,1,1,0.0,7.0,0.19,0.19,0.19
2887,481,../environments/smooth.17.csv,dist_only_social_any,1,-1,1,1,1,0,1,1,1177807013,262994761,200,False,2,2,2,0.0,15.0,0.18,0.18,0.18
2888,481,../environments/smooth.17.csv,dist_only_social_any,1,-1,1,1,1,0,1,1,1177807013,262994761,300,False,4,4,4,0.0,22.0,0.18666666666666668,0.18666666666666668,0.18666666666666668
2889,481,../environments/smooth.17.csv,dist_only_social_any,1,-1,1,1,1,0,1,1,1177807013,262994761,400,False,5,5,5,0.0,29.0,0.1925,0.1925,0.1925
2890,481,../environments/smooth.17.csv,dist_only_social_any,1,-1,1,1,1,0,1,1,1177807013,262994761,500,False,10,10,10,0.0,36.0,0.198,0.198,0.198
2891,481,../environments/smooth.17.csv,dist_only_social_any,1,-1,1,1,1,0,1,1,1177807013,262994761,599,False,12,12,12,0.0,44.0,0.19365609348914858,0.19365609348914858,0.19365609348914858
2892,482,../environments/smooth.17.csv,dist_only_social_any,1,-1,1,1,1,0,1,1,1177807013,3602806192,100,False,0,0,0,0.0,7.0,0.21,0.21,0.21
2893,482,../environments/smooth.17.csv,dist_only_social_any,1,-1,1,1,1,0,1,1,1177807013,3602806192,200,False,1,1,1,0.0,14.0,0.21,0.21,0.21
2894,482,../environments/smooth.17.csv,dist_only_social_any,1,-1,1,1,1,0,1,1,1177807013,3602806192,300,False,2,2,2,0.0,21.0,0.21333333333333335,0.21333333333333335,0.21333333333333335
2895,482,../environments/smooth.17.csv,dist_only_social_any,1,-1,1,1,1,0,1,1,1177807013,3602806192,400,False,6,6,6,0.0,29.0,0.195,0.195,0.195
2896,482,../environments/smooth.17.csv,dist_only_social_any,1,-1,1,1,1,0,1,1,1177807013,3602806192,500,False,11,11,11,0.0,37.0,0.188,0.188,0.188
2897,482,../environments/smooth.17.csv,dist_only_social_any,1,-1,1,1,1,0,1,1,1177807013,3602806192,599,False,13,13,13,0.0,44.0,0.19365609348914858,0.19365609348914858,0.19365609348914858
2898,483,../environments/smooth.17.csv,dist_only_social_any,1,-1,1,1,1,0,1,1,1177807013,3437971635,100,False,1,1,1,0.0,7.0,0.2,0.2,0.2
2899,483,../environments/smooth.17.csv,dist_only_social_any,1,-1,1,1,1,0,1,1,1177807013,3437971635,200,False,3,3,3,0.0,14.0,0.185,0.185,0.185
2900,483,../environments/smooth.17.csv,dist_only_social_any,1,-1,1,1,1,0,1,1,1177807013,3437971635,300,False,3,3,3,0.0,22.0,0.19666666666666666,0.19666666666666666,0.19666666666666666
2901,483,../environments/smooth.17.csv,dist_only_social_any,1,-1,1,1,1,0,1,1,1177807013,3437971635,400,False,5,5,5,0.0,29.0,0.1875,0.1875,0.1875
2902,483,../environments/smooth.17.csv,dist_only_social_any,1,-1,1,1,1,0,1,1,1177807013,3437971635,500,False,8,8,8,0.0,37.0,0.184,0.184,0.184
2903,483,../environments/smooth.17.csv,dist_only_social_any,1,-1,1,1,1,0,1,1,1177807013,3437971635,599,False,10,10,10,0.0,44.0,0.18363939899833054,0.18363939899833054,0.18363939899833054
2904,484,../environments/smooth.17.csv,dist_only_social_any,1,-1,1,1,1,0,1,1,1177807013,4010425793,100,False,4,4,4,0.0,7.0,0.15,0.15,0.15
2905,484,../environments/smooth.17.csv,dist_only_social_any,1,-1,1,1,1,0,1,1,1177807013,4010425793,200,False,7,7,7,0.0,15.0,0.175,0.175,0.175
2906,484,../environments/smooth.17.csv,dist_only_social_any,1,-1,1,1,1,0,1,1,1177807013,4010425793,300,False,10,10,10,0.0,22.0,0.19666666666666666,0.19666666666666666,0.19666666666666666
2907,484,../environments/smooth.17.csv,dist_only_social_any,1,-1,1,1,1,0,1,1,1177807013,4010425793,400,False,16,16,16,0.0,30.0,0.1775,0.1775,0.1775
2908,484,../environments/smooth.17.csv,dist_only_social_any,1,-1,1,1,1,0,1,1,1177807013,4010425793,500,False,19,19,19,0.0,37.0,0.188,0.188,0.188
2909,484,../environments/smooth.17.csv,dist_only_social_any,1,-1,1,1,1,0,1,1,1177807013,4010425793,599,False,19,19,19,0.0,44.0,0.19198664440734559,0.19198664440734559,0.19198664440734559
2910,485,../environments/smooth.17.csv,dist_only_social_any,1,-1,1,1,1,0,1,1,1177807013,2734561081,100,False,3,3,3,0.0,7.0,0.24,0.24,0.24
2911,485,../environments/smooth.17.csv,dist_only_social_any,1,-1,1,1,1,0,1,1,1177807013,2734561081,200,False,4,4,4,0.0,14.0,0.205,0.205,0.205
2912,485,../environments/smooth.17.csv,dist_only_social_any,1,-1,1,1,1,0,1,1,1177807013,2734561081,300,False,4,4,4,0.0,22.0,0.19666666666666666,0.19666666666666666,0.19666666666666666
2913,485,../environments/smooth.17.csv,dist_only_social_any,1,-1,1,1,1,0,1,1,1177807013,2734561081,400,False,5,5,5,0.0,28.0,0.2075,0.2075,0.2075
2914,485,../environments/smooth.17.csv,dist_only_social_any,1,-1,1,1,1,0,1,1,1177807013,2734561081,500,False,7,7,7,0.0,36.0,0.21,0.21,0.21
2915,485,../environments/smooth.17.csv,dist_only_social_any,1,-1,1,1,1,0,1,1,1177807013,2734561081,599,False,11,11,11,0.0,43.0,0.2003338898163606,0.2003338898163606,0.2003338898163606
2916,486,../environments/smooth.17.csv,dist_only_social_any,1,-1,1,1,1,0,1,1,1177807013,1253946826,100,False,6,6,6,0.0,7.0,0.14,0.14,0.14
2917,486,../environments/smooth.17.csv,dist_only_social_any,1,-1,1,1,1,0,1,1,1177807013,1253946826,200,False,7,7,7,0.0,14.0,0.19,0.19,0.19
2918,486,../environments/smooth.17.csv,dist_only_social_any,1,-1,1,1,1,0,1,1,1177807013,1253946826,300,False,11,11,11,0.0,22.0,0.19,0.19,0.19
2919,486,../environments/smooth.17.csv,dist_only_social_any,1,-1,1,1,1,0,1,1,1177807013,1253946826,400,False,16,16,16,0.0,30.0,0.175,0.175,0.175
2920,486,../environments/smooth.17.csv,dist_only_social_any,1,-1,1,1,1,0,1,1,1177807013,1253946826,500,False,16,16,16,0.0,36.0,0.194,0.194,0.194
2921,486,../environments/smooth.17.csv,dist_only_social_any,1,-1,1,1,1,0,1,1,1177807013,1253946826,599,False,17,17,17,0.0,44.0,0.19198664440734559,0.19198664440734559,0.19198664440734559
2922,487,../environments/smooth.17.csv,dist_only_social_any,1,-1,1,1,1,0,1,1,1177807013,1347984585,100,False,2,2,2,0.0,7.0,0.24,0.24,0.24
2923,487,../environments/smooth.17.csv,dist_only_social_any,1,-1,1,1,1,0,1,1,1177807013,1347984585,200,False,5,5,5,0.0,14.0,0.21,0.21,0.21
2924,487,../environments/smooth.17.csv,dist_only_social_any,1,-1,1,1,1,0,1,1,1177807013,1347984585,300,False,8,8,8,0.0,21.0,0.20333333333333334,0.20333333333333334,0.20333333333333334
2925,487,../environments/smooth.17.csv,dist_only_social_any,1,-1,1,1,1,0,1,1,1177807013,1347984585,400,False,9,9,9,0.0,28.0,0.215,0.215,0.215
2926,487,../environments/smooth.17.csv,dist_only_social_any,1,-1,1,1,1,0,1,1,1177807013,1347984585,500,False,11,11,11,0.0,35.0,0.216,0.216,0.216
2927,487,../environments/smooth.17.csv,dist_only_social_any,1,-1,1,1,1,0,1,1,1177807013,1347984585,599,False,16,16,16,0.0,43.0,0.21202003338898165,0.21202003338898165,0.21202003338898165
2928,488,../environments/smooth.17.csv,dist_only_social_any,1,-1,1,1,1,0,1,1,1177807013,884777651,100,False,3,3,3,0.0,7.0,0.19,0.19,0.19
2929,488,../environments/smooth.17.csv,dist_only_social_any,1,-1,1,1,1,0,1,1,1177807013,884777651,200,False,4,4,4,0.0,15.0,0.18,0.18,0.18
2930,488,../environments/smooth.17.csv,dist_only_social_any,1,-1,1,1,1,0,1,1,1177807013,884777651,300,False,6,6,6,0.0,22.0,0.17666666666666667,0.17666666666666667,0.17666666666666667
2931,488,../environments/smooth.17.csv,dist_only_social_any,1,-1,1,1,1,0,1,1,1177807013,884777651,400,False,9,9,9,0.0,30.0,0.1775,0.1775,0.1775
2932,488,../environments/smooth.17.csv,dist_only_social_any,1,-1,1,1,1,0,1,1,1177807013,884777651,500,False,11,11,11,0.0,37.0,0.17,0.17,0.17
2933,488,../environments/smooth.17.csv,dist_only_social_any,1,-1,1,1,1,0,1,1,1177807013,884777651,599,False,13,13,13,0.0,45.0,0.17028380634390652,0.17028380634390652,0.17028380634390652
2934,489,../environments/smooth.17.csv,dist_only_social_any,1,-1,1,1,1,0,1,1,1177807013,2299003041,100,False,1,1,1,0.0,7.0,0.23,0.23,0.23
2935,489,../environments/smooth.17.csv,dist_only_social_any,1,-1,1,1,1,0,1,1,1177807013,2299003041,200,False,2,2,2,0.0,14.0,0.19,0.19,0.19
2936,489,../environments/smooth.17.csv,dist_only_social_any,1,-1,1,1,1,0,1,1,1177807013,2299003041,300,False,6,6,6,0.0,22.0,0.18666666666666668,0.18666666666666668,0.18666666666666668
2937,489,../environments/smooth.17.csv,dist_only_social_any,1,-1,1,1,1,0,1,1,1177807013,2299003041,400,False,9,9,9,0.0,29.0,0.1825,0.1825,0.1825
2938,489,../environments/smooth.17.csv,dist_only_social_any,1,-1,1,1,1,0,1,1,1177807013,2299003041,500,False,9,9,9,0.0,36.0,0.19,0.19,0.19
2939,489,../environments/smooth.17.csv,dist_only_social_any,1,-1,1,1,1,0,1,1,1177807013,2299003041,599,False,13,13,13,0.0,44.0,0.19365609348914858,0.19365609348914858,0.19365609348914858
2940,490,../environments/smooth.17.csv,dist_only_social_any,1,-1,1,1,1,0,1,1,2622444117,3334515826,100,False,2,2,2,0.0,7.0,0.24,0.24,0.24
2941,490,../environments/smooth.17.csv,dist_only_social_any,1,-1,1,1,1,0,1,1,2622444117,3334515826,200,False,4,4,4,0.0,14.0,0.22,0.22,0.22
2942,490,../environments/smooth.17.csv,dist_only_social_any,1,-1,1,1,1,0,1,1,2622444117,3334515826,300,False,7,7,7,0.0,21.0,0.20333333333333334,0.20333333333333334,0.20333333333333334
2943,490,../environments/smooth.17.csv,dist_only_social_any,1,-1,1,1,1,0,1,1,2622444117,3334515826,400,False,7,7,7,0.0,28.0,0.2225,0.2225,0.2225
2944,490,../environments/smooth.17.csv,dist_only_social_any,1,-1,1,1,1,0,1,1,2622444117,3334515826,500,False,7,7,7,0.0,35.0,0.224,0.224,0.224
2945,490,../environments/smooth.17.csv,dist_only_social_any,1,-1,1,1,1,0,1,1,2622444117,3334515826,599,False,8,8,8,0.0,41.0,0.2353923205342237,0.2353923205342237,0.2353923205342237
2946,491,../environments/smooth.17.csv,dist_only_social_any,1,-1,1,1,1,0,1,1,2622444117,262994761,100,False,5,5,5,0.0,7.0,0.15,0.15,0.15
2947,491,../environments/smooth.17.csv,dist_only_social_any,1,-1,1,1,1,0,1,1,2622444117,262994761,200,False,7,7,7,0.0,15.0,0.175,0.175,0.175
2948,491,../environments/smooth.17.csv,dist_only_social_any,1,-1,1,1,1,0,1,1,2622444117,262994761,300,False,10,10,10,0.0,22.0,0.18,0.18,0.18
2949,491,../environments/smooth.17.csv,dist_only_social_any,1,-1,1,1,1,0,1,1,2622444117,262994761,400,False,10,10,10,0.0,29.0,0.19,0.19,0.19
2950,491,../environments/smooth.17.csv,dist_only_social_any,1,-1,1,1,1,0,1,1,2622444117,262994761,500,False,14,14,14,0.0,37.0,0.182,0.182,0.182
2951,491,../environments/smooth.17.csv,dist_only_social_any,1,-1,1,1,1,0,1,1,2622444117,262994761,599,False,16,16,16,0.0,44.0,0.18363939899833054,0.18363939899833054,0.18363939899833054
2952,492,../environments/smooth.17.csv,dist_only_social_any,1,-1,1,1,1,0,1,1,2622444117,3602806192,100,False,1,1,1,0.0,7.0,0.22,0.22,0.22
2953,492,../environments/smooth.17.csv,dist_only_social_any,1,-1,1,1,1,0,1,1,2622444117,3602806192,200,False,3,3,3,0.0,14.0,0.21,0.21,0.21
2954,492,../environments/smooth.17.csv,dist_only_social_any,1,-1,1,1,1,0,1,1,2622444117,3602806192,300,False,3,3,3,0.0,21.0,0.21333333333333335,0.21333333333333335,0.21333333333333335
2955,492,../environments/smooth.17.csv,dist_only_social_any,1,-1,1,1,1,0,1,1,2622444117,3602806192,400,False,3,3,3,0.0,29.0,0.205,0.205,0.205
2956,492,../environments/smooth.17.csv,dist_only_social_any,1,-1,1,1,1,0,1,1,2622444117,3602806192,500,False,5,5,5,0.0,36.0,0.2,0.2,0.2
2957,492,../environments/smooth.17.csv,dist_only_social_any,1,-1,1,1,1,0,1,1,2622444117,3602806192,599,False,7,7,7,0.0,43.0,0.2036727879799666,0.2036727879799666,0.2036727879799666
2958,493,../environments/smooth.17.csv,dist_only_social_any,1,-1,1,1,1,0,1,1,2622444117,3437971635,100,False,1,1,1,0.0,7.0,0.2,0.2,0.2
2959,493,../environments/smooth.17.csv,dist_only_social_any,1,-1,1,1,1,0,1,1,2622444117,3437971635,200,False,1,1,1,0.0,14.0,0.225,0.225,0.225
2960,493,../environments/smooth.17.csv,dist_only_social_any,1,-1,1,1,1,0,1,1,2622444117,3437971635,300,False,4,4,4,0.0,21.0,0.22666666666666666,0.22666666666666666,0.22666666666666666
2961,493,../environments/smooth.17.csv,dist_only_social_any,1,-1,1,1,1,0,1,1,2622444117,3437971635,400,False,6,6,6,0.0,28.0,0.215,0.215,0.215
2962,493,../environments/smooth.17.csv,dist_only_social_any,1,-1,1,1,1,0,1,1,2622444117,3437971635,500,False,8,8,8,0.0,36.0,0.21,0.21,0.21
2963,493,../environments/smooth.17.csv,dist_only_social_any,1,-1,1,1,1,0,1,1,2622444117,3437971635,599,False,11,11,11,0.0,43.0,0.2036727879799666,0.2036727879799666,0.2036727879799666
2964,494,../environments/smooth.17.csv,dist_only_social_any,1,-1,1,1,1,0,1,1,2622444117,4010425793,100,False,5,5,5,0.0,8.0,0.13,0.13,0.13
2965,494,../environments/smooth.17.csv,dist_only_social_any,1,-1,1,1,1,0,1,1,2622444117,4010425793,200,False,9,9,9,0.0,15.0,0.15,0.15,0.15
2966,494,../environments/smooth.17.csv,dist_only_social_any,1,-1,1,1,1,0,1,1,2622444117,4010425793,300,False,11,11,11,0.0,22.0,0.18333333333333332,0.18333333333333332,0.18333333333333332
2967,494,../environments/smooth.17.csv,dist_only_social_any,1,-1,1,1,1,0,1,1,2622444117,4010425793,400,False,12,12,12,0.0,30.0,0.1775,0.1775,0.1775
2968,494,../environments/smooth.17.csv,dist_only_social_any,1,-1,1,1,1,0,1,1,2622444117,4010425793,500,False,12,12,12,0.0,36.0,0.192,0.192,0.192
2969,494,../environments/smooth.17.csv,dist_only_social_any,1,-1,1,1,1,0,1,1,2622444117,4010425793,599,False,14,14,14,0.0,43.0,0.19532554257095158,0.19532554257095158,0.19532554257095158
2970,495,../environments/smooth.17.csv,dist_only_social_any,1,-1,1,1,1,0,1,1,2622444117,2734561081,100,False,1,1,1,0.0,7.0,0.24,0.24,0.24
2971,495,../environments/smooth.17.csv,dist_only_social_any,1,-1,1,1,1,0,1,1,2622444117,2734561081,200,False,5,5,5,0.0,14.0,0.205,0.205,0.205
2972,495,../environments/smooth.17.csv,dist_only_social_any,1,-1,1,1,1,0,1,1,2622444117,2734561081,300,False,10,10,10,0.0,22.0,0.19666666666666666,0.19666666666666666,0.19666666666666666
2973,495,../environments/smooth.17.csv,dist_only_social_any,1,-1,1,1,1,0,1,1,2622444117,2734561081,400,False,11,11,11,0.0,29.0,0.1975,0.1975,0.1975
2974,495,../environments/smooth.17.csv,dist_only_social_any,1,-1,1,1,1,0,1,1,2622444117,2734561081,500,False,12,12,12,0.0,36.0,0.204,0.204,0.204
2975,495,../environments/smooth.17.csv,dist_only_social_any,1,-1,1,1,1,0,1,1,2622444117,2734561081,599,False,12,12,12,0.0,43.0,0.2036727879799666,0.2036727879799666,0.2036727879799666
2976,496,../environments/smooth.17.csv,dist_only_social_any,1,-1,1,1,1,0,1,1,2622444117,1253946826,100,False,1,1,1,0.0,7.0,0.16,0.16,0.16
2977,496,../environments/smooth.17.csv,dist_only_social_any,1,-1,1,1,1,0,1,1,2622444117,1253946826,200,False,4,4,4,0.0,14.0,0.21,0.21,0.21
2978,496,../environments/smooth.17.csv,dist_only_social_any,1,-1,1,1,1,0,1,1,2622444117,1253946826,300,False,11,11,11,0.0,22.0,0.19666666666666666,0.19666666666666666,0.19666666666666666
2979,496,../environments/smooth.17.csv,dist_only_social_any,1,-1,1,1,1,0,1,1,2622444117,1253946826,400,False,12,12,12,0.0,29.0,0.19,0.19,0.19
2980,496,../environments/smooth.17.csv,dist_only_social_any,1,-1,1,1,1,0,1,1,2622444117,1253946826,500,False,12,12,12,0.0,36.0,0.194,0.194,0.194
2981,496,../environments/smooth.17.csv,dist_only_social_any,1,-1,1,1,1,0,1,1,2622444117,1253946826,599,False,14,14,14,0.0,44.0,0.18363939899833054,0.18363939899833054,0.18363939899833054
2982,497,../environments/smooth.17.csv,dist_only_social_any,1,-1,1,1,1,0,1,1,2622444117,1347984585,100,False,0,0,0,0.0,7.0,0.24,0.24,0.24
2983,497,../environments/smooth.17.csv,dist_only_social_any,1,-1,1,1,1,0,1,1,2622444117,1347984585,200,False,1,1,1,0.0,14.0,0.22,0.22,0.22
2984,497,../environments/smooth.17.csv,dist_only_social_any,1,-1,1,1,1,0,1,1,2622444117,1347984585,300,False,6,6,6,0.0,21.0,0.21333333333333335,0.21333333333333335,0.21333333333333335
2985,497,../environments/smooth.17.csv,dist_only_social_any,1,-1,1,1,1,0,1,1,2622444117,1347984585,400,False,10,10,10,0.0,28.0,0.2225,0.2225,0.2225
2986,497,../environments/smooth.17.csv,dist_only_social_any,1,-1,1,1,1,0,1,1,2622444117,1347984585,500,False,11,11,11,0.0,35.0,0.22,0.22,0.22
2987,497,../environments/smooth.17.csv,dist_only_social_any,1,-1,1,1,1,0,1,1,2622444117,1347984585,599,False,11,11,11,0.0,42.0,0.22036727879799667,0.22036727879799667,0.22036727879799667
2988,498,../environments/smooth.17.csv,dist_only_social_any,1,-1,1,1,1,0,1,1,2622444117,884777651,100,False,2,2,2,0.0,7.0,0.23,0.23,0.23
2989,498,../environments/smooth.17.csv,dist_only_social_any,1,-1,1,1,1,0,1,1,2622444117,884777651,200,False,2,2,2,0.0,14.0,0.235,0.235,0.235
2990,498,../environments/smooth.17.csv,dist_only_social_any,1,-1,1,1,1,0,1,1,2622444117,884777651,300,False,3,3,3,0.0,21.0,0.2,0.2,0.2
2991,498,../environments/smooth.17.csv,dist_only_social_any,1,-1,1,1,1,0,1,1,2622444117,884777651,400,False,6,6,6,0.0,29.0,0.205,0.205,0.205
2992,498,../environments/smooth.17.csv,dist_only_social_any,1,-1,1,1,1,0,1,1,2622444117,884777651,500,False,11,11,11,0.0,36.0,0.198,0.198,0.198
2993,498,../environments/smooth.17.csv,dist_only_social_any,1,-1,1,1,1,0,1,1,2622444117,884777651,599,False,12,12,12,0.0,44.0,0.19198664440734559,0.19198664440734559,0.19198664440734559
2994,499,../environments/smooth.17.csv,dist_only_social_any,1,-1,1,1,1,0,1,1,2622444117,2299003041,100,False,0,0,0,0.0,7.0,0.24,0.24,0.24
2995,499,../environments/smooth.17.csv,dist_only_social_any,1,-1,1,1,1,0,1,1,2622444117,2299003041,200,False,5,5,5,0.0,14.0,0.205,0.205,0.205
2996,499,../environments/smooth.17.csv,dist_only_social_any,1,-1,1,1,1,0,1,1,2622444117,2299003041,300,False,8,8,8,0.0,22.0,0.19666666666666666,0.19666666666666666,0.19666666666666666
2997,499,../environments/smooth.17.csv,dist_only_social_any,1,-1,1,1,1,0,1,1,2622444117,2299003041,400,False,8,8,8,0.0,29.0,0.205,0.205,0.205
2998,499,../environments/smooth.17.csv,dist_only_social_any,1,-1,1,1,1,0,1,1,2622444117,2299003041,500,False,9,9,9,0.0,36.0,0.198,0.198,0.198
2999,499,../environments/smooth.17.csv,dist_only_social_any,1,-1,1,1,1,0,1,1,2622444117,2299003041,599,False,10,10,10,0.0,43.0,0.19699499165275458,0.19699499165275458,0.19699499165275458
3000,500,../environments/random.12.csv,dist_only_social_any,1,-1,1,1,1,0,1,1,2271760180,3334515826,100,False,1,1,1,0.0,7.0,0.18,0.18,0.18
3001,500,../environments/random.12.csv,dist_only_social_any,1,-1,1,1,1,0,1,1,2271760180,3334515826,200,False,2,2,2,0.0,15.0,0.18,0.18,0.18
3002,500,../environments/random.12.csv,dist_only_social_any,1,-1,1,1,1,0,1,1,2271760180,3334515826,300,False,4,4,4,0.0,22.0,0.18666666666666668,0.18666666666666668,0.18666666666666668
3003,500,../environments/random.12.csv,dist_only_social_any,1,-1,1,1,1,0,1,1,2271760180,3334515826,400,False,6,6,6,0.0,30.0,0.1775,0.1775,0.1775
3004,500,../environments/random.12.csv,dist_only_social_any,1,-1,1,1,1,0,1,1,2271760180,3334515826,500,False,10,10,10,0.0,37.0,0.188,0.188,0.188
3005,500,../environments/random.12.csv,dist_only_social_any,1,-1,1,1,1,0,1,1,2271760180,3334515826,599,False,12,12,12,0.0,44.0,0.19365609348914858,0.19365609348914858,0.19365609348914858
3006,501,../environments/random.12.csv,dist_only_social_any,1,-1,1,1,1,0,1,1,2271760180,262994761,100,False,1,1,1,0.0,7.0,0.2,0.2,0.2
3007,501,../environments/random.12.csv,dist_only_social_any,1,-1,1,1,1,0,1,1,2271760180,262994761,200,False,2,2,2,0.0,14.0,0.19,0.19,0.19
3008,501,../environments/random.12.csv,dist_only_social_any,1,-1,1,1,1,0,1,1,2271760180,262994761,300,False,6,6,6,0.0,22.0,0.18333333333333332,0.18333333333333332,0.18333333333333332
3009,501,../environments/random.12.csv,dist_only_social_any,1,-1,1,1,1,0,1,1,2271760180,262994761,400,False,7,7,7,0.0,29.0,0.1875,0.1875,0.1875
3010,501,../environments/random.12.csv,dist_only_social_any,1,-1,1,1,1,0,1,1,2271760180,262994761,500,False,9,9,9,0.0,37.0,0.188,0.188,0.188
3011,501,../environments/random.12.csv,dist_only_social_any,1,-1,1,1,1,0,1,1,2271760180,262994761,599,False,9,9,9,0.0,44.0,0.19031719532554256,0.19031719532554256,0.19031719532554256
3012,502,../environments/random.12.csv,dist_only_social_any,1,-1,1,1,1,0,1,1,2271760180,3602806192,100,False,4,4,4,0.0,7.0,0.18,0.18,0.18
3013,502,../environments/random.12.csv,dist_only_social_any,1,-1,1,1,1,0,1,1,2271760180,3602806192,200,False,5,5,5,0.0,14.0,0.225,0.225,0.225
3014,502,../environments/random.12.csv,dist_only_social_any,1,-1,1,1,1,0,1,1,2271760180,3602806192,300,False,7,7,7,0.0,21.0,0.20333333333333334,0.20333333333333334,0.20333333333333334
3015,502,../environments/random.12.csv,dist_only_social_any,1,-1,1,1,1,0,1,1,2271760180,3602806192,400,False,9,9,9,0.0,29.0,0.205,0.205,0.205
3016,502,../environments/random.12.csv,dist_only_social_any,1,-1,1,1,1,0,1,1,2271760180,3602806192,500,False,11,11,11,0.0,36.0,0.2,0.2,0.2
3017,502,../environments/random.12.csv,dist_only_social_any,1,-1,1,1,1,0,1,1,2271760180,3602806192,599,False,13,13,13,0.0,43.0,0.1986644407345576,0.1986644407345576,0.1986644407345576
3018,503,../environments/random.12.csv,dist_only_social_any,1,-1,1,1,1,0,1,1,2271760180,3437971635,100,False,0,0,0,0.0,7.0,0.2,0.2,0.2
3019,503,../environments/random.12.csv,dist_only_social_any,1,-1,1,1,1,0,1,1,2271760180,3437971635,200,False,2,2,2,0.0,14.0,0.205,0.205,0.205
3020,503,../environments/random.12.csv,dist_only_social_any,1,-1,1,1,1,0,1,1,2271760180,3437971635,300,False,6,6,6,0.0,22.0,0.19666666666666666,0.19666666666666666,0.19666666666666666
3021,503,../environments/random.12.csv,dist_only_social_any,1,-1,1,1,1,0,1,1,2271760180,3437971635,400,False,7,7,7,0.0,29.0,0.1975,0.1975,0.1975
3022,503,../environments/random.12.csv,dist_only_social_any,1,-1,1,1,1,0,1,1,2271760180,3437971635,500,False,8,8,8,0.0,37.0,0.188,0.188,0.188
3023,503,../environments/random.12.csv,dist_only_social_any,1,-1,1,1,1,0,1,1,2271760180,3437971635,599,False,8,8,8,0.0,44.0,0.17863105175292154,0.17863105175292154,0.17863105175292154
3024,504,../environments/random.12.csv,dist_only_social_any,1,-1,1,1,1,0,1,1,2271760180,4010425793,100,False,3,3,3,0.0,7.0,0.17,0.17,0.17
3025,504,../environments/random.12.csv,dist_only_social_any,1,-1,1,1,1,0,1,1,2271760180,4010425793,200,False,4,4,4,0.0,14.0,0.195,0.195,0.195
3026,504,../environments/random.12.csv,dist_only_social_any,1,-1,1,1,1,0,1,1,2271760180,4010425793,300,False,7,7,7,0.0,21.0,0.20666666666666667,0.20666666666666667,0.20666666666666667
3027,504,../environments/random.12.csv,dist_only_social_any,1,-1,1,1,1,0,1,1,2271760180,4010425793,400,False,8,8,8,0.0,29.0,0.205,0.205,0.205
3028,504,../environments/random.12.csv,dist_only_social_any,1,-1,1,1,1,0,1,1,2271760180,4010425793,500,False,10,10,10,0.0,36.0,0.206,0.206,0.206
3029,504,../environments/random.12.csv,dist_only_social_any,1,-1,1,1,1,0,1,1,2271760180,4010425793,599,False,11,11,11,0.0,43.0,0.2003338898163606,0.2003338898163606,0.2003338898163606
3030,505,../environments/random.12.csv,dist_only_social_any,1,-1,1,1,1,0,1,1,2271760180,2734561081,100,False,3,3,3,0.0,7.0,0.2,0.2,0.2
3031,505,../environments/random.12.csv,dist_only_social_any,1,-1,1,1,1,0,1,1,2271760180,2734561081,200,False,4,4,4,0.0,14.0,0.195,0.195,0.195
3032,505,../environments/random.12.csv,dist_only_social_any,1,-1,1,1,1,0,1,1,2271760180,2734561081,300,False,6,6,6,0.0,22.0,0.19666666666666666,0.19666666666666666,0.19666666666666666
3033,505,../environments/random.12.csv,dist_only_social_any,1,-1,1,1,1,0,1,1,2271760180,2734561081,400,False,7,7,7,0.0,29.0,0.195,0.195,0.195
3034,505,../environments/random.12.csv,dist_only_social_any,1,-1,1,1,1,0,1,1,2271760180,2734561081,500,False,9,9,9,0.0,37.0,0.186,0.186,0.186
3035,505,../environments/random.12.csv,dist_only_social_any,1,-1,1,1,1,0,1,1,2271760180,2734561081,599,False,11,11,11,0.0,44.0,0.18363939899833054,0.18363939899833054,0.18363939899833054
3036,506,../environments/random.12.csv,dist_only_social_any,1,-1,1,1,1,0,1,1,2271760180,1253946826,100,False,1,1,1,0.0,7.0,0.17,0.17,0.17
3037,506,../environments/random.12.csv,dist_only_social_any,1,-1,1,1,1,0,1,1,2271760180,1253946826,200,False,3,3,3,0.0,14.0,0.2,0.2,0.2
3038,506,../environments/random.12.csv,dist_only_social_any,1,-1,1,1,1,0,1,1,2271760180,1253946826,300,False,5,5,5,0.0,21.0,0.20333333333333334,0.20333333333333334,0.20333333333333334
3039,506,../environments/random.12.csv,dist_only_social_any,1,-1,1,1,1,0,1,1,2271760180,1253946826,400,False,6,6,6,0.0,29.0,0.2,0.2,0.2
3040,506,../environments/random.12.csv,dist_only_social_any,1,-1,1,1,1,0,1,1,2271760180,1253946826,500,False,7,7,7,0.0,36.0,0.202,0.202,0.202
3041,506,../environments/random.12.csv,dist_only_social_any,1,-1,1,1,1,0,1,1,2271760180,1253946826,599,False,8,8,8,0.0,43.0,0.2003338898163606,0.2003338898163606,0.2003338898163606
3042,507,../environments/random.12.csv,dist_only_social_any,1,-1,1,1,1,0,1,1,2271760180,1347984585,100,False,4,4,4,0.0,7.0,0.23,0.23,0.23
3043,507,../environments/random.12.csv,dist_only_social_any,1,-1,1,1,1,0,1,1,2271760180,1347984585,200,False,5,5,5,0.0,14.0,0.22,0.22,0.22
3044,507,../environments/random.12.csv,dist_only_social_any,1,-1,1,1,1,0,1,1,2271760180,1347984585,300,False,6,6,6,0.0,21.0,0.21666666666666667,0.21666666666666667,0.21666666666666667
3045,507,../environments/random.12.csv,dist_only_social_any,1,-1,1,1,1,0,1,1,2271760180,1347984585,400,False,6,6,6,0.0,28.0,0.2175,0.2175,0.2175
3046,507,../environments/random.12.csv,dist_only_social_any,1,-1,1,1,1,0,1,1,2271760180,1347984585,500,False,8,8,8,0.0,35.0,0.214,0.214,0.214
3047,507,../environments/random.12.csv,dist_only_social_any,1,-1,1,1,1,0,1,1,2271760180,1347984585,599,False,10,10,10,0.0,43.0,0.21202003338898165,0.21202003338898165,0.21202003338898165
3048,508,../environments/random.12.csv,dist_only_social_any,1,-1,1,1,1,0,1,1,2271760180,884777651,100,False,3,3,3,0.0,7.0,0.19,0.19,0.19
3049,508,../environments/random.12.csv,dist_only_social_any,1,-1,1,1,1,0,1,1,2271760180,884777651,200,False,7,7,7,0.0,14.0,0.185,0.185,0.185
3050,508,../environments/random.12.csv,dist_only_social_any,1,-1,1,1,1,0,1,1,2271760180,884777651,300,False,7,7,7,0.0,22.0,0.18666666666666668,0.18666666666666668,0.18666666666666668
3051,508,../environments/random.12.csv,dist_only_social_any,1,-1,1,1,1,0,1,1,2271760180,884777651,400,False,8,8,8,0.0,29.0,0.185,0.185,0.185
3052,508,../environments/random.12.csv,dist_only_social_any,1,-1,1,1,1,0,1,1,2271760180,884777651,500,False,11,11,11,0.0,37.0,0.184,0.184,0.184
3053,508,../environments/random.12.csv,dist_only_social_any,1,-1,1,1,1,0,1,1,2271760180,884777651,599,False,13,13,13,0.0,44.0,0.17696160267111852,0.17696160267111852,0.17696160267111852
3054,509,../environments/random.12.csv,dist_only_social_any,1,-1,1,1,1,0,1,1,2271760180,2299003041,100,False,0,0,0,0.0,7.0,0.18,0.18,0.18
3055,509,../environments/random.12.csv,dist_only_social_any,1,-1,1,1,1,0,1,1,2271760180,2299003041,200,False,2,2,2,0.0,15.0,0.18,0.18,0.18
3056,509,../environments/random.12.csv,dist_only_social_any,1,-1,1,1,1,0,1,1,2271760180,2299003041,300,False,3,3,3,0.0,22.0,0.17,0.17,0.17
3057,509,../environments/random.12.csv,dist_only_social_any,1,-1,1,1,1,0,1,1,2271760180,2299003041,400,False,6,6,6,0.0,30.0,0.1725,0.1725,0.1725
3058,509,../environments/random.12.csv,dist_only_social_any,1,-1,1,1,1,0,1,1,2271760180,2299003041,500,False,9,9,9,0.0,37.0,0.18,0.18,0.18
3059,509,../environments/random.12.csv,dist_only_social_any,1,-1,1,1,1,0,1,1,2271760180,2299003041,599,False,12,12,12,0.0,44.0,0.18030050083472454,0.18030050083472454,0.18030050083472454
3060,510,../environments/random.12.csv,dist_only_social_any,1,-1,1,1,1,0,1,1,2515763587,3334515826,100,False,1,1,1,0.0,7.0,0.19,0.19,0.19
3061,510,../environments/random.12.csv,dist_only_social_any,1,-1,1,1,1,0,1,1,2515763587,3334515826,200,False,2,2,2,0.0,15.0,0.18,0.18,0.18
3062,510,../environments/random.12.csv,dist_only_social_any,1,-1,1,1,1,0,1,1,2515763587,3334515826,300,False,6,6,6,0.0,22.0,0.17,0.17,0.17
3063,510,../environments/random.12.csv,dist_only_social_any,1,-1,1,1,1,0,1,1,2515763587,3334515826,400,False,8,8,8,0.0,30.0,0.175,0.175,0.175
3064,510,../environments/random.12.csv,dist_only_social_any,1,-1,1,1,1,0,1,1,2515763587,3334515826,500,False,9,9,9,0.0,37.0,0.188,0.188,0.188
3065,510,../environments/random.12.csv,dist_only_social_any,1,-1,1,1,1,0,1,1,2515763587,3334515826,599,False,9,9,9,0.0,44.0,0.19365609348914858,0.19365609348914858,0.19365609348914858
3066,511,../environments/random.12.csv,dist_only_social_any,1,-1,1,1,1,0,1,1,2515763587,262994761,100,False,5,5,5,0.0,7.0,0.19,0.19,0.19
3067,511,../environments/random.12.csv,dist_only_social_any,1,-1,1,1,1,0,1,1,2515763587,262994761,200,False,8,8,8,0.0,14.0,0.19,0.19,0.19
3068,511,../environments/random.12.csv,dist_only_social_any,1,-1,1,1,1,0,1,1,2515763587,262994761,300,False,8,8,8,0.0,22.0,0.18,0.18,0.18
3069,511,../environments/random.12.csv,dist_only_social_any,1,-1,1,1,1,0,1,1,2515763587,262994761,400,False,9,9,9,0.0,29.0,0.185,0.185,0.185
3070,511,../environments/random.12.csv,dist_only_social_any,1,-1,1,1,1,0,1,1,2515763587,262994761,500,False,9,9,9,0.0,36.0,0.198,0.198,0.198
3071,511,../environments/random.12.csv,dist_only_social_any,1,-1,1,1,1,0,1,1,2515763587,262994761,599,False,10,10,10,0.0,44.0,0.19031719532554256,0.19031719532554256,0.19031719532554256
3072,512,../environments/random.12.csv,dist_only_social_any,1,-1,1,1,1,0,1,1,2515763587,3602806192,100,False,2,2,2,0.0,7.0,0.18,0.18,0.18
3073,512,../environments/random.12.csv,dist_only_social_any,1,-1,1,1,1,0,1,1,2515763587,3602806192,200,False,4,4,4,0.0,14.0,0.215,0.215,0.215
3074,512,../environments/random.12.csv,dist_only_social_any,1,-1,1,1,1,0,1,1,2515763587,3602806192,300,False,5,5,5,0.0,21.0,0.20333333333333334,0.20333333333333334,0.20333333333333334
3075,512,../environments/random.12.csv,dist_only_social_any,1,-1,1,1,1,0,1,1,2515763587,3602806192,400,False,9,9,9,0.0,29.0,0.205,0.205,0.205
3076,512,../environments/random.12.csv,dist_only_social_any,1,-1,1,1,1,0,1,1,2515763587,3602806192,500,False,10,10,10,0.0,36.0,0.192,0.192,0.192
3077,512,../environments/random.12.csv,dist_only_social_any,1,-1,1,1,1,0,1,1,2515763587,3602806192,599,False,12,12,12,0.0,43.0,0.1986644407345576,0.1986644407345576,0.1986644407345576
3078,513,../environments/random.12.csv,dist_only_social_any,1,-1,1,1,1,0,1,1,2515763587,3437971635,100,False,3,3,3,0.0,7.0,0.19,0.19,0.19
3079,513,../environments/random.12.csv,dist_only_social_any,1,-1,1,1,1,0,1,1,2515763587,3437971635,200,False,6,6,6,0.0,15.0,0.18,0.18,0.18
3080,513,../environments/random.12.csv,dist_only_social_any,1,-1,1,1,1,0,1,1,2515763587,3437971635,300,False,8,8,8,0.0,22.0,0.17666666666666667,0.17666666666666667,0.17666666666666667
3081,513,../environments/random.12.csv,dist_only_social_any,1,-1,1,1,1,0,1,1,2515763587,3437971635,400,False,10,10,10,0.0,30.0,0.1775,0.1775,0.1775
3082,513,../environments/random.12.csv,dist_only_social_any,1,-1,1,1,1,0,1,1,2515763587,3437971635,500,False,10,10,10,0.0,37.0,0.182,0.182,0.182
3083,513,../environments/random.12.csv,dist_only_social_any,1,-1,1,1,1,0,1,1,2515763587,3437971635,599,False,11,11,11,0.0,44.0,0.17863105175292154,0.17863105175292154,0.17863105175292154
3084,514,../environments/random.12.csv,dist_only_social_any,1,-1,1,1,1,0,1,1,2515763587,4010425793,100,False,3,3,3,0.0,7.0,0.16,0.16,0.16
3085,514,../environments/random.12.csv,dist_only_social_any,1,-1,1,1,1,0,1,1,2515763587,4010425793,200,False,4,4,4,0.0,14.0,0.19,0.19,0.19
3086,514,../environments/random.12.csv,dist_only_social_any,1,-1,1,1,1,0,1,1,2515763587,4010425793,300,False,5,5,5,0.0,21.0,0.22333333333333333,0.22333333333333333,0.22333333333333333
3087,514,../environments/random.12.csv,dist_only_social_any,1,-1,1,1,1,0,1,1,2515763587,4010425793,400,False,6,6,6,0.0,28.0,0.2075,0.2075,0.2075
3088,514,../environments/random.12.csv,dist_only_social_any,1,-1,1,1,1,0,1,1,2515763587,4010425793,500,False,8,8,8,0.0,35.0,0.214,0.214,0.214
3089,514,../environments/random.12.csv,dist_only_social_any,1,-1,1,1,1,0,1,1,2515763587,4010425793,599,False,10,10,10,0.0,43.0,0.21202003338898165,0.21202003338898165,0.21202003338898165
3090,515,../environments/random.12.csv,dist_only_social_any,1,-1,1,1,1,0,1,1,2515763587,2734561081,100,False,2,2,2,0.0,7.0,0.22,0.22,0.22
3091,515,../environments/random.12.csv,dist_only_social_any,1,-1,1,1,1,0,1,1,2515763587,2734561081,200,False,4,4,4,0.0,15.0,0.18,0.18,0.18
3092,515,../environments/random.12.csv,dist_only_social_any,1,-1,1,1,1,0,1,1,2515763587,2734561081,300,False,5,5,5,0.0,22.0,0.18333333333333332,0.18333333333333332,0.18333333333333332
3093,515,../environments/random.12.csv,dist_only_social_any,1,-1,1,1,1,0,1,1,2515763587,2734561081,400,False,5,5,5,0.0,29.0,0.19,0.19,0.19
3094,515,../environments/random.12.csv,dist_only_social_any,1,-1,1,1,1,0,1,1,2515763587,2734561081,500,False,9,9,9,0.0,37.0,0.18,0.18,0.18
3095,515,../environments/random.12.csv,dist_only_social_any,1,-1,1,1,1,0,1,1,2515763587,2734561081,599,False,10,10,10,0.0,44.0,0.17696160267111852,0.17696160267111852,0.17696160267111852
3096,516,../environments/random.12.csv,dist_only_social_any,1,-1,1,1,1,0,1,1,2515763587,1253946826,100,False,4,4,4,0.0,8.0,0.13,0.13,0.13
3097,516,../environments/random.12.csv,dist_only_social_any,1,-1,1,1,1,0,1,1,2515763587,1253946826,200,False,5,5,5,0.0,15.0,0.18,0.18,0.18
3098,516,../environments/random.12.csv,dist_only_social_any,1,-1,1,1,1,0,1,1,2515763587,1253946826,300,False,7,7,7,0.0,22.0,0.19666666666666666,0.19666666666666666,0.19666666666666666
3099,516,../environments/random.12.csv,dist_only_social_any,1,-1,1,1,1,0,1,1,2515763587,1253946826,400,False,8,8,8,0.0,29.0,0.185,0.185,0.185
3100,516,../environments/random.12.csv,dist_only_social_any,1,-1,1,1,1,0,1,1,2515763587,1253946826,500,False,8,8,8,0.0,36.0,0.2,0.2,0.2
3101,516,../environments/random.12.csv,dist_only_social_any,1,-1,1,1,1,0,1,1,2515763587,1253946826,599,False,12,12,12,0.0,43.0,0.19532554257095158,0.19532554257095158,0.19532554257095158
3102,517,../environments/random.12.csv,dist_only_social_any,1,-1,1,1,1,0,1,1,2515763587,1347984585,100,False,2,2,2,0.0,7.0,0.22,0.22,0.22
3103,517,../environments/random.12.csv,dist_only_social_any,1,-1,1,1,1,0,1,1,2515763587,1347984585,200,False,2,2,2,0.0,14.0,0.185,0.185,0.185
3104,517,../environments/random.12.csv,dist_only_social_any,1,-1,1,1,1,0,1,1,2515763587,1347984585,300,False,3,3,3,0.0,21.0,0.20666666666666667,0.20666666666666667,0.20666666666666667
3105,517,../environments/random.12.csv,dist_only_social_any,1,-1,1,1,1,0,1,1,2515763587,1347984585,400,False,3,3,3,0.0,28.0,0.21,0.21,0.21
3106,517,../environments/random.12.csv,dist_only_social_any,1,-1,1,1,1,0,1,1,2515763587,1347984585,500,False,4,4,4,0.0,36.0,0.206,0.206,0.206
3107,517,../environments/random.12.csv,dist_only_social_any,1,-1,1,1,1,0,1,1,2515763587,1347984585,599,False,6,6,6,0.0,43.0,0.2036727879799666,0.2036727879799666,0.2036727879799666
3108,518,../environments/random.12.csv,dist_only_social_any,1,-1,1,1,1,0,1,1,2515763587,884777651,100,False,4,4,4,0.0,7.0,0.19,0.19,0.19
3109,518,../environments/random.12.csv,dist_only_social_any,1,-1,1,1,1,0,1,1,2515763587,884777651,200,False,8,8,8,0.0,15.0,0.18,0.18,0.18
3110,518,../environments/random.12.csv,dist_only_social_any,1,-1,1,1,1,0,1,1,2515763587,884777651,300,False,8,8,8,0.0,22.0,0.19666666666666666,0.19666666666666666,0.19666666666666666
3111,518,../environments/random.12.csv,dist_only_social_any,1,-1,1,1,1,0,1,1,2515763587,884777651,400,False,12,12,12,0.0,29.0,0.1875,0.1875,0.1875
3112,518,../environments/random.12.csv,dist_only_social_any,1,-1,1,1,1,0,1,1,2515763587,884777651,500,False,14,14,14,0.0,37.0,0.184,0.184,0.184
3113,518,../environments/random.12.csv,dist_only_social_any,1,-1,1,1,1,0,1,1,2515763587,884777651,599,False,14,14,14,0.0,44.0,0.18196994991652754,0.18196994991652754,0.18196994991652754
3114,519,../environments/random.12.csv,dist_only_social_any,1,-1,1,1,1,0,1,1,2515763587,2299003041,100,False,2,2,2,0.0,7.0,0.2,0.2,0.2
3115,519,../environments/random.12.csv,dist_only_social_any,1,-1,1,1,1,0,1,1,2515763587,2299003041,200,False,4,4,4,0.0,15.0,0.18,0.18,0.18
3116,519,../environments/random.12.csv,dist_only_social_any,1,-1,1,1,1,0,1,1,2515763587,2299003041,300,False,7,7,7,0.0,22.0,0.17333333333333334,0.17333333333333334,0.17333333333333334
3117,519,../environments/random.12.csv,dist_only_social_any,1,-1,1,1,1,0,1,1,2515763587,2299003041,400,False,10,10,10,0.0,30.0,0.1775,0.1775,0.1775
3118,519,../environments/random.12.csv,dist_only_social_any,1,-1,1,1,1,0,1,1,2515763587,2299003041,500,False,13,13,13,0.0,37.0,0.18,0.18,0.18
3119,519,../environments/random.12.csv,dist_only_social_any,1,-1,1,1,1,0,1,1,2515763587,2299003041,599,False,15,15,15,0.0,44.0,0.18530884808013356,0.18530884808013356,0.18530884808013356
3120,520,../environments/random.12.csv,dist_only_social_any,1,-1,1,1,1,0,1,1,3622058494,3334515826,100,False,1,1,1,0.0,7.0,0.23,0.23,0.23
3121,520,../environments/random.12.csv,dist_only_social_any,1,-1,1,1,1,0,1,1,3622058494,3334515826,200,False,2,2,2,0.0,14.0,0.21,0.21,0.21
3122,520,../environments/random.12.csv,dist_only_social_any,1,-1,1,1,1,0,1,1,3622058494,3334515826,300,False,3,3,3,0.0,21.0,0.20666666666666667,0.20666666666666667,0.20666666666666667
3123,520,../environments/random.12.csv,dist_only_social_any,1,-1,1,1,1,0,1,1,3622058494,3334515826,400,False,5,5,5,0.0,28.0,0.2075,0.2075,0.2075
3124,520,../environments/random.12.csv,dist_only_social_any,1,-1,1,1,1,0,1,1,3622058494,3334515826,500,False,7,7,7,0.0,35.0,0.228,0.228,0.228
3125,520,../environments/random.12.csv,dist_only_social_any,1,-1,1,1,1,0,1,1,3622058494,3334515826,599,False,9,9,9,0.0,41.0,0.23205342237061768,0.23205342237061768,0.23205342237061768
3126,521,../environments/random.12.csv,dist_only_social_any,1,-1,1,1,1,0,1,1,3622058494,262994761,100,False,2,2,2,0.0,7.0,0.14,0.14,0.14
3127,521,../environments/random.12.csv,dist_only_social_any,1,-1,1,1,1,0,1,1,3622058494,262994761,200,False,5,5,5,0.0,15.0,0.18,0.18,0.18
3128,521,../environments/random.12.csv,dist_only_social_any,1,-1,1,1,1,0,1,1,3622058494,262994761,300,False,5,5,5,0.0,22.0,0.19666666666666666,0.19666666666666666,0.19666666666666666
3129,521,../environments/random.12.csv,dist_only_social_any,1,-1,1,1,1,0,1,1,3622058494,262994761,400,False,7,7,7,0.0,29.0,0.1975,0.1975,0.1975
3130,521,../environments/random.12.csv,dist_only_social_any,1,-1,1,1,1,0,1,1,3622058494,262994761,500,False,8,8,8,0.0,36.0,0.196,0.196,0.196
3131,521,../environments/random.12.csv,dist_only_social_any,1,-1,1,1,1,0,1,1,3622058494,262994761,599,False,13,13,13,0.0,43.0,0.19532554257095158,0.19532554257095158,0.19532554257095158
3132,522,../environments/random.12.csv,dist_only_social_any,1,-1,1,1,1,0,1,1,3622058494,3602806192,100,False,4,4,4,0.0,8.0,0.13,0.13,0.13
3133,522,../environments/random.12.csv,dist_only_social_any,1,-1,1,1,1,0,1,1,3622058494,3602806192,200,False,5,5,5,0.0,15.0,0.175,0.175,0.175
3134,522,../environments/random.12.csv,dist_only_social_any,1,-1,1,1,1,0,1,1,3622058494,3602806192,300,False,6,6,6,0.0,23.0,0.16,0.16,0.16
3135,522,../environments/random.12.csv,dist_only_social_any,1,-1,1,1,1,0,1,1,3622058494,3602806192,400,False,7,7,7,0.0,30.0,0.1625,0.1625,0.1625
3136,522,../environments/random.12.csv,dist_only_social_any,1,-1,1,1,1,0,1,1,3622058494,3602806192,500,False,10,10,10,0.0,37.0,0.186,0.186,0.186
3137,522,../environments/random.12.csv,dist_only_social_any,1,-1,1,1,1,0,1,1,3622058494,3602806192,599,False,10,10,10,0.0,44.0,0.18530884808013356,0.18530884808013356,0.18530884808013356
3138,523,../environments/random.12.csv,dist_only_social_any,1,-1,1,1,1,0,1,1,3622058494,3437971635,100,False,2,2,2,0.0,7.0,0.18,0.18,0.18
3139,523,../environments/random.12.csv,dist_only_social_any,1,-1,1,1,1,0,1,1,3622058494,3437971635,200,False,4,4,4,0.0,14.0,0.19,0.19,0.19
3140,523,../environments/random.12.csv,dist_only_social_any,1,-1,1,1,1,0,1,1,3622058494,3437971635,300,False,7,7,7,0.0,22.0,0.19,0.19,0.19
3141,523,../environments/random.12.csv,dist_only_social_any,1,-1,1,1,1,0,1,1,3622058494,3437971635,400,False,9,9,9,0.0,29.0,0.19,0.19,0.19
3142,523,../environments/random.12.csv,dist_only_social_any,1,-1,1,1,1,0,1,1,3622058494,3437971635,500,False,11,11,11,0.0,37.0,0.188,0.188,0.188
3143,523,../environments/random.12.csv,dist_only_social_any,1,-1,1,1,1,0,1,1,3622058494,3437971635,599,False,12,12,12,0.0,44.0,0.18030050083472454,0.18030050083472454,0.18030050083472454
3144,524,../environments/random.12.csv,dist_only_social_any,1,-1,1,1,1,0,1,1,3622058494,4010425793,100,False,1,1,1,0.0,7.0,0.15,0.15,0.15
3145,524,../environments/random.12.csv,dist_only_social_any,1,-1,1,1,1,0,1,1,3622058494,4010425793,200,False,2,2,2,0.0,15.0,0.175,0.175,0.175
3146,524,../environments/random.12.csv,dist_only_social_any,1,-1,1,1,1,0,1,1,3622058494,4010425793,300,False,2,2,2,0.0,22.0,0.19666666666666666,0.19666666666666666,0.19666666666666666
3147,524,../environments/random.12.csv,dist_only_social_any,1,-1,1,1,1,0,1,1,3622058494,4010425793,400,False,3,3,3,0.0,29.0,0.195,0.195,0.195
3148,524,../environments/random.12.csv,dist_only_social_any,1,-1,1,1,1,0,1,1,3622058494,4010425793,500,False,5,5,5,0.0,36.0,0.204,0.204,0.204
3149,524,../environments/random.12.csv,dist_only_social_any,1,-1,1,1,1,0,1,1,3622058494,4010425793,599,False,7,7,7,0.0,43.0,0.1986644407345576,0.1986644407345576,0.1986644407345576
3150,525,../environments/random.12.csv,dist_only_social_any,1,-1,1,1,1,0,1,1,3622058494,2734561081,100,False,2,2,2,0.0,7.0,0.19,0.19,0.19
3151,525,../environments/random.12.csv,dist_only_social_any,1,-1,1,1,1,0,1,1,3622058494,2734561081,200,False,3,3,3,0.0,14.0,0.195,0.195,0.195
3152,525,../environments/random.12.csv,dist_only_social_any,1,-1,1,1,1,0,1,1,3622058494,2734561081,300,False,5,5,5,0.0,22.0,0.19666666666666666,0.19666666666666666,0.19666666666666666
3153,525,../environments/random.12.csv,dist_only_social_any,1,-1,1,1,1,0,1,1,3622058494,2734561081,400,False,8,8,8,0.0,29.0,0.19,0.19,0.19
3154,525,../environments/random.12.csv,dist_only_social_any,1,-1,1,1,1,0,1,1,3622058494,2734561081,500,False,9,9,9,0.0,37.0,0.188,0.188,0.188
3155,525,../environments/random.12.csv,dist_only_social_any,1,-1,1,1,1,0,1,1,3622058494,2734561081,599,False,11,11,11,0.0,44.0,0.19198664440734559,0.19198664440734559,0.19198664440734559
3156,526,../environments/random.12.csv,dist_only_social_any,1,-1,1,1,1,0,1,1,3622058494,1253946826,100,False,2,2,2,0.0,7.0,0.19,0.19,0.19
3157,526,../environments/random.12.csv,dist_only_social_any,1,-1,1,1,1,0,1,1,3622058494,1253946826,200,False,3,3,3,0.0,14.0,0.2,0.2,0.2
3158,526,../environments/random.12.csv,dist_only_social_any,1,-1,1,1,1,0,1,1,3622058494,1253946826,300,False,6,6,6,0.0,21.0,0.22,0.22,0.22
3159,526,../environments/random.12.csv,dist_only_social_any,1,-1,1,1,1,0,1,1,3622058494,1253946826,400,False,8,8,8,0.0,28.0,0.21,0.21,0.21
3160,526,../environments/random.12.csv,dist_only_social_any,1,-1,1,1,1,0,1,1,3622058494,1253946826,500,False,10,10,10,0.0,36.0,0.21,0.21,0.21
3161,526,../environments/random.12.csv,dist_only_social_any,1,-1,1,1,1,0,1,1,3622058494,1253946826,599,False,11,11,11,0.0,43.0,0.21035058430717862,0.21035058430717862,0.21035058430717862
3162,527,../environments/random.12.csv,dist_only_social_any,1,-1,1,1,1,0,1,1,3622058494,1347984585,100,False,0,0,0,0.0,6.0,0.25,0.25,0.25
3163,527,../environments/random.12.csv,dist_only_social_any,1,-1,1,1,1,0,1,1,3622058494,1347984585,200,False,3,3,3,0.0,14.0,0.235,0.235,0.235
3164,527,../environments/random.12.csv,dist_only_social_any,1,-1,1,1,1,0,1,1,3622058494,1347984585,300,False,4,4,4,0.0,21.0,0.23333333333333334,0.23333333333333334,0.23333333333333334
3165,527,../environments/random.12.csv,dist_only_social_any,1,-1,1,1,1,0,1,1,3622058494,1347984585,400,False,5,5,5,0.0,28.0,0.2325,0.2325,0.2325
3166,527,../environments/random.12.csv,dist_only_social_any,1,-1,1,1,1,0,1,1,3622058494,1347984585,500,False,5,5,5,0.0,35.0,0.232,0.232,0.232
3167,527,../environments/random.12.csv,dist_only_social_any,1,-1,1,1,1,0,1,1,3622058494,1347984585,599,False,7,7,7,0.0,42.0,0.22537562604340566,0.22537562604340566,0.22537562604340566
3168,528,../environments/random.12.csv,dist_only_social_any,1,-1,1,1,1,0,1,1,3622058494,884777651,100,False,1,1,1,0.0,6.0,0.27,0.27,0.27
3169,528,../environments/random.12.csv,dist_only_social_any,1,-1,1,1,1,0,1,1,3622058494,884777651,200,False,1,1,1,0.0,14.0,0.205,0.205,0.205
3170,528,../environments/random.12.csv,dist_only_social_any,1,-1,1,1,1,0,1,1,3622058494,884777651,300,False,3,3,3,0.0,21.0,0.20666666666666667,0.20666666666666667,0.20666666666666667
3171,528,../environments/random.12.csv,dist_only_social_any,1,-1,1,1,1,0,1,1,3622058494,884777651,400,False,5,5,5,0.0,29.0,0.205,0.205,0.205
3172,528,../environments/random.12.csv,dist_only_social_any,1,-1,1,1,1,0,1,1,3622058494,884777651,500,False,7,7,7,0.0,36.0,0.204,0.204,0.204
3173,528,../environments/random.12.csv,dist_only_social_any,1,-1,1,1,1,0,1,1,3622058494,884777651,599,False,8,8,8,0.0,44.0,0.19365609348914858,0.19365609348914858,0.19365609348914858
3174,529,../environments/random.12.csv,dist_only_social_any,1,-1,1,1,1,0,1,1,3622058494,2299003041,100,False,1,1,1,0.0,7.0,0.19,0.19,0.19
3175,529,../environments/random.12.csv,dist_only_social_any,1,-1,1,1,1,0,1,1,3622058494,2299003041,200,False,3,3,3,0.0,15.0,0.18,0.18,0.18
3176,529,../environments/random.12.csv,dist_only_social_any,1,-1,1,1,1,0,1,1,3622058494,2299003041,300,False,4,4,4,0.0,22.0,0.18666666666666668,0.18666666666666668,0.18666666666666668
3177,529,../environments/random.12.csv,dist_only_social_any,1,-1,1,1,1,0,1,1,3622058494,2299003041,400,False,5,5,5,0.0,29.0,0.1875,0.1875,0.1875
3178,529,../environments/random.12.csv,dist_only_social_any,1,-1,1,1,1,0,1,1,3622058494,2299003041,500,False,7,7,7,0.0,37.0,0.188,0.188,0.188
3179,529,../environments/random.12.csv,dist_only_social_any,1,-1,1,1,1,0,1,1,3622058494,2299003041,599,False,8,8,8,0.0,44.0,0.19365609348914858,0.19365609348914858,0.19365609348914858
3180,530,../environments/random.12.csv,dist_only_social_any,1,-1,1,1,1,0,1,1,3859649351,3334515826,100,False,2,2,2,0.0,7.0,0.24,0.24,0.24
3181,530,../environments/random.12.csv,dist_only_social_any,1,-1,1,1,1,0,1,1,3859649351,3334515826,200,False,5,5,5,0.0,14.0,0.2,0.2,0.2
3182,530,../environments/random.12.csv,dist_only_social_any,1,-1,1,1,1,0,1,1,3859649351,3334515826,300,False,7,7,7,0.0,22.0,0.18333333333333332,0.18333333333333332,0.18333333333333332
3183,530,../environments/random.12.csv,dist_only_social_any,1,-1,1,1,1,0,1,1,3859649351,3334515826,400,False,9,9,9,0.0,30.0,0.1725,0.1725,0.1725
3184,530,../environments/random.12.csv,dist_only_social_any,1,-1,1,1,1,0,1,1,3859649351,3334515826,500,False,11,11,11,0.0,36.0,0.2,0.2,0.2
3185,530,../environments/random.12.csv,dist_only_social_any,1,-1,1,1,1,0,1,1,3859649351,3334515826,599,False,11,11,11,0.0,43.0,0.21202003338898165,0.21202003338898165,0.21202003338898165
3186,531,../environments/random.12.csv,dist_only_social_any,1,-1,1,1,1,0,1,1,3859649351,262994761,100,False,2,2,2,0.0,7.0,0.17,0.17,0.17
3187,531,../environments/random.12.csv,dist_only_social_any,1,-1,1,1,1,0,1,1,3859649351,262994761,200,False,4,4,4,0.0,14.0,0.19,0.19,0.19
3188,531,../environments/random.12.csv,dist_only_social_any,1,-1,1,1,1,0,1,1,3859649351,262994761,300,False,6,6,6,0.0,22.0,0.18,0.18,0.18
3189,531,../environments/random.12.csv,dist_only_social_any,1,-1,1,1,1,0,1,1,3859649351,262994761,400,False,7,7,7,0.0,29.0,0.18,0.18,0.18
3190,531,../environments/random.12.csv,dist_only_social_any,1,-1,1,1,1,0,1,1,3859649351,262994761,500,False,9,9,9,0.0,37.0,0.188,0.188,0.188
3191,531,../environments/random.12.csv,dist_only_social_any,1,-1,1,1,1,0,1,1,3859649351,262994761,599,False,13,13,13,0.0,44.0,0.18030050083472454,0.18030050083472454,0.18030050083472454
3192,532,../environments/random.12.csv,dist_only_social_any,1,-1,1,1,1,0,1,1,3859649351,3602806192,100,False,2,2,2,0.0,7.0,0.16,0.16,0.16
3193,532,../environments/random.12.csv,dist_only_social_any,1,-1,1,1,1,0,1,1,3859649351,3602806192,200,False,3,3,3,0.0,14.0,0.205,0.205,0.205
3194,532,../environments/random.12.csv,dist_only_social_any,1,-1,1,1,1,0,1,1,3859649351,3602806192,300,False,6,6,6,0.0,22.0,0.19666666666666666,0.19666666666666666,0.19666666666666666
3195,532,../environments/random.12.csv,dist_only_social_any,1,-1,1,1,1,0,1,1,3859649351,3602806192,400,False,7,7,7,0.0,29.0,0.2,0.2,0.2
3196,532,../environments/random.12.csv,dist_only_social_any,1,-1,1,1,1,0,1,1,3859649351,3602806192,500,False,10,10,10,0.0,36.0,0.194,0.194,0.194
3197,532,../environments/random.12.csv,dist_only_social_any,1,-1,1,1,1,0,1,1,3859649351,3602806192,599,False,12,12,12,0.0,44.0,0.19365609348914858,0.19365609348914858,0.19365609348914858
3198,533,../environments/random.12.csv,dist_only_social_any,1,-1,1,1,1,0,1,1,3859649351,3437971635,100,False,2,2,2,0.0,7.0,0.14,0.14,0.14
3199,533,../environments/random.12.csv,dist_only_social_any,1,-1,1,1,1,0,1,1,3859649351,3437971635,200,False,3,3,3,0.0,15.0,0.18,0.18,0.18
3200,533,../environments/random.12.csv,dist_only_social_any,1,-1,1,1,1,0,1,1,3859649351,3437971635,300,False,7,7,7,0.0,22.0,0.19,0.19,0.19
3201,533,../environments/random.12.csv,dist_only_social_any,1,-1,1,1,1,0,1,1,3859649351,3437971635,400,False,9,9,9,0.0,29.0,0.18,0.18,0.18
3202,533,../environments/random.12.csv,dist_only_social_any,1,-1,1,1,1,0,1,1,3859649351,3437971635,500,False,13,13,13,0.0,37.0,0.182,0.182,0.182
3203,533,../environments/random.12.csv,dist_only_social_any,1,-1,1,1,1,0,1,1,3859649351,3437971635,599,False,13,13,13,0.0,45.0,0.17529215358931552,0.17529215358931552,0.17529215358931552
3204,534,../environments/random.12.csv,dist_only_social_any,1,-1,1,1,1,0,1,1,3859649351,4010425793,100,False,1,1,1,0.0,7.0,0.23,0.23,0.23
3205,534,../environments/random.12.csv,dist_only_social_any,1,-1,1,1,1,0,1,1,3859649351,4010425793,200,False,3,3,3,0.0,14.0,0.23,0.23,0.23
3206,534,../environments/random.12.csv,dist_only_social_any,1,-1,1,1,1,0,1,1,3859649351,4010425793,300,False,4,4,4,0.0,21.0,0.21666666666666667,0.21666666666666667,0.21666666666666667
3207,534,../environments/random.12.csv,dist_only_social_any,1,-1,1,1,1,0,1,1,3859649351,4010425793,400,False,6,6,6,0.0,28.0,0.2075,0.2075,0.2075
3208,534,../environments/random.12.csv,dist_only_social_any,1,-1,1,1,1,0,1,1,3859649351,4010425793,500,False,7,7,7,0.0,36.0,0.21,0.21,0.21
3209,534,../environments/random.12.csv,dist_only_social_any,1,-1,1,1,1,0,1,1,3859649351,4010425793,599,False,9,9,9,0.0,43.0,0.21202003338898165,0.21202003338898165,0.21202003338898165
3210,535,../environments/random.12.csv,dist_only_social_any,1,-1,1,1,1,0,1,1,3859649351,2734561081,100,False,0,0,0,0.0,7.0,0.24,0.24,0.24
3211,535,../environments/random.12.csv,dist_only_social_any,1,-1,1,1,1,0,1,1,3859649351,2734561081,200,False,1,1,1,0.0,14.0,0.23,0.23,0.23
3212,535,../environments/random.12.csv,dist_only_social_any,1,-1,1,1,1,0,1,1,3859649351,2734561081,300,False,4,4,4,0.0,22.0,0.19666666666666666,0.19666666666666666,0.19666666666666666
3213,535,../environments/random.12.csv,dist_only_social_any,1,-1,1,1,1,0,1,1,3859649351,2734561081,400,False,6,6,6,0.0,29.0,0.205,0.205,0.205
3214,535,../environments/random.12.csv,dist_only_social_any,1,-1,1,1,1,0,1,1,3859649351,2734561081,500,False,10,10,10,0.0,36.0,0.196,0.196,0.196
3215,535,../environments/random.12.csv,dist_only_social_any,1,-1,1,1,1,0,1,1,3859649351,2734561081,599,False,11,11,11,0.0,44.0,0.19198664440734559,0.19198664440734559,0.19198664440734559
3216,536,../environments/random.12.csv,dist_only_social_any,1,-1,1,1,1,0,1,1,3859649351,1253946826,100,False,1,1,1,0.0,7.0,0.14,0.14,0.14
3217,536,../environments/random.12.csv,dist_only_social_any,1,-1,1,1,1,0,1,1,3859649351,1253946826,200,False,3,3,3,0.0,14.0,0.215,0.215,0.215
3218,536,../environments/random.12.csv,dist_only_social_any,1,-1,1,1,1,0,1,1,3859649351,1253946826,300,False,4,4,4,0.0,21.0,0.22333333333333333,0.22333333333333333,0.22333333333333333
3219,536,../environments/random.12.csv,dist_only_social_any,1,-1,1,1,1,0,1,1,3859649351,1253946826,400,False,6,6,6,0.0,28.0,0.2075,0.2075,0.2075
3220,536,../environments/random.12.csv,dist_only_social_any,1,-1,1,1,1,0,1,1,3859649351,1253946826,500,False,8,8,8,0.0,36.0,0.208,0.208,0.208
3221,536,../environments/random.12.csv,dist_only_social_any,1,-1,1,1,1,0,1,1,3859649351,1253946826,599,False,11,11,11,0.0,43.0,0.1986644407345576,0.1986644407345576,0.1986644407345576
3222,537,../environments/random.12.csv,dist_only_social_any,1,-1,1,1,1,0,1,1,3859649351,1347984585,100,False,2,2,2,0.0,7.0,0.22,0.22,0.22
3223,537,../environments/random.12.csv,dist_only_social_any,1,-1,1,1,1,0,1,1,3859649351,1347984585,200,False,3,3,3,0.0,14.0,0.235,0.235,0.235
3224,537,../environments/random.12.csv,dist_only_social_any,1,-1,1,1,1,0,1,1,3859649351,1347984585,300,False,4,4,4,0.0,21.0,0.21666666666666667,0.21666666666666667,0.21666666666666667
3225,537,../environments/random.12.csv,dist_only_social_any,1,-1,1,1,1,0,1,1,3859649351,1347984585,400,False,6,6,6,0.0,28.0,0.2125,0.2125,0.2125
3226,537,../environments/random.12.csv,dist_only_social_any,1,-1,1,1,1,0,1,1,3859649351,1347984585,500,False,7,7,7,0.0,36.0,0.21,0.21,0.21
3227,537,../environments/random.12.csv,dist_only_social_any,1,-1,1,1,1,0,1,1,3859649351,1347984585,599,False,10,10,10,0.0,42.0,0.22036727879799667,0.22036727879799667,0.22036727879799667
3228,538,../environments/random.12.csv,dist_only_social_any,1,-1,1,1,1,0,1,1,3859649351,884777651,100,False,5,5,5,0.0,7.0,0.2,0.2,0.2
3229,538,../environments/random.12.csv,dist_only_social_any,1,-1,1,1,1,0,1,1,3859649351,884777651,200,False,7,7,7,0.0,15.0,0.17,0.17,0.17
3230,538,../environments/random.12.csv,dist_only_social_any,1,-1,1,1,1,0,1,1,3859649351,884777651,300,False,9,9,9,0.0,22.0,0.18,0.18,0.18
3231,538,../environments/random.12.csv,dist_only_social_any,1,-1,1,1,1,0,1,1,3859649351,884777651,400,False,12,12,12,0.0,29.0,0.18,0.18,0.18
3232,538,../environments/random.12.csv,dist_only_social_any,1,-1,1,1,1,0,1,1,3859649351,884777651,500,False,13,13,13,0.0,37.0,0.178,0.178,0.178
3233,538,../environments/random.12.csv,dist_only_social_any,1,-1,1,1,1,0,1,1,3859649351,884777651,599,False,15,15,15,0.0,44.0,0.18030050083472454,0.18030050083472454,0.18030050083472454
3234,539,../environments/random.12.csv,dist_only_social_any,1,-1,1,1,1,0,1,1,3859649351,2299003041,100,False,2,2,2,0.0,7.0,0.18,0.18,0.18
3235,539,../environments/random.12.csv,dist_only_social_any,1,-1,1,1,1,0,1,1,3859649351,2299003041,200,False,4,4,4,0.0,15.0,0.18,0.18,0.18
3236,539,../environments/random.12.csv,dist_only_social_any,1,-1,1,1,1,0,1,1,3859649351,2299003041,300,False,6,6,6,0.0,22.0,0.17,0.17,0.17
3237,539,../environments/random.12.csv,dist_only_social_any,1,-1,1,1,1,0,1,1,3859649351,2299003041,400,False,8,8,8,0.0,30.0,0.175,0.175,0.175
3238,539,../environments/random.12.csv,dist_only_social_any,1,-1,1,1,1,0,1,1,3859649351,2299003041,500,False,9,9,9,0.0,37.0,0.18,0.18,0.18
3239,539,../environments/random.12.csv,dist_only_social_any,1,-1,1,1,1,0,1,1,3859649351,2299003041,599,False,11,11,11,0.0,44.0,0.18864774624373956,0.18864774624373956,0.18864774624373956
3240,540,../environments/random.12.csv,dist_only_social_any,1,-1,1,1,1,0,1,1,3788962293,3334515826,100,False,2,2,2,0.0,7.0,0.23,0.23,0.23
3241,540,../environments/random.12.csv,dist_only_social_any,1,-1,1,1,1,0,1,1,3788962293,3334515826,200,False,3,3,3,0.0,14.0,0.215,0.215,0.215
3242,540,../environments/random.12.csv,dist_only_social_any,1,-1,1,1,1,0,1,1,3788962293,3334515826,300,False,6,6,6,0.0,21.0,0.20333333333333334,0.20333333333333334,0.20333333333333334
3243,540,../environments/random.12.csv,dist_only_social_any,1,-1,1,1,1,0,1,1,3788962293,3334515826,400,False,10,10,10,0.0,29.0,0.2,0.2,0.2
3244,540,../environments/random.12.csv,dist_only_social_any,1,-1,1,1,1,0,1,1,3788962293,3334515826,500,False,11,11,11,0.0,36.0,0.21,0.21,0.21
3245,540,../environments/random.12.csv,dist_only_social_any,1,-1,1,1,1,0,1,1,3788962293,3334515826,599,False,12,12,12,0.0,42.0,0.22203672787979967,0.22203672787979967,0.22203672787979967
3246,541,../environments/random.12.csv,dist_only_social_any,1,-1,1,1,1,0,1,1,3788962293,262994761,100,False,2,2,2,0.0,8.0,0.13,0.13,0.13
3247,541,../environments/random.12.csv,dist_only_social_any,1,-1,1,1,1,0,1,1,3788962293,262994761,200,False,3,3,3,0.0,15.0,0.155,0.155,0.155
3248,541,../environments/random.12.csv,dist_only_social_any,1,-1,1,1,1,0,1,1,3788962293,262994761,300,False,7,7,7,0.0,22.0,0.17,0.17,0.17
3249,541,../environments/random.12.csv,dist_only_social_any,1,-1,1,1,1,0,1,1,3788962293,262994761,400,False,7,7,7,0.0,30.0,0.175,0.175,0.175
3250,541,../environments/random.12.csv,dist_only_social_any,1,-1,1,1,1,0,1,1,3788962293,262994761,500,False,8,8,8,0.0,37.0,0.186,0.186,0.186
3251,541,../environments/random.12.csv,dist_only_social_any,1,-1,1,1,1,0,1,1,3788962293,262994761,599,False,10,10,10,0.0,44.0,0.18030050083472454,0.18030050083472454,0.18030050083472454
3252,542,../environments/random.12.csv,dist_only_social_any,1,-1,1,1,1,0,1,1,3788962293,3602806192,100,False,3,3,3,0.0,7.0,0.23,0.23,0.23
3253,542,../environments/random.12.csv,dist_only_social_any,1,-1,1,1,1,0,1,1,3788962293,3602806192,200,False,5,5,5,0.0,14.0,0.23,0.23,0.23
3254,542,../environments/random.12.csv,dist_only_social_any,1,-1,1,1,1,0,1,1,3788962293,3602806192,300,False,8,8,8,0.0,21.0,0.21,0.21,0.21
3255,542,../environments/random.12.csv,dist_only_social_any,1,-1,1,1,1,0,1,1,3788962293,3602806192,400,False,9,9,9,0.0,29.0,0.205,0.205,0.205
3256,542,../environments/random.12.csv,dist_only_social_any,1,-1,1,1,1,0,1,1,3788962293,3602806192,500,False,11,11,11,0.0,36.0,0.19,0.19,0.19
3257,542,../environments/random.12.csv,dist_only_social_any,1,-1,1,1,1,0,1,1,3788962293,3602806192,599,False,13,13,13,0.0,43.0,0.19699499165275458,0.19699499165275458,0.19699499165275458
3258,543,../environments/random.12.csv,dist_only_social_any,1,-1,1,1,1,0,1,1,3788962293,3437971635,100,False,1,1,1,0.0,7.0,0.21,0.21,0.21
3259,543,../environments/random.12.csv,dist_only_social_any,1,-1,1,1,1,0,1,1,3788962293,3437971635,200,False,3,3,3,0.0,14.0,0.205,0.205,0.205
3260,543,../environments/random.12.csv,dist_only_social_any,1,-1,1,1,1,0,1,1,3788962293,3437971635,300,False,5,5,5,0.0,21.0,0.21,0.21,0.21
3261,543,../environments/random.12.csv,dist_only_social_any,1,-1,1,1,1,0,1,1,3788962293,3437971635,400,False,7,7,7,0.0,28.0,0.2075,0.2075,0.2075
3262,543,../environments/random.12.csv,dist_only_social_any,1,-1,1,1,1,0,1,1,3788962293,3437971635,500,False,9,9,9,0.0,36.0,0.204,0.204,0.204
3263,543,../environments/random.12.csv,dist_only_social_any,1,-1,1,1,1,0,1,1,3788962293,3437971635,599,False,11,11,11,0.0,44.0,0.19365609348914858,0.19365609348914858,0.19365609348914858
3264,544,../environments/random.12.csv,dist_only_social_any,1,-1,1,1,1,0,1,1,3788962293,4010425793,100,False,3,3,3,0.0,8.0,0.13,0.13,0.13
3265,544,../environments/random.12.csv,dist_only_social_any,1,-1,1,1,1,0,1,1,3788962293,4010425793,200,False,4,4,4,0.0,15.0,0.155,0.155,0.155
3266,544,../environments/random.12.csv,dist_only_social_any,1,-1,1,1,1,0,1,1,3788962293,4010425793,300,False,8,8,8,0.0,22.0,0.19666666666666666,0.19666666666666666,0.19666666666666666
3267,544,../environments/random.12.csv,dist_only_social_any,1,-1,1,1,1,0,1,1,3788962293,4010425793,400,False,12,12,12,0.0,30.0,0.1775,0.1775,0.1775
3268,544,../environments/random.12.csv,dist_only_social_any,1,-1,1,1,1,0,1,1,3788962293,4010425793,500,False,15,15,15,0.0,37.0,0.188,0.188,0.188
3269,544,../environments/random.12.csv,dist_only_social_any,1,-1,1,1,1,0,1,1,3788962293,4010425793,599,False,19,19,19,0.0,44.0,0.17863105175292154,0.17863105175292154,0.17863105175292154
3270,545,../environments/random.12.csv,dist_only_social_any,1,-1,1,1,1,0,1,1,3788962293,2734561081,100,False,2,2,2,0.0,7.0,0.22,0.22,0.22
3271,545,../environments/random.12.csv,dist_only_social_any,1,-1,1,1,1,0,1,1,3788962293,2734561081,200,False,5,5,5,0.0,14.0,0.215,0.215,0.215
3272,545,../environments/random.12.csv,dist_only_social_any,1,-1,1,1,1,0,1,1,3788962293,2734561081,300,False,7,7,7,0.0,21.0,0.2,0.2,0.2
3273,545,../environments/random.12.csv,dist_only_social_any,1,-1,1,1,1,0,1,1,3788962293,2734561081,400,False,8,8,8,0.0,29.0,0.2,0.2,0.2
3274,545,../environments/random.12.csv,dist_only_social_any,1,-1,1,1,1,0,1,1,3788962293,2734561081,500,False,9,9,9,0.0,36.0,0.194,0.194,0.194
3275,545,../environments/random.12.csv,dist_only_social_any,1,-1,1,1,1,0,1,1,3788962293,2734561081,599,False,10,10,10,0.0,44.0,0.19365609348914858,0.19365609348914858,0.19365609348914858
3276,546,../environments/random.12.csv,dist_only_social_any,1,-1,1,1,1,0,1,1,3788962293,1253946826,100,False,2,2,2,0.0,7.0,0.15,0.15,0.15
3277,546,../environments/random.12.csv,dist_only_social_any,1,-1,1,1,1,0,1,1,3788962293,1253946826,200,False,3,3,3,0.0,14.0,0.185,0.185,0.185
3278,546,../environments/random.12.csv,dist_only_social_any,1,-1,1,1,1,0,1,1,3788962293,1253946826,300,False,5,5,5,0.0,21.0,0.20333333333333334,0.20333333333333334,0.20333333333333334
3279,546,../environments/random.12.csv,dist_only_social_any,1,-1,1,1,1,0,1,1,3788962293,1253946826,400,False,8,8,8,0.0,29.0,0.195,0.195,0.195
3280,546,../environments/random.12.csv,dist_only_social_any,1,-1,1,1,1,0,1,1,3788962293,1253946826,500,False,10,10,10,0.0,36.0,0.194,0.194,0.194
3281,546,../environments/random.12.csv,dist_only_social_any,1,-1,1,1,1,0,1,1,3788962293,1253946826,599,False,13,13,13,0.0,44.0,0.19365609348914858,0.19365609348914858,0.19365609348914858
3282,547,../environments/random.12.csv,dist_only_social_any,1,-1,1,1,1,0,1,1,3788962293,1347984585,100,False,1,1,1,0.0,7.0,0.23,0.23,0.23
3283,547,../environments/random.12.csv,dist_only_social_any,1,-1,1,1,1,0,1,1,3788962293,1347984585,200,False,6,6,6,0.0,15.0,0.175,0.175,0.175
3284,547,../environments/random.12.csv,dist_only_social_any,1,-1,1,1,1,0,1,1,3788962293,1347984585,300,False,8,8,8,0.0,22.0,0.18333333333333332,0.18333333333333332,0.18333333333333332
3285,547,../environments/random.12.csv,dist_only_social_any,1,-1,1,1,1,0,1,1,3788962293,1347984585,400,False,9,9,9,0.0,29.0,0.1975,0.1975,0.1975
3286,547,../environments/random.12.csv,dist_only_social_any,1,-1,1,1,1,0,1,1,3788962293,1347984585,500,False,11,11,11,0.0,36.0,0.2,0.2,0.2
3287,547,../environments/random.12.csv,dist_only_social_any,1,-1,1,1,1,0,1,1,3788962293,1347984585,599,False,12,12,12,0.0,43.0,0.2020033388981636,0.2020033388981636,0.2020033388981636
3288,548,../environments/random.12.csv,dist_only_social_any,1,-1,1,1,1,0,1,1,3788962293,884777651,100,False,1,1,1,0.0,7.0,0.24,0.24,0.24
3289,548,../environments/random.12.csv,dist_only_social_any,1,-1,1,1,1,0,1,1,3788962293,884777651,200,False,3,3,3,0.0,14.0,0.2,0.2,0.2
3290,548,../environments/random.12.csv,dist_only_social_any,1,-1,1,1,1,0,1,1,3788962293,884777651,300,False,6,6,6,0.0,22.0,0.19666666666666666,0.19666666666666666,0.19666666666666666
3291,548,../environments/random.12.csv,dist_only_social_any,1,-1,1,1,1,0,1,1,3788962293,884777651,400,False,8,8,8,0.0,29.0,0.205,0.205,0.205
3292,548,../environments/random.12.csv,dist_only_social_any,1,-1,1,1,1,0,1,1,3788962293,884777651,500,False,14,14,14,0.0,37.0,0.188,0.188,0.188
3293,548,../environments/random.12.csv,dist_only_social_any,1,-1,1,1,1,0,1,1,3788962293,884777651,599,False,16,16,16,0.0,44.0,0.18196994991652754,0.18196994991652754,0.18196994991652754
3294,549,../environments/random.12.csv,dist_only_social_any,1,-1,1,1,1,0,1,1,3788962293,2299003041,100,False,2,2,2,0.0,7.0,0.16,0.16,0.16
3295,549,../environments/random.12.csv,dist_only_social_any,1,-1,1,1,1,0,1,1,3788962293,2299003041,200,False,4,4,4,0.0,15.0,0.155,0.155,0.155
3296,549,../environments/random.12.csv,dist_only_social_any,1,-1,1,1,1,0,1,1,3788962293,2299003041,300,False,6,6,6,0.0,22.0,0.17666666666666667,0.17666666666666667,0.17666666666666667
3297,549,../environments/random.12.csv,dist_only_social_any,1,-1,1,1,1,0,1,1,3788962293,2299003041,400,False,8,8,8,0.0,30.0,0.1625,0.1625,0.1625
3298,549,../environments/random.12.csv,dist_only_social_any,1,-1,1,1,1,0,1,1,3788962293,2299003041,500,False,10,10,10,0.0,38.0,0.16,0.16,0.16
3299,549,../environments/random.12.csv,dist_only_social_any,1,-1,1,1,1,0,1,1,3788962293,2299003041,599,False,11,11,11,0.0,45.0,0.1636060100166945,0.1636060100166945,0.1636060100166945
3300,550,../environments/random.12.csv,dist_only_social_any,1,-1,1,1,1,0,1,1,4075238685,3334515826,100,False,0,0,0,0.0,7.0,0.18,0.18,0.18
3301,550,../environments/random.12.csv,dist_only_social_any,1,-1,1,1,1,0,1,1,4075238685,3334515826,200,False,0,0,0,0.0,15.0,0.175,0.175,0.175
3302,550,../environments/random.12.csv,dist_only_social_any,1,-1,1,1,1,0,1,1,4075238685,3334515826,300,False,2,2,2,0.0,22.0,0.19333333333333333,0.19333333333333333,0.19333333333333333
3303,550,../environments/random.12.csv,dist_only_social_any,1,-1,1,1,1,0,1,1,4075238685,3334515826,400,False,3,3,3,0.0,29.0,0.19,0.19,0.19
3304,550,../environments/random.12.csv,dist_only_social_any,1,-1,1,1,1,0,1,1,4075238685,3334515826,500,False,6,6,6,0.0,36.0,0.206,0.206,0.206
3305,550,../environments/random.12.csv,dist_only_social_any,1,-1,1,1,1,0,1,1,4075238685,3334515826,599,False,10,10,10,0.0,43.0,0.20534223706176963,0.20534223706176963,0.20534223706176963
3306,551,../environments/random.12.csv,dist_only_social_any,1,-1,1,1,1,0,1,1,4075238685,262994761,100,False,1,1,1,0.0,7.0,0.2,0.2,0.2
3307,551,../environments/random.12.csv,dist_only_social_any,1,-1,1,1,1,0,1,1,4075238685,262994761,200,False,4,4,4,0.0,15.0,0.18,0.18,0.18
3308,551,../environments/random.12.csv,dist_only_social_any,1,-1,1,1,1,0,1,1,4075238685,262994761,300,False,7,7,7,0.0,22.0,0.18666666666666668,0.18666666666666668,0.18666666666666668
3309,551,../environments/random.12.csv,dist_only_social_any,1,-1,1,1,1,0,1,1,4075238685,262994761,400,False,8,8,8,0.0,29.0,0.185,0.185,0.185
3310,551,../environments/random.12.csv,dist_only_social_any,1,-1,1,1,1,0,1,1,4075238685,262994761,500,False,9,9,9,0.0,37.0,0.186,0.186,0.186
3311,551,../environments/random.12.csv,dist_only_social_any,1,-1,1,1,1,0,1,1,4075238685,262994761,599,False,10,10,10,0.0,43.0,0.19532554257095158,0.19532554257095158,0.19532554257095158
3312,552,../environments/random.12.csv,dist_only_social_any,1,-1,1,1,1,0,1,1,4075238685,3602806192,100,False,0,0,0,0.0,7.0,0.21,0.21,0.21
3313,552,../environments/random.12.csv,dist_only_social_any,1,-1,1,1,1,0,1,1,4075238685,3602806192,200,False,1,1,1,0.0,14.0,0.21,0.21,0.21
3314,552,../environments/random.12.csv,dist_only_social_any,1,-1,1,1,1,0,1,1,4075238685,3602806192,300,False,3,3,3,0.0,21.0,0.20333333333333334,0.20333333333333334,0.20333333333333334
3315,552,../environments/random.12.csv,dist_only_social_any,1,-1,1,1,1,0,1,1,4075238685,3602806192,400,False,6,6,6,0.0,29.0,0.2025,0.2025,0.2025
3316,552,../environments/random.12.csv,dist_only_social_any,1,-1,1,1,1,0,1,1,4075238685,3602806192,500,False,8,8,8,0.0,37.0,0.188,0.188,0.188
3317,552,../environments/random.12.csv,dist_only_social_any,1,-1,1,1,1,0,1,1,4075238685,3602806192,599,False,10,10,10,0.0,44.0,0.19365609348914858,0.19365609348914858,0.19365609348914858
3318,553,../environments/random.12.csv,dist_only_social_any,1,-1,1,1,1,0,1,1,4075238685,3437971635,100,False,3,3,3,0.0,7.0,0.17,0.17,0.17
3319,553,../environments/random.12.csv,dist_only_social_any,1,-1,1,1,1,0,1,1,4075238685,3437971635,200,False,5,5,5,0.0,15.0,0.18,0.18,0.18
3320,553,../environments/random.12.csv,dist_only_social_any,1,-1,1,1,1,0,1,1,4075238685,3437971635,300,False,9,9,9,0.0,22.0,0.18666666666666668,0.18666666666666668,0.18666666666666668
3321,553,../environments/random.12.csv,dist_only_social_any,1,-1,1,1,1,0,1,1,4075238685,3437971635,400,False,9,9,9,0.0,29.0,0.18,0.18,0.18
3322,553,../environments/random.12.csv,dist_only_social_any,1,-1,1,1,1,0,1,1,4075238685,3437971635,500,False,11,11,11,0.0,37.0,0.178,0.178,0.178
3323,553,../environments/random.12.csv,dist_only_social_any,1,-1,1,1,1,0,1,1,4075238685,3437971635,599,False,13,13,13,0.0,45.0,0.17362270450751252,0.17362270450751252,0.17362270450751252
3324,554,../environments/random.12.csv,dist_only_social_any,1,-1,1,1,1,0,1,1,4075238685,4010425793,100,False,3,3,3,0.0,7.0,0.15,0.15,0.15
3325,554,../environments/random.12.csv,dist_only_social_any,1,-1,1,1,1,0,1,1,4075238685,4010425793,200,False,5,5,5,0.0,14.0,0.185,0.185,0.185
3326,554,../environments/random.12.csv,dist_only_social_any,1,-1,1,1,1,0,1,1,4075238685,4010425793,300,False,6,6,6,0.0,22.0,0.19666666666666666,0.19666666666666666,0.19666666666666666
3327,554,../environments/random.12.csv,dist_only_social_any,1,-1,1,1,1,0,1,1,4075238685,4010425793,400,False,8,8,8,0.0,29.0,0.185,0.185,0.185
3328,554,../environments/random.12.csv,dist_only_social_any,1,-1,1,1,1,0,1,1,4075238685,4010425793,500,False,11,11,11,0.0,36.0,0.194,0.194,0.194
3329,554,../environments/random.12.csv,dist_only_social_any,1,-1,1,1,1,0,1,1,4075238685,4010425793,599,False,15,15,15,0.0,44.0,0.19365609348914858,0.19365609348914858,0.19365609348914858
3330,555,../environments/random.12.csv,dist_only_social_any,1,-1,1,1,1,0,1,1,4075238685,2734561081,100,False,0,0,0,0.0,7.0,0.21,0.21,0.21
3331,555,../environments/random.12.csv,dist_only_social_any,1,-1,1,1,1,0,1,1,4075238685,2734561081,200,False,3,3,3,0.0,14.0,0.19,0.19,0.19
3332,555,../environments/random.12.csv,dist_only_social_any,1,-1,1,1,1,0,1,1,4075238685,2734561081,300,False,4,4,4,0.0,22.0,0.19666666666666666,0.19666666666666666,0.19666666666666666
3333,555,../environments/random.12.csv,dist_only_social_any,1,-1,1,1,1,0,1,1,4075238685,2734561081,400,False,4,4,4,0.0,29.0,0.1975,0.1975,0.1975
3334,555,../environments/random.12.csv,dist_only_social_any,1,-1,1,1,1,0,1,1,4075238685,2734561081,500,False,5,5,5,0.0,37.0,0.188,0.188,0.188
3335,555,../environments/random.12.csv,dist_only_social_any,1,-1,1,1,1,0,1,1,4075238685,2734561081,599,False,7,7,7,0.0,44.0,0.18196994991652754,0.18196994991652754,0.18196994991652754
3336,556,../environments/random.12.csv,dist_only_social_any,1,-1,1,1,1,0,1,1,4075238685,1253946826,100,False,2,2,2,0.0,7.0,0.22,0.22,0.22
3337,556,../environments/random.12.csv,dist_only_social_any,1,-1,1,1,1,0,1,1,4075238685,1253946826,200,False,3,3,3,0.0,13.0,0.245,0.245,0.245
3338,556,../environments/random.12.csv,dist_only_social_any,1,-1,1,1,1,0,1,1,4075238685,1253946826,300,False,3,3,3,0.0,21.0,0.23333333333333334,0.23333333333333334,0.23333333333333334
3339,556,../environments/random.12.csv,dist_only_social_any,1,-1,1,1,1,0,1,1,4075238685,1253946826,400,False,5,5,5,0.0,28.0,0.2275,0.2275,0.2275
3340,556,../environments/random.12.csv,dist_only_social_any,1,-1,1,1,1,0,1,1,4075238685,1253946826,500,False,8,8,8,0.0,35.0,0.214,0.214,0.214
3341,556,../environments/random.12.csv,dist_only_social_any,1,-1,1,1,1,0,1,1,4075238685,1253946826,599,False,8,8,8,0.0,43.0,0.2036727879799666,0.2036727879799666,0.2036727879799666
3342,557,../environments/random.12.csv,dist_only_social_any,1,-1,1,1,1,0,1,1,4075238685,1347984585,100,False,2,2,2,0.0,7.0,0.24,0.24,0.24
3343,557,../environments/random.12.csv,dist_only_social_any,1,-1,1,1,1,0,1,1,4075238685,1347984585,200,False,3,3,3,0.0,13.0,0.255,0.255,0.255
3344,557,../environments/random.12.csv,dist_only_social_any,1,-1,1,1,1,0,1,1,4075238685,1347984585,300,False,7,7,7,0.0,21.0,0.23333333333333334,0.23333333333333334,0.23333333333333334
3345,557,../environments/random.12.csv,dist_only_social_any,1,-1,1,1,1,0,1,1,4075238685,1347984585,400,False,8,8,8,0.0,28.0,0.23,0.23,0.23
3346,557,../environments/random.12.csv,dist_only_social_any,1,-1,1,1,1,0,1,1,4075238685,1347984585,500,False,12,12,12,0.0,35.0,0.22,0.22,0.22
3347,557,../environments/random.12.csv,dist_only_social_any,1,-1,1,1,1,0,1,1,4075238685,1347984585,599,False,12,12,12,0.0,42.0,0.21368948247078465,0.21368948247078465,0.21368948247078465
3348,558,../environments/random.12.csv,dist_only_social_any,1,-1,1,1,1,0,1,1,4075238685,884777651,100,False,0,0,0,0.0,7.0,0.22,0.22,0.22
3349,558,../environments/random.12.csv,dist_only_social_any,1,-1,1,1,1,0,1,1,4075238685,884777651,200,False,2,2,2,0.0,14.0,0.2,0.2,0.2
3350,558,../environments/random.12.csv,dist_only_social_any,1,-1,1,1,1,0,1,1,4075238685,884777651,300,False,2,2,2,0.0,22.0,0.19333333333333333,0.19333333333333333,0.19333333333333333
3351,558,../environments/random.12.csv,dist_only_social_any,1,-1,1,1,1,0,1,1,4075238685,884777651,400,False,3,3,3,0.0,29.0,0.1975,0.1975,0.1975
3352,558,../environments/random.12.csv,dist_only_social_any,1,-1,1,1,1,0,1,1,4075238685,884777651,500,False,5,5,5,0.0,37.0,0.186,0.186,0.186
3353,558,../environments/random.12.csv,dist_only_social_any,1,-1,1,1,1,0,1,1,4075238685,884777651,599,False,6,6,6,0.0,44.0,0.17863105175292154,0.17863105175292154,0.17863105175292154
3354,559,../environments/random.12.csv,dist_only_social_any,1,-1,1,1,1,0,1,1,4075238685,2299003041,100,False,1,1,1,0.0,7.0,0.17,0.17,0.17
3355,559,../environments/random.12.csv,dist_only_social_any,1,-1,1,1,1,0,1,1,4075238685,2299003041,200,False,1,1,1,0.0,14.0,0.185,0.185,0.185
3356,559,../environments/random.12.csv,dist_only_social_any,1,-1,1,1,1,0,1,1,4075238685,2299003041,300,False,3,3,3,0.0,22.0,0.18333333333333332,0.18333333333333332,0.18333333333333332
3357,559,../environments/random.12.csv,dist_only_social_any,1,-1,1,1,1,0,1,1,4075238685,2299003041,400,False,4,4,4,0.0,29.0,0.1925,0.1925,0.1925
3358,559,../environments/random.12.csv,dist_only_social_any,1,-1,1,1,1,0,1,1,4075238685,2299003041,500,False,6,6,6,0.0,37.0,0.186,0.186,0.186
3359,559,../environments/random.12.csv,dist_only_social_any,1,-1,1,1,1,0,1,1,4075238685,2299003041,599,False,9,9,9,0.0,44.0,0.18697829716193656,0.18697829716193656,0.18697829716193656
3360,560,../environments/random.12.csv,dist_only_social_any,1,-1,1,1,1,0,1,1,1315049272,3334515826,100,False,1,1,1,0.0,7.0,0.2,0.2,0.2
3361,560,../environments/random.12.csv,dist_only_social_any,1,-1,1,1,1,0,1,1,1315049272,3334515826,200,False,5,5,5,0.0,14.0,0.185,0.185,0.185
3362,560,../environments/random.12.csv,dist_only_social_any,1,-1,1,1,1,0,1,1,1315049272,3334515826,300,False,6,6,6,0.0,22.0,0.19,0.19,0.19
3363,560,../environments/random.12.csv,dist_only_social_any,1,-1,1,1,1,0,1,1,1315049272,3334515826,400,False,7,7,7,0.0,29.0,0.1975,0.1975,0.1975
3364,560,../environments/random.12.csv,dist_only_social_any,1,-1,1,1,1,0,1,1,1315049272,3334515826,500,False,7,7,7,0.0,36.0,0.204,0.204,0.204
3365,560,../environments/random.12.csv,dist_only_social_any,1,-1,1,1,1,0,1,1,1315049272,3334515826,599,False,10,10,10,0.0,43.0,0.21202003338898165,0.21202003338898165,0.21202003338898165
3366,561,../environments/random.12.csv,dist_only_social_any,1,-1,1,1,1,0,1,1,1315049272,262994761,100,False,0,0,0,0.0,7.0,0.16,0.16,0.16
3367,561,../environments/random.12.csv,dist_only_social_any,1,-1,1,1,1,0,1,1,1315049272,262994761,200,False,0,0,0,0.0,15.0,0.18,0.18,0.18
3368,561,../environments/random.12.csv,dist_only_social_any,1,-1,1,1,1,0,1,1,1315049272,262994761,300,False,2,2,2,0.0,22.0,0.18,0.18,0.18
3369,561,../environments/random.12.csv,dist_only_social_any,1,-1,1,1,1,0,1,1,1315049272,262994761,400,False,5,5,5,0.0,29.0,0.18,0.18,0.18
3370,561,../environments/random.12.csv,dist_only_social_any,1,-1,1,1,1,0,1,1,1315049272,262994761,500,False,6,6,6,0.0,37.0,0.174,0.174,0.174
3371,561,../environments/random.12.csv,dist_only_social_any,1,-1,1,1,1,0,1,1,1315049272,262994761,599,False,8,8,8,0.0,45.0,0.17529215358931552,0.17529215358931552,0.17529215358931552
3372,562,../environments/random.12.csv,dist_only_social_any,1,-1,1,1,1,0,1,1,1315049272,3602806192,100,False,1,1,1,0.0,7.0,0.17,0.17,0.17
3373,562,../environments/random.12.csv,dist_only_social_any,1,-1,1,1,1,0,1,1,1315049272,3602806192,200,False,3,3,3,0.0,14.0,0.185,0.185,0.185
3374,562,../environments/random.12.csv,dist_only_social_any,1,-1,1,1,1,0,1,1,1315049272,3602806192,300,False,4,4,4,0.0,22.0,0.19666666666666666,0.19666666666666666,0.19666666666666666
3375,562,../environments/random.12.csv,dist_only_social_any,1,-1,1,1,1,0,1,1,1315049272,3602806192,400,False,8,8,8,0.0,29.0,0.1925,0.1925,0.1925
3376,562,../environments/random.12.csv,dist_only_social_any,1,-1,1,1,1,0,1,1,1315049272,3602806192,500,False,11,11,11,0.0,37.0,0.188,0.188,0.188
3377,562,../environments/random.12.csv,dist_only_social_any,1,-1,1,1,1,0,1,1,1315049272,3602806192,599,False,13,13,13,0.0,44.0,0.17696160267111852,0.17696160267111852,0.17696160267111852
3378,563,../environments/random.12.csv,dist_only_social_any,1,-1,1,1,1,0,1,1,1315049272,3437971635,100,False,3,3,3,0.0,7.0,0.17,0.17,0.17
3379,563,../environments/random.12.csv,dist_only_social_any,1,-1,1,1,1,0,1,1,1315049272,3437971635,200,False,6,6,6,0.0,15.0,0.18,0.18,0.18
3380,563,../environments/random.12.csv,dist_only_social_any,1,-1,1,1,1,0,1,1,1315049272,3437971635,300,False,9,9,9,0.0,22.0,0.17666666666666667,0.17666666666666667,0.17666666666666667
3381,563,../environments/random.12.csv,dist_only_social_any,1,-1,1,1,1,0,1,1,1315049272,3437971635,400,False,12,12,12,0.0,30.0,0.1775,0.1775,0.1775
3382,563,../environments/random.12.csv,dist_only_social_any,1,-1,1,1,1,0,1,1,1315049272,3437971635,500,False,15,15,15,0.0,37.0,0.174,0.174,0.174
3383,563,../environments/random.12.csv,dist_only_social_any,1,-1,1,1,1,0,1,1,1315049272,3437971635,599,False,15,15,15,0.0,45.0,0.17028380634390652,0.17028380634390652,0.17028380634390652
3384,564,../environments/random.12.csv,dist_only_social_any,1,-1,1,1,1,0,1,1,1315049272,4010425793,100,False,1,1,1,0.0,7.0,0.15,0.15,0.15
3385,564,../environments/random.12.csv,dist_only_social_any,1,-1,1,1,1,0,1,1,1315049272,4010425793,200,False,4,4,4,0.0,15.0,0.17,0.17,0.17
3386,564,../environments/random.12.csv,dist_only_social_any,1,-1,1,1,1,0,1,1,1315049272,4010425793,300,False,4,4,4,0.0,22.0,0.19666666666666666,0.19666666666666666,0.19666666666666666
3387,564,../environments/random.12.csv,dist_only_social_any,1,-1,1,1,1,0,1,1,1315049272,4010425793,400,False,6,6,6,0.0,29.0,0.185,0.185,0.185
3388,564,../environments/random.12.csv,dist_only_social_any,1,-1,1,1,1,0,1,1,1315049272,4010425793,500,False,8,8,8,0.0,36.0,0.192,0.192,0.192
3389,564,../environments/random.12.csv,dist_only_social_any,1,-1,1,1,1,0,1,1,1315049272,4010425793,599,False,10,10,10,0.0,43.0,0.19699499165275458,0.19699499165275458,0.19699499165275458
3390,565,../environments/random.12.csv,dist_only_social_any,1,-1,1,1,1,0,1,1,1315049272,2734561081,100,False,1,1,1,0.0,7.0,0.21,0.21,0.21
3391,565,../environments/random.12.csv,dist_only_social_any,1,-1,1,1,1,0,1,1,1315049272,2734561081,200,False,3,3,3,0.0,14.0,0.195,0.195,0.195
3392,565,../environments/random.12.csv,dist_only_social_any,1,-1,1,1,1,0,1,1,1315049272,2734561081,300,False,4,4,4,0.0,22.0,0.19666666666666666,0.19666666666666666,0.19666666666666666
3393,565,../environments/random.12.csv,dist_only_social_any,1,-1,1,1,1,0,1,1,1315049272,2734561081,400,False,9,9,9,0.0,29.0,0.1925,0.1925,0.1925
3394,565,../environments/random.12.csv,dist_only_social_any,1,-1,1,1,1,0,1,1,1315049272,2734561081,500,False,12,12,12,0.0,37.0,0.182,0.182,0.182
3395,565,../environments/random.12.csv,dist_only_social_any,1,-1,1,1,1,0,1,1,1315049272,2734561081,599,False,15,15,15,0.0,44.0,0.17696160267111852,0.17696160267111852,0.17696160267111852
3396,566,../environments/random.12.csv,dist_only_social_any,1,-1,1,1,1,0,1,1,1315049272,1253946826,100,False,1,1,1,0.0,7.0,0.14,0.14,0.14
3397,566,../environments/random.12.csv,dist_only_social_any,1,-1,1,1,1,0,1,1,1315049272,1253946826,200,False,2,2,2,0.0,14.0,0.22,0.22,0.22
3398,566,../environments/random.12.csv,dist_only_social_any,1,-1,1,1,1,0,1,1,1315049272,1253946826,300,False,3,3,3,0.0,21.0,0.22,0.22,0.22
3399,566,../environments/random.12.csv,dist_only_social_any,1,-1,1,1,1,0,1,1,1315049272,1253946826,400,False,4,4,4,0.0,29.0,0.205,0.205,0.205
3400,566,../environments/random.12.csv,dist_only_social_any,1,-1,1,1,1,0,1,1,1315049272,1253946826,500,False,5,5,5,0.0,36.0,0.208,0.208,0.208
3401,566,../environments/random.12.csv,dist_only_social_any,1,-1,1,1,1,0,1,1,1315049272,1253946826,599,False,6,6,6,0.0,43.0,0.2036727879799666,0.2036727879799666,0.2036727879799666
3402,567,../environments/random.12.csv,dist_only_social_any,1,-1,1,1,1,0,1,1,1315049272,1347984585,100,False,2,2,2,0.0,7.0,0.22,0.22,0.22
3403,567,../environments/random.12.csv,dist_only_social_any,1,-1,1,1,1,0,1,1,1315049272,1347984585,200,False,4,4,4,0.0,14.0,0.23,0.23,0.23
3404,567,../environments/random.12.csv,dist_only_social_any,1,-1,1,1,1,0,1,1,1315049272,1347984585,300,False,7,7,7,0.0,21.0,0.22666666666666666,0.22666666666666666,0.22666666666666666
3405,567,../environments/random.12.csv,dist_only_social_any,1,-1,1,1,1,0,1,1,1315049272,1347984585,400,False,8,8,8,0.0,28.0,0.225,0.225,0.225
3406,567,../environments/random.12.csv,dist_only_social_any,1,-1,1,1,1,0,1,1,1315049272,1347984585,500,False,11,11,11,0.0,35.0,0.222,0.222,0.222
3407,567,../environments/random.12.csv,dist_only_social_any,1,-1,1,1,1,0,1,1,1315049272,1347984585,599,False,12,12,12,0.0,42.0,0.21535893155258765,0.21535893155258765,0.21535893155258765
3408,568,../environments/random.12.csv,dist_only_social_any,1,-1,1,1,1,0,1,1,1315049272,884777651,100,False,2,2,2,0.0,7.0,0.21,0.21,0.21
3409,568,../environments/random.12.csv,dist_only_social_any,1,-1,1,1,1,0,1,1,1315049272,884777651,200,False,5,5,5,0.0,15.0,0.18,0.18,0.18
3410,568,../environments/random.12.csv,dist_only_social_any,1,-1,1,1,1,0,1,1,1315049272,884777651,300,False,9,9,9,0.0,22.0,0.18666666666666668,0.18666666666666668,0.18666666666666668
3411,568,../environments/random.12.csv,dist_only_social_any,1,-1,1,1,1,0,1,1,1315049272,884777651,400,False,11,11,11,0.0,29.0,0.1925,0.1925,0.1925
3412,568,../environments/random.12.csv,dist_only_social_any,1,-1,1,1,1,0,1,1,1315049272,884777651,500,False,17,17,17,0.0,36.0,0.19,0.19,0.19
3413,568,../environments/random.12.csv,dist_only_social_any,1,-1,1,1,1,0,1,1,1315049272,884777651,599,False,18,18,18,0.0,44.0,0.18697829716193656,0.18697829716193656,0.18697829716193656
3414,569,../environments/random.12.csv,dist_only_social_any,1,-1,1,1,1,0,1,1,1315049272,2299003041,100,False,2,2,2,0.0,7.0,0.19,0.19,0.19
3415,569,../environments/random.12.csv,dist_only_social_any,1,-1,1,1,1,0,1,1,1315049272,2299003041,200,False,3,3,3,0.0,15.0,0.18,0.18,0.18
3416,569,../environments/random.12.csv,dist_only_social_any,1,-1,1,1,1,0,1,1,1315049272,2299003041,300,False,4,4,4,0.0,21.0,0.2,0.2,0.2
3417,569,../environments/random.12.csv,dist_only_social_any,1,-1,1,1,1,0,1,1,1315049272,2299003041,400,False,6,6,6,0.0,29.0,0.1975,0.1975,0.1975
3418,569,../environments/random.12.csv,dist_only_social_any,1,-1,1,1,1,0,1,1,1315049272,2299003041,500,False,7,7,7,0.0,36.0,0.196,0.196,0.196
3419,569,../environments/random.12.csv,dist_only_social_any,1,-1,1,1,1,0,1,1,1315049272,2299003041,599,False,9,9,9,0.0,43.0,0.2003338898163606,0.2003338898163606,0.2003338898163606
3420,570,../environments/random.12.csv,dist_only_social_any,1,-1,1,1,1,0,1,1,664961228,3334515826,100,False,0,0,0,0.0,7.0,0.17,0.17,0.17
3421,570,../environments/random.12.csv,dist_only_social_any,1,-1,1,1,1,0,1,1,664961228,3334515826,200,False,2,2,2,0.0,15.0,0.175,0.175,0.175
3422,570,../environments/random.12.csv,dist_only_social_any,1,-1,1,1,1,0,1,1,664961228,3334515826,300,False,3,3,3,0.0,22.0,0.18,0.18,0.18
3423,570,../environments/random.12.csv,dist_only_social_any,1,-1,1,1,1,0,1,1,664961228,3334515826,400,False,5,5,5,0.0,30.0,0.1775,0.1775,0.1775
3424,570,../environments/random.12.csv,dist_only_social_any,1,-1,1,1,1,0,1,1,664961228,3334515826,500,False,6,6,6,0.0,37.0,0.186,0.186,0.186
3425,570,../environments/random.12.csv,dist_only_social_any,1,-1,1,1,1,0,1,1,664961228,3334515826,599,False,6,6,6,0.0,44.0,0.19365609348914858,0.19365609348914858,0.19365609348914858
3426,571,../environments/random.12.csv,dist_only_social_any,1,-1,1,1,1,0,1,1,664961228,262994761,100,False,2,2,2,0.0,7.0,0.15,0.15,0.15
3427,571,../environments/random.12.csv,dist_only_social_any,1,-1,1,1,1,0,1,1,664961228,262994761,200,False,5,5,5,0.0,15.0,0.18,0.18,0.18
3428,571,../environments/random.12.csv,dist_only_social_any,1,-1,1,1,1,0,1,1,664961228,262994761,300,False,8,8,8,0.0,22.0,0.17333333333333334,0.17333333333333334,0.17333333333333334
3429,571,../environments/random.12.csv,dist_only_social_any,1,-1,1,1,1,0,1,1,664961228,262994761,400,False,9,9,9,0.0,30.0,0.1775,0.1775,0.1775
3430,571,../environments/random.12.csv,dist_only_social_any,1,-1,1,1,1,0,1,1,664961228,262994761,500,False,9,9,9,0.0,37.0,0.176,0.176,0.176
3431,571,../environments/random.12.csv,dist_only_social_any,1,-1,1,1,1,0,1,1,664961228,262994761,599,False,11,11,11,0.0,45.0,0.17529215358931552,0.17529215358931552,0.17529215358931552
3432,572,../environments/random.12.csv,dist_only_social_any,1,-1,1,1,1,0,1,1,664961228,3602806192,100,False,2,2,2,0.0,7.0,0.15,0.15,0.15
3433,572,../environments/random.12.csv,dist_only_social_any,1,-1,1,1,1,0,1,1,664961228,3602806192,200,False,2,2,2,0.0,14.0,0.185,0.185,0.185
3434,572,../environments/random.12.csv,dist_only_social_any,1,-1,1,1,1,0,1,1,664961228,3602806192,300,False,5,5,5,0.0,22.0,0.18666666666666668,0.18666666666666668,0.18666666666666668
3435,572,../environments/random.12.csv,dist_only_social_any,1,-1,1,1,1,0,1,1,664961228,3602806192,400,False,5,5,5,0.0,29.0,0.1825,0.1825,0.1825
3436,572,../environments/random.12.csv,dist_only_social_any,1,-1,1,1,1,0,1,1,664961228,3602806192,500,False,6,6,6,0.0,37.0,0.186,0.186,0.186
3437,572,../environments/random.12.csv,dist_only_social_any,1,-1,1,1,1,0,1,1,664961228,3602806192,599,False,8,8,8,0.0,44.0,0.19031719532554256,0.19031719532554256,0.19031719532554256
3438,573,../environments/random.12.csv,dist_only_social_any,1,-1,1,1,1,0,1,1,664961228,3437971635,100,False,1,1,1,0.0,7.0,0.18,0.18,0.18
3439,573,../environments/random.12.csv,dist_only_social_any,1,-1,1,1,1,0,1,1,664961228,3437971635,200,False,4,4,4,0.0,14.0,0.195,0.195,0.195
3440,573,../environments/random.12.csv,dist_only_social_any,1,-1,1,1,1,0,1,1,664961228,3437971635,300,False,7,7,7,0.0,22.0,0.19666666666666666,0.19666666666666666,0.19666666666666666
3441,573,../environments/random.12.csv,dist_only_social_any,1,-1,1,1,1,0,1,1,664961228,3437971635,400,False,8,8,8,0.0,30.0,0.1775,0.1775,0.1775
3442,573,../environments/random.12.csv,dist_only_social_any,1,-1,1,1,1,0,1,1,664961228,3437971635,500,False,10,10,10,0.0,37.0,0.18,0.18,0.18
3443,573,../environments/random.12.csv,dist_only_social_any,1,-1,1,1,1,0,1,1,664961228,3437971635,599,False,11,11,11,0.0,45.0,0.17529215358931552,0.17529215358931552,0.17529215358931552
3444,574,../environments/random.12.csv,dist_only_social_any,1,-1,1,1,1,0,1,1,664961228,4010425793,100,False,3,3,3,0.0,7.0,0.17,0.17,0.17
3445,574,../environments/random.12.csv,dist_only_social_any,1,-1,1,1,1,0,1,1,664961228,4010425793,200,False,7,7,7,0.0,15.0,0.17,0.17,0.17
3446,574,../environments/random.12.csv,dist_only_social_any,1,-1,1,1,1,0,1,1,664961228,4010425793,300,False,8,8,8,0.0,22.0,0.19666666666666666,0.19666666666666666,0.19666666666666666
3447,574,../environments/random.12.csv,dist_only_social_any,1,-1,1,1,1,0,1,1,664961228,4010425793,400,False,10,10,10,0.0,29.0,0.1975,0.1975,0.1975
3448,574,../environments/random.12.csv,dist_only_social_any,1,-1,1,1,1,0,1,1,664961228,4010425793,500,False,12,12,12,0.0,36.0,0.208,0.208,0.208
3449,574,../environments/random.12.csv,dist_only_social_any,1,-1,1,1,1,0,1,1,664961228,4010425793,599,False,14,14,14,0.0,43.0,0.20534223706176963,0.20534223706176963,0.20534223706176963
3450,575,../environments/random.12.csv,dist_only_social_any,1,-1,1,1,1,0,1,1,664961228,2734561081,100,False,0,0,0,0.0,7.0,0.21,0.21,0.21
3451,575,../environments/random.12.csv,dist_only_social_any,1,-1,1,1,1,0,1,1,664961228,2734561081,200,False,5,5,5,0.0,14.0,0.19,0.19,0.19
3452,575,../environments/random.12.csv,dist_only_social_any,1,-1,1,1,1,0,1,1,664961228,2734561081,300,False,7,7,7,0.0,22.0,0.19,0.19,0.19
3453,575,../environments/random.12.csv,dist_only_social_any,1,-1,1,1,1,0,1,1,664961228,2734561081,400,False,9,9,9,0.0,29.0,0.2025,0.2025,0.2025
3454,575,../environments/random.12.csv,dist_only_social_any,1,-1,1,1,1,0,1,1,664961228,2734561081,500,False,10,10,10,0.0,37.0,0.188,0.188,0.188
3455,575,../environments/random.12.csv,dist_only_social_any,1,-1,1,1,1,0,1,1,664961228,2734561081,599,False,12,12,12,0.0,44.0,0.18864774624373956,0.18864774624373956,0.18864774624373956
3456,576,../environments/random.12.csv,dist_only_social_any,1,-1,1,1,1,0,1,1,664961228,1253946826,100,False,1,1,1,0.0,7.0,0.15,0.15,0.15
3457,576,../environments/random.12.csv,dist_only_social_any,1,-1,1,1,1,0,1,1,664961228,1253946826,200,False,3,3,3,0.0,14.0,0.22,0.22,0.22
3458,576,../environments/random.12.csv,dist_only_social_any,1,-1,1,1,1,0,1,1,664961228,1253946826,300,False,5,5,5,0.0,21.0,0.2,0.2,0.2
3459,576,../environments/random.12.csv,dist_only_social_any,1,-1,1,1,1,0,1,1,664961228,1253946826,400,False,7,7,7,0.0,29.0,0.1825,0.1825,0.1825
3460,576,../environments/random.12.csv,dist_only_social_any,1,-1,1,1,1,0,1,1,664961228,1253946826,500,False,7,7,7,0.0,37.0,0.188,0.188,0.188
3461,576,../environments/random.12.csv,dist_only_social_any,1,-1,1,1,1,0,1,1,664961228,1253946826,599,False,10,10,10,0.0,44.0,0.19031719532554256,0.19031719532554256,0.19031719532554256
3462,577,../environments/random.12.csv,dist_only_social_any,1,-1,1,1,1,0,1,1,664961228,1347984585,100,False,3,3,3,0.0,7.0,0.23,0.23,0.23
3463,577,../environments/random.12.csv,dist_only_social_any,1,-1,1,1,1,0,1,1,664961228,1347984585,200,False,7,7,7,0.0,14.0,0.235,0.235,0.235
3464,577,../environments/random.12.csv,dist_only_social_any,1,-1,1,1,1,0,1,1,664961228,1347984585,300,False,12,12,12,0.0,21.0,0.23333333333333334,0.23333333333333334,0.23333333333333334
3465,577,../environments/random.12.csv,dist_only_social_any,1,-1,1,1,1,0,1,1,664961228,1347984585,400,False,12,12,12,0.0,28.0,0.225,0.225,0.225
3466,577,../environments/random.12.csv,dist_only_social_any,1,-1,1,1,1,0,1,1,664961228,1347984585,500,False,13,13,13,0.0,35.0,0.22,0.22,0.22
3467,577,../environments/random.12.csv,dist_only_social_any,1,-1,1,1,1,0,1,1,664961228,1347984585,599,False,16,16,16,0.0,43.0,0.21202003338898165,0.21202003338898165,0.21202003338898165
3468,578,../environments/random.12.csv,dist_only_social_any,1,-1,1,1,1,0,1,1,664961228,884777651,100,False,1,1,1,0.0,7.0,0.23,0.23,0.23
3469,578,../environments/random.12.csv,dist_only_social_any,1,-1,1,1,1,0,1,1,664961228,884777651,200,False,4,4,4,0.0,14.0,0.215,0.215,0.215
3470,578,../environments/random.12.csv,dist_only_social_any,1,-1,1,1,1,0,1,1,664961228,884777651,300,False,6,6,6,0.0,22.0,0.19666666666666666,0.19666666666666666,0.19666666666666666
3471,578,../environments/random.12.csv,dist_only_social_any,1,-1,1,1,1,0,1,1,664961228,884777651,400,False,10,10,10,0.0,29.0,0.195,0.195,0.195
3472,578,../environments/random.12.csv,dist_only_social_any,1,-1,1,1,1,0,1,1,664961228,884777651,500,False,12,12,12,0.0,37.0,0.184,0.184,0.184
3473,578,../environments/random.12.csv,dist_only_social_any,1,-1,1,1,1,0,1,1,664961228,884777651,599,False,15,15,15,0.0,44.0,0.17863105175292154,0.17863105175292154,0.17863105175292154
3474,579,../environments/random.12.csv,dist_only_social_any,1,-1,1,1,1,0,1,1,664961228,2299003041,100,False,0,0,0,0.0,7.0,0.19,0.19,0.19
3475,579,../environments/random.12.csv,dist_only_social_any,1,-1,1,1,1,0,1,1,664961228,2299003041,200,False,3,3,3,0.0,15.0,0.18,0.18,0.18
3476,579,../environments/random.12.csv,dist_only_social_any,1,-1,1,1,1,0,1,1,664961228,2299003041,300,False,4,4,4,0.0,21.0,0.20666666666666667,0.20666666666666667,0.20666666666666667
3477,579,../environments/random.12.csv,dist_only_social_any,1,-1,1,1,1,0,1,1,664961228,2299003041,400,False,7,7,7,0.0,29.0,0.205,0.205,0.205
3478,579,../environments/random.12.csv,dist_only_social_any,1,-1,1,1,1,0,1,1,664961228,2299003041,500,False,10,10,10,0.0,37.0,0.188,0.188,0.188
3479,579,../environments/random.12.csv,dist_only_social_any,1,-1,1,1,1,0,1,1,664961228,2299003041,599,False,12,12,12,0.0,44.0,0.18530884808013356,0.18530884808013356,0.18530884808013356
3480,580,../environments/random.12.csv,dist_only_social_any,1,-1,1,1,1,0,1,1,1177807013,3334515826,100,False,2,2,2,0.0,7.0,0.18,0.18,0.18
3481,580,../environments/random.12.csv,dist_only_social_any,1,-1,1,1,1,0,1,1,1177807013,3334515826,200,False,3,3,3,0.0,15.0,0.18,0.18,0.18
3482,580,../environments/random.12.csv,dist_only_social_any,1,-1,1,1,1,0,1,1,1177807013,3334515826,300,False,4,4,4,0.0,21.0,0.2,0.2,0.2
3483,580,../environments/random.12.csv,dist_only_social_any,1,-1,1,1,1,0,1,1,1177807013,3334515826,400,False,6,6,6,0.0,29.0,0.1875,0.1875,0.1875
3484,580,../environments/random.12.csv,dist_only_social_any,1,-1,1,1,1,0,1,1,1177807013,3334515826,500,False,7,7,7,0.0,36.0,0.198,0.198,0.198
3485,580,../environments/random.12.csv,dist_only_social_any,1,-1,1,1,1,0,1,1,1177807013,3334515826,599,False,8,8,8,0.0,43.0,0.21035058430717862,0.21035058430717862,0.21035058430717862
3486,581,../environments/random.12.csv,dist_only_social_any,1,-1,1,1,1,0,1,1,1177807013,262994761,100,False,3,3,3,0.0,7.0,0.16,0.16,0.16
3487,581,../environments/random.12.csv,dist_only_social_any,1,-1,1,1,1,0,1,1,1177807013,262994761,200,False,4,4,4,0.0,15.0,0.175,0.175,0.175
3488,581,../environments/random.12.csv,dist_only_social_any,1,-1,1,1,1,0,1,1,1177807013,262994761,300,False,6,6,6,0.0,22.0,0.18,0.18,0.18
3489,581,../environments/random.12.csv,dist_only_social_any,1,-1,1,1,1,0,1,1,1177807013,262994761,400,False,9,9,9,0.0,29.0,0.1825,0.1825,0.1825
3490,581,../environments/random.12.csv,dist_only_social_any,1,-1,1,1,1,0,1,1,1177807013,262994761,500,False,10,10,10,0.0,36.0,0.196,0.196,0.196
3491,581,../environments/random.12.csv,dist_only_social_any,1,-1,1,1,1,0,1,1,1177807013,262994761,599,False,10,10,10,0.0,44.0,0.19365609348914858,0.19365609348914858,0.19365609348914858
3492,582,../environments/random.12.csv,dist_only_social_any,1,-1,1,1,1,0,1,1,1177807013,3602806192,100,False,2,2,2,0.0,7.0,0.22,0.22,0.22
3493,582,../environments/random.12.csv,dist_only_social_any,1,-1,1,1,1,0,1,1,1177807013,3602806192,200,False,4,4,4,0.0,14.0,0.235,0.235,0.235
3494,582,../environments/random.12.csv,dist_only_social_any,1,-1,1,1,1,0,1,1,1177807013,3602806192,300,False,6,6,6,0.0,21.0,0.23,0.23,0.23
3495,582,../environments/random.12.csv,dist_only_social_any,1,-1,1,1,1,0,1,1,1177807013,3602806192,400,False,8,8,8,0.0,28.0,0.225,0.225,0.225
3496,582,../environments/random.12.csv,dist_only_social_any,1,-1,1,1,1,0,1,1,1177807013,3602806192,500,False,8,8,8,0.0,36.0,0.21,0.21,0.21
3497,582,../environments/random.12.csv,dist_only_social_any,1,-1,1,1,1,0,1,1,1177807013,3602806192,599,False,10,10,10,0.0,42.0,0.21869782971619364,0.21869782971619364,0.21869782971619364
3498,583,../environments/random.12.csv,dist_only_social_any,1,-1,1,1,1,0,1,1,1177807013,3437971635,100,False,2,2,2,0.0,7.0,0.2,0.2,0.2
3499,583,../environments/random.12.csv,dist_only_social_any,1,-1,1,1,1,0,1,1,1177807013,3437971635,200,False,3,3,3,0.0,14.0,0.195,0.195,0.195
3500,583,../environments/random.12.csv,dist_only_social_any,1,-1,1,1,1,0,1,1,1177807013,3437971635,300,False,4,4,4,0.0,22.0,0.18333333333333332,0.18333333333333332,0.18333333333333332
3501,583,../environments/random.12.csv,dist_only_social_any,1,-1,1,1,1,0,1,1,1177807013,3437971635,400,False,6,6,6,0.0,29.0,0.18,0.18,0.18
3502,583,../environments/random.12.csv,dist_only_social_any,1,-1,1,1,1,0,1,1,1177807013,3437971635,500,False,10,10,10,0.0,38.0,0.166,0.166,0.166
3503,583,../environments/random.12.csv,dist_only_social_any,1,-1,1,1,1,0,1,1,1177807013,3437971635,599,False,11,11,11,0.0,45.0,0.17195325542570952,0.17195325542570952,0.17195325542570952
3504,584,../environments/random.12.csv,dist_only_social_any,1,-1,1,1,1,0,1,1,1177807013,4010425793,100,False,6,6,6,0.0,8.0,0.13,0.13,0.13
3505,584,../environments/random.12.csv,dist_only_social_any,1,-1,1,1,1,0,1,1,1177807013,4010425793,200,False,8,8,8,0.0,15.0,0.165,0.165,0.165
3506,584,../environments/random.12.csv,dist_only_social_any,1,-1,1,1,1,0,1,1,1177807013,4010425793,300,False,9,9,9,0.0,22.0,0.17333333333333334,0.17333333333333334,0.17333333333333334
3507,584,../environments/random.12.csv,dist_only_social_any,1,-1,1,1,1,0,1,1,1177807013,4010425793,400,False,10,10,10,0.0,30.0,0.1775,0.1775,0.1775
3508,584,../environments/random.12.csv,dist_only_social_any,1,-1,1,1,1,0,1,1,1177807013,4010425793,500,False,12,12,12,0.0,37.0,0.18,0.18,0.18
3509,584,../environments/random.12.csv,dist_only_social_any,1,-1,1,1,1,0,1,1,1177807013,4010425793,599,False,15,15,15,0.0,45.0,0.17529215358931552,0.17529215358931552,0.17529215358931552
3510,585,../environments/random.12.csv,dist_only_social_any,1,-1,1,1,1,0,1,1,1177807013,2734561081,100,False,2,2,2,0.0,7.0,0.24,0.24,0.24
3511,585,../environments/random.12.csv,dist_only_social_any,1,-1,1,1,1,0,1,1,1177807013,2734561081,200,False,5,5,5,0.0,14.0,0.205,0.205,0.205
3512,585,../environments/random.12.csv,dist_only_social_any,1,-1,1,1,1,0,1,1,1177807013,2734561081,300,False,8,8,8,0.0,22.0,0.19666666666666666,0.19666666666666666,0.19666666666666666
3513,585,../environments/random.12.csv,dist_only_social_any,1,-1,1,1,1,0,1,1,1177807013,2734561081,400,False,10,10,10,0.0,29.0,0.205,0.205,0.205
3514,585,../environments/random.12.csv,dist_only_social_any,1,-1,1,1,1,0,1,1,1177807013,2734561081,500,False,12,12,12,0.0,35.0,0.218,0.218,0.218
3515,585,../environments/random.12.csv,dist_only_social_any,1,-1,1,1,1,0,1,1,1177807013,2734561081,599,False,14,14,14,0.0,43.0,0.20701168614357263,0.20701168614357263,0.20701168614357263
3516,586,../environments/random.12.csv,dist_only_social_any,1,-1,1,1,1,0,1,1,1177807013,1253946826,100,False,1,1,1,0.0,7.0,0.2,0.2,0.2
3517,586,../environments/random.12.csv,dist_only_social_any,1,-1,1,1,1,0,1,1,1177807013,1253946826,200,False,5,5,5,0.0,14.0,0.195,0.195,0.195
3518,586,../environments/random.12.csv,dist_only_social_any,1,-1,1,1,1,0,1,1,1177807013,1253946826,300,False,7,7,7,0.0,22.0,0.18666666666666668,0.18666666666666668,0.18666666666666668
3519,586,../environments/random.12.csv,dist_only_social_any,1,-1,1,1,1,0,1,1,1177807013,1253946826,400,False,8,8,8,0.0,29.0,0.18,0.18,0.18
3520,586,../environments/random.12.csv,dist_only_social_any,1,-1,1,1,1,0,1,1,1177807013,1253946826,500,False,10,10,10,0.0,37.0,0.188,0.188,0.188
3521,586,../environments/random.12.csv,dist_only_social_any,1,-1,1,1,1,0,1,1,1177807013,1253946826,599,False,13,13,13,0.0,44.0,0.17863105175292154,0.17863105175292154,0.17863105175292154
3522,587,../environments/random.12.csv,dist_only_social_any,1,-1,1,1,1,0,1,1,1177807013,1347984585,100,False,2,2,2,0.0,7.0,0.24,0.24,0.24
3523,587,../environments/random.12.csv,dist_only_social_any,1,-1,1,1,1,0,1,1,1177807013,1347984585,200,False,3,3,3,0.0,15.0,0.18,0.18,0.18
3524,587,../environments/random.12.csv,dist_only_social_any,1,-1,1,1,1,0,1,1,1177807013,1347984585,300,False,6,6,6,0.0,22.0,0.19666666666666666,0.19666666666666666,0.19666666666666666
3525,587,../environments/random.12.csv,dist_only_social_any,1,-1,1,1,1,0,1,1,1177807013,1347984585,400,False,9,9,9,0.0,29.0,0.205,0.205,0.205
3526,587,../environments/random.12.csv,dist_only_social_any,1,-1,1,1,1,0,1,1,1177807013,1347984585,500,False,11,11,11,0.0,36.0,0.21,0.21,0.21
3527,587,../environments/random.12.csv,dist_only_social_any,1,-1,1,1,1,0,1,1,1177807013,1347984585,599,False,12,12,12,0.0,43.0,0.21202003338898165,0.21202003338898165,0.21202003338898165
3528,588,../environments/random.12.csv,dist_only_social_any,1,-1,1,1,1,0,1,1,1177807013,884777651,100,False,2,2,2,0.0,7.0,0.19,0.19,0.19
3529,588,../environments/random.12.csv,dist_only_social_any,1,-1,1,1,1,0,1,1,1177807013,884777651,200,False,7,7,7,0.0,14.0,0.19,0.19,0.19
3530,588,../environments/random.12.csv,dist_only_social_any,1,-1,1,1,1,0,1,1,1177807013,884777651,300,False,9,9,9,0.0,22.0,0.18666666666666668,0.18666666666666668,0.18666666666666668
3531,588,../environments/random.12.csv,dist_only_social_any,1,-1,1,1,1,0,1,1,1177807013,884777651,400,False,11,11,11,0.0,29.0,0.195,0.195,0.195
3532,588,../environments/random.12.csv,dist_only_social_any,1,-1,1,1,1,0,1,1,1177807013,884777651,500,False,12,12,12,0.0,36.0,0.19,0.19,0.19
3533,588,../environments/random.12.csv,dist_only_social_any,1,-1,1,1,1,0,1,1,1177807013,884777651,599,False,13,13,13,0.0,44.0,0.19365609348914858,0.19365609348914858,0.19365609348914858
3534,589,../environments/random.12.csv,dist_only_social_any,1,-1,1,1,1,0,1,1,1177807013,2299003041,100,False,2,2,2,0.0,7.0,0.24,0.24,0.24
3535,589,../environments/random.12.csv,dist_only_social_any,1,-1,1,1,1,0,1,1,1177807013,2299003041,200,False,4,4,4,0.0,14.0,0.195,0.195,0.195
3536,589,../environments/random.12.csv,dist_only_social_any,1,-1,1,1,1,0,1,1,1177807013,2299003041,300,False,4,4,4,0.0,21.0,0.2,0.2,0.2
3537,589,../environments/random.12.csv,dist_only_social_any,1,-1,1,1,1,0,1,1,1177807013,2299003041,400,False,6,6,6,0.0,29.0,0.205,0.205,0.205
3538,589,../environments/random.12.csv,dist_only_social_any,1,-1,1,1,1,0,1,1,1177807013,2299003041,500,False,10,10,10,0.0,36.0,0.204,0.204,0.204
3539,589,../environments/random.12.csv,dist_only_social_any,1,-1,1,1,1,0,1,1,1177807013,2299003041,599,False,11,11,11,0.0,43.0,0.21202003338898165,0.21202003338898165,0.21202003338898165
3540,590,../environments/random.12.csv,dist_only_social_any,1,-1,1,1,1,0,1,1,2622444117,3334515826,100,False,2,2,2,0.0,7.0,0.21,0.21,0.21
3541,590,../environments/random.12.csv,dist_only_social_any,1,-1,1,1,1,0,1,1,2622444117,3334515826,200,False,4,4,4,0.0,14.0,0.21,0.21,0.21
3542,590,../environments/random.12.csv,dist_only_social_any,1,-1,1,1,1,0,1,1,2622444117,3334515826,300,False,6,6,6,0.0,21.0,0.2,0.2,0.2
3543,590,../environments/random.12.csv,dist_only_social_any,1,-1,1,1,1,0,1,1,2622444117,3334515826,400,False,7,7,7,0.0,29.0,0.19,0.19,0.19
3544,590,../environments/random.12.csv,dist_only_social_any,1,-1,1,1,1,0,1,1,2622444117,3334515826,500,False,11,11,11,0.0,36.0,0.202,0.202,0.202
3545,590,../environments/random.12.csv,dist_only_social_any,1,-1,1,1,1,0,1,1,2622444117,3334515826,599,False,13,13,13,0.0,43.0,0.2020033388981636,0.2020033388981636,0.2020033388981636
3546,591,../environments/random.12.csv,dist_only_social_any,1,-1,1,1,1,0,1,1,2622444117,262994761,100,False,1,1,1,0.0,7.0,0.17,0.17,0.17
3547,591,../environments/random.12.csv,dist_only_social_any,1,-1,1,1,1,0,1,1,2622444117,262994761,200,False,5,5,5,0.0,15.0,0.17,0.17,0.17
3548,591,../environments/random.12.csv,dist_only_social_any,1,-1,1,1,1,0,1,1,2622444117,262994761,300,False,7,7,7,0.0,22.0,0.16666666666666666,0.16666666666666666,0.16666666666666666
3549,591,../environments/random.12.csv,dist_only_social_any,1,-1,1,1,1,0,1,1,2622444117,262994761,400,False,10,10,10,0.0,29.0,0.185,0.185,0.185
3550,591,../environments/random.12.csv,dist_only_social_any,1,-1,1,1,1,0,1,1,2622444117,262994761,500,False,12,12,12,0.0,36.0,0.202,0.202,0.202
3551,591,../environments/random.12.csv,dist_only_social_any,1,-1,1,1,1,0,1,1,2622444117,262994761,599,False,13,13,13,0.0,43.0,0.2003338898163606,0.2003338898163606,0.2003338898163606
3552,592,../environments/random.12.csv,dist_only_social_any,1,-1,1,1,1,0,1,1,2622444117,3602806192,100,False,2,2,2,0.0,7.0,0.17,0.17,0.17
3553,592,../environments/random.12.csv,dist_only_social_any,1,-1,1,1,1,0,1,1,2622444117,3602806192,200,False,3,3,3,0.0,14.0,0.185,0.185,0.185
3554,592,../environments/random.12.csv,dist_only_social_any,1,-1,1,1,1,0,1,1,2622444117,3602806192,300,False,4,4,4,0.0,22.0,0.18,0.18,0.18
3555,592,../environments/random.12.csv,dist_only_social_any,1,-1,1,1,1,0,1,1,2622444117,3602806192,400,False,5,5,5,0.0,30.0,0.1775,0.1775,0.1775
3556,592,../environments/random.12.csv,dist_only_social_any,1,-1,1,1,1,0,1,1,2622444117,3602806192,500,False,6,6,6,0.0,37.0,0.176,0.176,0.176
3557,592,../environments/random.12.csv,dist_only_social_any,1,-1,1,1,1,0,1,1,2622444117,3602806192,599,False,8,8,8,0.0,45.0,0.17529215358931552,0.17529215358931552,0.17529215358931552
3558,593,../environments/random.12.csv,dist_only_social_any,1,-1,1,1,1,0,1,1,2622444117,3437971635,100,False,1,1,1,0.0,7.0,0.2,0.2,0.2
3559,593,../environments/random.12.csv,dist_only_social_any,1,-1,1,1,1,0,1,1,2622444117,3437971635,200,False,5,5,5,0.0,14.0,0.21,0.21,0.21
3560,593,../environments/random.12.csv,dist_only_social_any,1,-1,1,1,1,0,1,1,2622444117,3437971635,300,False,6,6,6,0.0,22.0,0.19666666666666666,0.19666666666666666,0.19666666666666666
3561,593,../environments/random.12.csv,dist_only_social_any,1,-1,1,1,1,0,1,1,2622444117,3437971635,400,False,10,10,10,0.0,29.0,0.1925,0.1925,0.1925
3562,593,../environments/random.12.csv,dist_only_social_any,1,-1,1,1,1,0,1,1,2622444117,3437971635,500,False,10,10,10,0.0,37.0,0.188,0.188,0.188
3563,593,../environments/random.12.csv,dist_only_social_any,1,-1,1,1,1,0,1,1,2622444117,3437971635,599,False,11,11,11,0.0,44.0,0.18530884808013356,0.18530884808013356,0.18530884808013356
3564,594,../environments/random.12.csv,dist_only_social_any,1,-1,1,1,1,0,1,1,2622444117,4010425793,100,False,1,1,1,0.0,7.0,0.14,0.14,0.14
3565,594,../environments/random.12.csv,dist_only_social_any,1,-1,1,1,1,0,1,1,2622444117,4010425793,200,False,2,2,2,0.0,15.0,0.175,0.175,0.175
3566,594,../environments/random.12.csv,dist_only_social_any,1,-1,1,1,1,0,1,1,2622444117,4010425793,300,False,5,5,5,0.0,22.0,0.19,0.19,0.19
3567,594,../environments/random.12.csv,dist_only_social_any,1,-1,1,1,1,0,1,1,2622444117,4010425793,400,False,8,8,8,0.0,29.0,0.1875,0.1875,0.1875
3568,594,../environments/random.12.csv,dist_only_social_any,1,-1,1,1,1,0,1,1,2622444117,4010425793,500,False,9,9,9,0.0,36.0,0.192,0.192,0.192
3569,594,../environments/random.12.csv,dist_only_social_any,1,-1,1,1,1,0,1,1,2622444117,4010425793,599,False,9,9,9,0.0,43.0,0.19699499165275458,0.19699499165275458,0.19699499165275458
3570,595,../environments/random.12.csv,dist_only_social_any,1,-1,1,1,1,0,1,1,2622444117,2734561081,100,False,0,0,0,0.0,7.0,0.22,0.22,0.22
3571,595,../environments/random.12.csv,dist_only_social_any,1,-1,1,1,1,0,1,1,2622444117,2734561081,200,False,2,2,2,0.0,15.0,0.18,0.18,0.18
3572,595,../environments/random.12.csv,dist_only_social_any,1,-1,1,1,1,0,1,1,2622444117,2734561081,300,False,4,4,4,0.0,22.0,0.19,0.19,0.19
3573,595,../environments/random.12.csv,dist_only_social_any,1,-1,1,1,1,0,1,1,2622444117,2734561081,400,False,5,5,5,0.0,29.0,0.1925,0.1925,0.1925
3574,595,../environments/random.12.csv,dist_only_social_any,1,-1,1,1,1,0,1,1,2622444117,2734561081,500,False,6,6,6,0.0,37.0,0.188,0.188,0.188
3575,595,../environments/random.12.csv,dist_only_social_any,1,-1,1,1,1,0,1,1,2622444117,2734561081,599,False,9,9,9,0.0,44.0,0.19198664440734559,0.19198664440734559,0.19198664440734559
3576,596,../environments/random.12.csv,dist_only_social_any,1,-1,1,1,1,0,1,1,2622444117,1253946826,100,False,2,2,2,0.0,7.0,0.14,0.14,0.14
3577,596,../environments/random.12.csv,dist_only_social_any,1,-1,1,1,1,0,1,1,2622444117,1253946826,200,False,5,5,5,0.0,14.0,0.195,0.195,0.195
3578,596,../environments/random.12.csv,dist_only_social_any,1,-1,1,1,1,0,1,1,2622444117,1253946826,300,False,8,8,8,0.0,22.0,0.19666666666666666,0.19666666666666666,0.19666666666666666
3579,596,../environments/random.12.csv,dist_only_social_any,1,-1,1,1,1,0,1,1,2622444117,1253946826,400,False,8,8,8,0.0,29.0,0.18,0.18,0.18
3580,596,../environments/random.12.csv,dist_only_social_any,1,-1,1,1,1,0,1,1,2622444117,1253946826,500,False,12,12,12,0.0,37.0,0.184,0.184,0.184
3581,596,../environments/random.12.csv,dist_only_social_any,1,-1,1,1,1,0,1,1,2622444117,1253946826,599,False,14,14,14,0.0,44.0,0.19198664440734559,0.19198664440734559,0.19198664440734559
3582,597,../environments/random.12.csv,dist_only_social_any,1,-1,1,1,1,0,1,1,2622444117,1347984585,100,False,2,2,2,0.0,7.0,0.24,0.24,0.24
3583,597,../environments/random.12.csv,dist_only_social_any,1,-1,1,1,1,0,1,1,2622444117,1347984585,200,False,4,4,4,0.0,14.0,0.205,0.205,0.205
3584,597,../environments/random.12.csv,dist_only_social_any,1,-1,1,1,1,0,1,1,2622444117,1347984585,300,False,5,5,5,0.0,21.0,0.20666666666666667,0.20666666666666667,0.20666666666666667
3585,597,../environments/random.12.csv,dist_only_social_any,1,-1,1,1,1,0,1,1,2622444117,1347984585,400,False,6,6,6,0.0,29.0,0.205,0.205,0.205
3586,597,../environments/random.12.csv,dist_only_social_any,1,-1,1,1,1,0,1,1,2622444117,1347984585,500,False,7,7,7,0.0,36.0,0.204,0.204,0.204
3587,597,../environments/random.12.csv,dist_only_social_any,1,-1,1,1,1,0,1,1,2622444117,1347984585,599,False,9,9,9,0.0,43.0,0.20701168614357263,0.20701168614357263,0.20701168614357263
3588,598,../environments/random.12.csv,dist_only_social_any,1,-1,1,1,1,0,1,1,2622444117,884777651,100,False,1,1,1,0.0,6.0,0.25,0.25,0.25
3589,598,../environments/random.12.csv,dist_only_social_any,1,-1,1,1,1,0,1,1,2622444117,884777651,200,False,5,5,5,0.0,14.0,0.225,0.225,0.225
3590,598,../environments/random.12.csv,dist_only_social_any,1,-1,1,1,1,0,1,1,2622444117,884777651,300,False,9,9,9,0.0,21.0,0.21333333333333335,0.21333333333333335,0.21333333333333335
3591,598,../environments/random.12.csv,dist_only_social_any,1,-1,1,1,1,0,1,1,2622444117,884777651,400,False,11,11,11,0.0,29.0,0.2,0.2,0.2
3592,598,../environments/random.12.csv,dist_only_social_any,1,-1,1,1,1,0,1,1,2622444117,884777651,500,False,11,11,11,0.0,36.0,0.19,0.19,0.19
3593,598,../environments/random.12.csv,dist_only_social_any,1,-1,1,1,1,0,1,1,2622444117,884777651,599,False,15,15,15,0.0,44.0,0.19365609348914858,0.19365609348914858,0.19365609348914858
3594,599,../environments/random.12.csv,dist_only_social_any,1,-1,1,1,1,0,1,1,2622444117,2299003041,100,False,0,0,0,0.0,7.0,0.24,0.24,0.24
3595,599,../environments/random.12.csv,dist_only_social_any,1,-1,1,1,1,0,1,1,2622444117,2299003041,200,False,3,3,3,0.0,15.0,0.18,0.18,0.18
3596,599,../environments/random.12.csv,dist_only_social_any,1,-1,1,1,1,0,1,1,2622444117,2299003041,300,False,6,6,6,0.0,22.0,0.19666666666666666,0.19666666666666666,0.19666666666666666
3597,599,../environments/random.12.csv,dist_only_social_any,1,-1,1,1,1,0,1,1,2622444117,2299003041,400,False,8,8,8,0.0,29.0,0.18,0.18,0.18
3598,599,../environments/random.12.csv,dist_only_social_any,1,-1,1,1,1,0,1,1,2622444117,2299003041,500,False,9,9,9,0.0,37.0,0.182,0.182,0.182
3599,599,../environments/random.12.csv,dist_only_social_any,1,-1,1,1,1,0,1,1,2622444117,2299003041,599,False,10,10,10,0.0,43.0,0.1986644407345576,0.1986644407345576,0.1986644407345576
3600,600,../environments/smooth.17.csv,dist_only,4,-1,1,1,0,0,1,1,2271760180,3334515826,100,False,3,0,5,70.00982087235718,28.0,0.18,0.2,0.19
3601,600,../environments/smooth.17.csv,dist_only,4,-1,1,1,0,0,1,1,2271760180,3334515826,200,False,7,1,14,65.86044045674268,58.0,0.18,0.225,0.1925
3602,600,../environments/smooth.17.csv,dist_only,4,-1,1,1,0,0,1,1,2271760180,3334515826,300,False,10,3,25,65.67146327303234,87.0,0.17,0.20666666666666667,0.185
3603,600,../environments/smooth.17.csv,dist_only,4,-1,1,1,0,0,1,1,2271760180,3334515826,400,False,13,4,30,60.33545048901267,117.0,0.1775,0.205,0.189375
3604,600,../environments/smooth.17.csv,dist_only,4,-1,1,1,0,0,1,1,2271760180,3334515826,500,False,13,5,39,60.2985664735469,146.0,0.178,0.206,0.1935
3605,600,../environments/smooth.17.csv,dist_only,4,-1,1,1,0,0,1,1,2271760180,3334515826,599,False,17,5,48,54.847084600272076,174.0,0.17863105175292154,0.2003338898163606,0.19198664440734559
3606,601,../environments/smooth.17.csv,dist_only,4,-1,1,1,0,0,1,1,2271760180,262994761,100,False,3,0,6,48.14801599582587,28.0,0.16,0.23,0.1975
3607,601,../environments/smooth.17.csv,dist_only,4,-1,1,1,0,0,1,1,2271760180,262994761,200,False,6,0,12,52.185030397386846,59.0,0.16,0.205,0.18125
3608,601,../environments/smooth.17.csv,dist_only,4,-1,1,1,0,0,1,1,2271760180,262994761,300,False,13,1,21,63.077783791339726,88.0,0.16666666666666666,0.19333333333333333,0.17833333333333334
3609,601,../environments/smooth.17.csv,dist_only,4,-1,1,1,0,0,1,1,2271760180,262994761,400,False,16,3,26,76.28657240619437,119.0,0.165,0.195,0.17875
3610,601,../environments/smooth.17.csv,dist_only,4,-1,1,1,0,0,1,1,2271760180,262994761,500,False,18,5,36,60.784811218321636,148.0,0.162,0.194,0.1785
3611,601,../environments/smooth.17.csv,dist_only,4,-1,1,1,0,0,1,1,2271760180,262994761,599,False,22,7,48,53.934619665234734,177.0,0.1636060100166945,0.19365609348914858,0.1773789649415693
3612,602,../environments/smooth.17.csv,dist_only,4,-1,1,1,0,0,1,1,2271760180,3602806192,100,False,3,0,6,53.59831336122435,28.0,0.19,0.24,0.215
3613,602,../environments/smooth.17.csv,dist_only,4,-1,1,1,0,0,1,1,2271760180,3602806192,200,False,5,0,11,57.0631481144691,57.0,0.18,0.22,0.20125
3614,602,../environments/smooth.17.csv,dist_only,4,-1,1,1,0,0,1,1,2271760180,3602806192,300,False,7,4,22,63.66686203129711,87.0,0.17333333333333334,0.20333333333333334,0.19
3615,602,../environments/smooth.17.csv,dist_only,4,-1,1,1,0,0,1,1,2271760180,3602806192,400,False,11,6,31,44.69133348712941,115.0,0.1875,0.205,0.196875
3616,602,../environments/smooth.17.csv,dist_only,4,-1,1,1,0,0,1,1,2271760180,3602806192,500,False,12,6,37,66.92443544250399,144.0,0.186,0.204,0.1975
3617,602,../environments/smooth.17.csv,dist_only,4,-1,1,1,0,0,1,1,2271760180,3602806192,599,False,15,9,47,87.76441713705262,173.0,0.18196994991652754,0.1986644407345576,0.19198664440734559
3618,603,../environments/smooth.17.csv,dist_only,4,-1,1,1,0,0,1,1,2271760180,3437971635,100,False,2,0,6,56.52422540541622,28.0,0.18,0.24,0.2175
3619,603,../environments/smooth.17.csv,dist_only,4,-1,1,1,0,0,1,1,2271760180,3437971635,200,False,3,2,10,61.120903709186784,57.0,0.175,0.235,0.20375
3620,603,../environments/smooth.17.csv,dist_only,4,-1,1,1,0,0,1,1,2271760180,3437971635,300,False,6,3,17,77.98282523223105,85.0,0.18,0.22666666666666666,0.20916666666666667
3621,603,../environments/smooth.17.csv,dist_only,4,-1,1,1,0,0,1,1,2271760180,3437971635,400,False,9,6,30,42.9969713723739,113.0,0.18,0.2175,0.19875
3622,603,../environments/smooth.17.csv,dist_only,4,-1,1,1,0,0,1,1,2271760180,3437971635,500,False,14,8,40,51.5628679488231,144.0,0.182,0.228,0.202
3623,603,../environments/smooth.17.csv,dist_only,4,-1,1,1,0,0,1,1,2271760180,3437971635,599,False,16,12,54,66.78489362654959,172.0,0.18530884808013356,0.21535893155258765,0.19908180300500836
3624,604,../environments/smooth.17.csv,dist_only,4,-1,1,1,0,0,1,1,2271760180,4010425793,100,False,4,0,9,48.35315859779154,27.0,0.17,0.24,0.2075
3625,604,../environments/smooth.17.csv,dist_only,4,-1,1,1,0,0,1,1,2271760180,4010425793,200,False,6,1,14,82.64690055917063,55.0,0.17,0.205,0.19
3626,604,../environments/smooth.17.csv,dist_only,4,-1,1,1,0,0,1,1,2271760180,4010425793,300,False,9,4,24,75.81412454879637,85.0,0.17,0.21666666666666667,0.19166666666666668
3627,604,../environments/smooth.17.csv,dist_only,4,-1,1,1,0,0,1,1,2271760180,4010425793,400,False,10,7,35,36.61049891895744,114.0,0.1775,0.2225,0.198125
3628,604,../environments/smooth.17.csv,dist_only,4,-1,1,1,0,0,1,1,2271760180,4010425793,500,False,12,7,40,39.78904393578413,143.0,0.182,0.218,0.1985
3629,604,../environments/smooth.17.csv,dist_only,4,-1,1,1,0,0,1,1,2271760180,4010425793,599,False,16,9,48,58.567039761841414,172.0,0.17529215358931552,0.21702838063439064,0.19532554257095158
3630,605,../environments/smooth.17.csv,dist_only,4,-1,1,1,0,0,1,1,2271760180,2734561081,100,False,3,0,6,65.19407877135102,27.0,0.2,0.24,0.2125
3631,605,../environments/smooth.17.csv,dist_only,4,-1,1,1,0,0,1,1,2271760180,2734561081,200,False,5,0,10,53.573069831849466,58.0,0.18,0.235,0.19375
3632,605,../environments/smooth.17.csv,dist_only,4,-1,1,1,0,0,1,1,2271760180,2734561081,300,False,9,0,18,52.122987825968345,86.0,0.17666666666666667,0.22333333333333333,0.19083333333333333
3633,605,../environments/smooth.17.csv,dist_only,4,-1,1,1,0,0,1,1,2271760180,2734561081,400,False,13,1,31,71.76802527517721,116.0,0.1775,0.215,0.18875
3634,605,../environments/smooth.17.csv,dist_only,4,-1,1,1,0,0,1,1,2271760180,2734561081,500,False,15,7,43,69.44595493772876,146.0,0.178,0.21,0.1885
3635,605,../environments/smooth.17.csv,dist_only,4,-1,1,1,0,0,1,1,2271760180,2734561081,599,False,17,9,53,63.8287654510428,174.0,0.17696160267111852,0.2036727879799666,0.18572621035058431
3636,606,../environments/smooth.17.csv,dist_only,4,-1,1,1,0,0,1,1,2271760180,1253946826,100,False,5,1,9,61.84893032903392,27.0,0.2,0.26,0.225
3637,606,../environments/smooth.17.csv,dist_only,4,-1,1,1,0,0,1,1,2271760180,1253946826,200,False,9,1,19,67.64616248610557,56.0,0.18,0.265,0.215
3638,606,../environments/smooth.17.csv,dist_only,4,-1,1,1,0,0,1,1,2271760180,1253946826,300,False,12,3,26,77.2023130750672,85.0,0.19333333333333333,0.23666666666666666,0.20833333333333334
3639,606,../environments/smooth.17.csv,dist_only,4,-1,1,1,0,0,1,1,2271760180,1253946826,400,False,15,3,36,74.80821986877774,113.0,0.185,0.225,0.206875
3640,606,../environments/smooth.17.csv,dist_only,4,-1,1,1,0,0,1,1,2271760180,1253946826,500,False,19,7,51,51.877954480320206,142.0,0.192,0.228,0.2075
3641,606,../environments/smooth.17.csv,dist_only,4,-1,1,1,0,0,1,1,2271760180,1253946826,599,False,23,10,62,88.47080294842164,173.0,0.19031719532554256,0.21202003338898165,0.2003338898163606
3642,607,../environments/smooth.17.csv,dist_only,4,-1,1,1,0,0,1,1,2271760180,1347984585,100,False,3,0,4,72.53103497482557,27.0,0.19,0.25,0.22
3643,607,../environments/smooth.17.csv,dist_only,4,-1,1,1,0,0,1,1,2271760180,1347984585,200,False,7,0,16,70.84732315232259,58.0,0.165,0.235,0.19375
3644,607,../environments/smooth.17.csv,dist_only,4,-1,1,1,0,0,1,1,2271760180,1347984585,300,False,10,1,23,81.30375993874998,87.0,0.18,0.20666666666666667,0.1925
3645,607,../environments/smooth.17.csv,dist_only,4,-1,1,1,0,0,1,1,2271760180,1347984585,400,False,11,2,29,84.24413679339975,117.0,0.1775,0.205,0.1925
3646,607,../environments/smooth.17.csv,dist_only,4,-1,1,1,0,0,1,1,2271760180,1347984585,500,False,14,4,39,61.86420142146393,146.0,0.188,0.202,0.194
3647,607,../environments/smooth.17.csv,dist_only,4,-1,1,1,0,0,1,1,2271760180,1347984585,599,False,19,6,49,56.248770239525534,174.0,0.18196994991652754,0.20534223706176963,0.19282136894824708
3648,608,../environments/smooth.17.csv,dist_only,4,-1,1,1,0,0,1,1,2271760180,884777651,100,False,2,0,4,90.4254740321426,27.0,0.19,0.25,0.22
3649,608,../environments/smooth.17.csv,dist_only,4,-1,1,1,0,0,1,1,2271760180,884777651,200,False,4,1,12,66.32443831099266,58.0,0.18,0.235,0.2075
3650,608,../environments/smooth.17.csv,dist_only,4,-1,1,1,0,0,1,1,2271760180,884777651,300,False,7,4,21,68.2393161322897,85.0,0.19666666666666666,0.23666666666666666,0.21166666666666667
3651,608,../environments/smooth.17.csv,dist_only,4,-1,1,1,0,0,1,1,2271760180,884777651,400,False,9,5,27,38.200898129445484,115.0,0.1875,0.2275,0.204375
3652,608,../environments/smooth.17.csv,dist_only,4,-1,1,1,0,0,1,1,2271760180,884777651,500,False,10,6,35,50.95456422538855,144.0,0.19,0.21,0.205
3653,608,../environments/smooth.17.csv,dist_only,4,-1,1,1,0,0,1,1,2271760180,884777651,599,False,14,7,47,64.95773355632676,172.0,0.18530884808013356,0.21035058430717862,0.1994991652754591
3654,609,../environments/smooth.17.csv,dist_only,4,-1,1,1,0,0,1,1,2271760180,2299003041,100,False,4,0,7,72.65901743408368,29.0,0.13,0.23,0.175
3655,609,../environments/smooth.17.csv,dist_only,4,-1,1,1,0,0,1,1,2271760180,2299003041,200,False,7,3,17,80.39867779964996,59.0,0.14,0.235,0.17625
3656,609,../environments/smooth.17.csv,dist_only,4,-1,1,1,0,0,1,1,2271760180,2299003041,300,False,9,4,30,79.03302182951438,87.0,0.16333333333333333,0.21,0.18333333333333332
3657,609,../environments/smooth.17.csv,dist_only,4,-1,1,1,0,0,1,1,2271760180,2299003041,400,False,13,5,39,73.10158128051663,118.0,0.165,0.205,0.181875
3658,609,../environments/smooth.17.csv,dist_only,4,-1,1,1,0,0,1,1,2271760180,2299003041,500,False,18,7,48,66.73399823159471,147.0,0.172,0.2,0.183
3659,609,../environments/smooth.17.csv,dist_only,4,-1,1,1,0,0,1,1,2271760180,2299003041,599,False,21,7,54,61.78911103300997,176.0,0.17529215358931552,0.19031719532554256,0.18489148580968282
3660,610,../environments/smooth.17.csv,dist_only,4,-1,1,1,0,0,1,1,2515763587,3334515826,100,False,4,0,7,57.967509557005144,28.0,0.16,0.24,0.195
3661,610,../environments/smooth.17.csv,dist_only,4,-1,1,1,0,0,1,1,2515763587,3334515826,200,False,6,2,18,75.95192996709272,55.0,0.175,0.24,0.20625
3662,610,../environments/smooth.17.csv,dist_only,4,-1,1,1,0,0,1,1,2515763587,3334515826,300,False,9,2,24,50.02399606854051,82.0,0.20333333333333334,0.23,0.21
3663,610,../environments/smooth.17.csv,dist_only,4,-1,1,1,0,0,1,1,2515763587,3334515826,400,False,11,3,29,36.215116878691546,109.0,0.2025,0.23,0.21125
3664,610,../environments/smooth.17.csv,dist_only,4,-1,1,1,0,0,1,1,2515763587,3334515826,500,False,12,4,34,34.88825737775386,135.0,0.192,0.222,0.2095
3665,610,../environments/smooth.17.csv,dist_only,4,-1,1,1,0,0,1,1,2515763587,3334515826,599,False,16,4,38,57.428821875091614,162.0,0.19365609348914858,0.21702838063439064,0.20909849749582637
3666,611,../environments/smooth.17.csv,dist_only,4,-1,1,1,0,0,1,1,2515763587,262994761,100,False,7,1,12,77.47339354542308,28.0,0.16,0.24,0.195
3667,611,../environments/smooth.17.csv,dist_only,4,-1,1,1,0,0,1,1,2515763587,262994761,200,False,11,1,18,70.82696149143237,56.0,0.185,0.22,0.19875
3668,611,../environments/smooth.17.csv,dist_only,4,-1,1,1,0,0,1,1,2515763587,262994761,300,False,16,3,31,55.92782726329859,86.0,0.18333333333333332,0.21,0.1925
3669,611,../environments/smooth.17.csv,dist_only,4,-1,1,1,0,0,1,1,2515763587,262994761,400,False,18,4,39,70.5295247338247,114.0,0.18,0.21,0.1975
3670,611,../environments/smooth.17.csv,dist_only,4,-1,1,1,0,0,1,1,2515763587,262994761,500,False,18,4,41,41.953933166867564,143.0,0.184,0.21,0.1995
3671,611,../environments/smooth.17.csv,dist_only,4,-1,1,1,0,0,1,1,2515763587,262994761,599,False,20,5,49,54.62190484947739,171.0,0.17529215358931552,0.21202003338898165,0.19741235392320533
3672,612,../environments/smooth.17.csv,dist_only,4,-1,1,1,0,0,1,1,2515763587,3602806192,100,False,4,0,9,81.00756589356256,28.0,0.14,0.24,0.19
3673,612,../environments/smooth.17.csv,dist_only,4,-1,1,1,0,0,1,1,2515763587,3602806192,200,False,7,1,18,69.55169063588528,58.0,0.14,0.205,0.1775
3674,612,../environments/smooth.17.csv,dist_only,4,-1,1,1,0,0,1,1,2515763587,3602806192,300,False,9,4,25,46.46741845808846,88.0,0.17,0.19666666666666666,0.18333333333333332
3675,612,../environments/smooth.17.csv,dist_only,4,-1,1,1,0,0,1,1,2515763587,3602806192,400,False,10,6,29,77.29509323895797,118.0,0.1725,0.2,0.18375
3676,612,../environments/smooth.17.csv,dist_only,4,-1,1,1,0,0,1,1,2515763587,3602806192,500,False,13,8,41,37.97488933101452,146.0,0.176,0.21,0.189
3677,612,../environments/smooth.17.csv,dist_only,4,-1,1,1,0,0,1,1,2515763587,3602806192,599,False,14,10,46,59.82267231352161,174.0,0.17696160267111852,0.21202003338898165,0.19449081803005008
3678,613,../environments/smooth.17.csv,dist_only,4,-1,1,1,0,0,1,1,2515763587,3437971635,100,False,3,0,6,65.20489820349565,28.0,0.15,0.23,0.2
3679,613,../environments/smooth.17.csv,dist_only,4,-1,1,1,0,0,1,1,2515763587,3437971635,200,False,5,2,12,70.97090848834165,57.0,0.18,0.22,0.1925
3680,613,../environments/smooth.17.csv,dist_only,4,-1,1,1,0,0,1,1,2515763587,3437971635,300,False,7,4,24,73.14591726202154,86.0,0.18,0.20666666666666667,0.19583333333333333
3681,613,../environments/smooth.17.csv,dist_only,4,-1,1,1,0,0,1,1,2515763587,3437971635,400,False,8,7,29,47.679198447256404,116.0,0.165,0.205,0.193125
3682,613,../environments/smooth.17.csv,dist_only,4,-1,1,1,0,0,1,1,2515763587,3437971635,500,False,9,8,33,50.579545769720326,144.0,0.182,0.206,0.1985
3683,613,../environments/smooth.17.csv,dist_only,4,-1,1,1,0,0,1,1,2515763587,3437971635,599,False,11,8,37,84.3390655197019,172.0,0.17529215358931552,0.20868113522537562,0.19490818030050083
3684,614,../environments/smooth.17.csv,dist_only,4,-1,1,1,0,0,1,1,2515763587,4010425793,100,False,4,0,7,82.69981518387851,27.0,0.18,0.26,0.2175
3685,614,../environments/smooth.17.csv,dist_only,4,-1,1,1,0,0,1,1,2515763587,4010425793,200,False,6,2,19,62.785711964130584,57.0,0.16,0.225,0.19875
3686,614,../environments/smooth.17.csv,dist_only,4,-1,1,1,0,0,1,1,2515763587,4010425793,300,False,8,5,26,52.38664011900618,86.0,0.17333333333333334,0.21,0.19166666666666668
3687,614,../environments/smooth.17.csv,dist_only,4,-1,1,1,0,0,1,1,2515763587,4010425793,400,False,13,6,34,47.505026491739784,116.0,0.1775,0.23,0.203125
3688,614,../environments/smooth.17.csv,dist_only,4,-1,1,1,0,0,1,1,2515763587,4010425793,500,False,15,7,41,67.27749230157973,144.0,0.178,0.218,0.2035
3689,614,../environments/smooth.17.csv,dist_only,4,-1,1,1,0,0,1,1,2515763587,4010425793,599,False,17,7,45,61.389708552908296,174.0,0.17529215358931552,0.21202003338898165,0.1994991652754591
3690,615,../environments/smooth.17.csv,dist_only,4,-1,1,1,0,0,1,1,2515763587,2734561081,100,False,4,1,11,87.26120222211263,28.0,0.18,0.22,0.2
3691,615,../environments/smooth.17.csv,dist_only,4,-1,1,1,0,0,1,1,2515763587,2734561081,200,False,9,2,24,64.03950883059035,58.0,0.18,0.195,0.18625
3692,615,../environments/smooth.17.csv,dist_only,4,-1,1,1,0,0,1,1,2515763587,2734561081,300,False,12,3,30,49.87124965412923,86.0,0.18333333333333332,0.22333333333333333,0.19833333333333333
3693,615,../environments/smooth.17.csv,dist_only,4,-1,1,1,0,0,1,1,2515763587,2734561081,400,False,13,4,33,48.835784581189884,114.0,0.19,0.2075,0.2
3694,615,../environments/smooth.17.csv,dist_only,4,-1,1,1,0,0,1,1,2515763587,2734561081,500,False,15,6,42,61.33773605103248,144.0,0.188,0.218,0.1985
3695,615,../environments/smooth.17.csv,dist_only,4,-1,1,1,0,0,1,1,2515763587,2734561081,599,False,16,7,45,64.57716561355414,175.0,0.17529215358931552,0.21202003338898165,0.19240400667779634
3696,616,../environments/smooth.17.csv,dist_only,4,-1,1,1,0,0,1,1,2515763587,1253946826,100,False,2,0,6,72.99839020269019,27.0,0.14,0.26,0.1875
3697,616,../environments/smooth.17.csv,dist_only,4,-1,1,1,0,0,1,1,2515763587,1253946826,200,False,4,1,10,51.28905953122778,56.0,0.18,0.26,0.205
3698,616,../environments/smooth.17.csv,dist_only,4,-1,1,1,0,0,1,1,2515763587,1253946826,300,False,6,4,21,53.86762021772202,85.0,0.16,0.23333333333333334,0.19916666666666666
3699,616,../environments/smooth.17.csv,dist_only,4,-1,1,1,0,0,1,1,2515763587,1253946826,400,False,9,5,29,79.71789974396799,113.0,0.1775,0.2175,0.1975
3700,616,../environments/smooth.17.csv,dist_only,4,-1,1,1,0,0,1,1,2515763587,1253946826,500,False,15,5,37,73.59976740465294,142.0,0.174,0.222,0.197
3701,616,../environments/smooth.17.csv,dist_only,4,-1,1,1,0,0,1,1,2515763587,1253946826,599,False,16,9,47,68.46054828483582,172.0,0.17028380634390652,0.22036727879799667,0.19782971619365608
3702,617,../environments/smooth.17.csv,dist_only,4,-1,1,1,0,0,1,1,2515763587,1347984585,100,False,3,1,8,57.11175128505867,27.0,0.21,0.25,0.235
3703,617,../environments/smooth.17.csv,dist_only,4,-1,1,1,0,0,1,1,2515763587,1347984585,200,False,6,1,13,63.9520618618955,56.0,0.185,0.235,0.21875
3704,617,../environments/smooth.17.csv,dist_only,4,-1,1,1,0,0,1,1,2515763587,1347984585,300,False,9,4,25,61.86287258944929,86.0,0.16333333333333333,0.23333333333333334,0.2025
3705,617,../environments/smooth.17.csv,dist_only,4,-1,1,1,0,0,1,1,2515763587,1347984585,400,False,10,4,33,64.62789324128273,114.0,0.175,0.225,0.2025
3706,617,../environments/smooth.17.csv,dist_only,4,-1,1,1,0,0,1,1,2515763587,1347984585,500,False,10,7,36,50.85318273270841,142.0,0.18,0.232,0.205
3707,617,../environments/smooth.17.csv,dist_only,4,-1,1,1,0,0,1,1,2515763587,1347984585,599,False,11,8,40,66.80787724138412,170.0,0.17696160267111852,0.2303839732888147,0.20492487479131888
3708,618,../environments/smooth.17.csv,dist_only,4,-1,1,1,0,0,1,1,2515763587,884777651,100,False,3,1,9,61.82053966001099,28.0,0.2,0.24,0.23
3709,618,../environments/smooth.17.csv,dist_only,4,-1,1,1,0,0,1,1,2515763587,884777651,200,False,7,1,19,79.52316385382251,57.0,0.18,0.235,0.21125
3710,618,../environments/smooth.17.csv,dist_only,4,-1,1,1,0,0,1,1,2515763587,884777651,300,False,11,1,26,68.97274204856727,86.0,0.19,0.23333333333333334,0.205
3711,618,../environments/smooth.17.csv,dist_only,4,-1,1,1,0,0,1,1,2515763587,884777651,400,False,12,3,34,48.131350310586356,114.0,0.1875,0.21,0.196875
3712,618,../environments/smooth.17.csv,dist_only,4,-1,1,1,0,0,1,1,2515763587,884777651,500,False,14,9,46,40.06760531194855,144.0,0.182,0.204,0.1935
3713,618,../environments/smooth.17.csv,dist_only,4,-1,1,1,0,0,1,1,2515763587,884777651,599,False,18,9,56,61.06928298661029,175.0,0.17529215358931552,0.20534223706176963,0.1907345575959933
3714,619,../environments/smooth.17.csv,dist_only,4,-1,1,1,0,0,1,1,2515763587,2299003041,100,False,3,0,8,51.05770241418483,30.0,0.13,0.24,0.185
3715,619,../environments/smooth.17.csv,dist_only,4,-1,1,1,0,0,1,1,2515763587,2299003041,200,False,5,3,15,72.5232121913659,57.0,0.145,0.235,0.1875
3716,619,../environments/smooth.17.csv,dist_only,4,-1,1,1,0,0,1,1,2515763587,2299003041,300,False,11,4,26,66.41950166049027,85.0,0.15666666666666668,0.20666666666666667,0.19
3717,619,../environments/smooth.17.csv,dist_only,4,-1,1,1,0,0,1,1,2515763587,2299003041,400,False,13,5,36,69.01425637831036,115.0,0.1725,0.2,0.189375
3718,619,../environments/smooth.17.csv,dist_only,4,-1,1,1,0,0,1,1,2515763587,2299003041,500,False,18,6,49,74.18947164595014,144.0,0.166,0.212,0.193
3719,619,../environments/smooth.17.csv,dist_only,4,-1,1,1,0,0,1,1,2515763587,2299003041,599,False,21,7,56,69.41726009622727,173.0,0.17529215358931552,0.21035058430717862,0.19365609348914858
3720,620,../environments/smooth.17.csv,dist_only,4,-1,1,1,0,0,1,1,3622058494,3334515826,100,False,5,1,11,38.355176560075066,29.0,0.13,0.24,0.175
3721,620,../environments/smooth.17.csv,dist_only,4,-1,1,1,0,0,1,1,3622058494,3334515826,200,False,8,2,15,70.27209987137627,56.0,0.17,0.26,0.2
3722,620,../environments/smooth.17.csv,dist_only,4,-1,1,1,0,0,1,1,3622058494,3334515826,300,False,8,2,16,53.34775168569759,83.0,0.17333333333333334,0.23666666666666666,0.2025
3723,620,../environments/smooth.17.csv,dist_only,4,-1,1,1,0,0,1,1,3622058494,3334515826,400,False,12,5,29,41.91976423901501,113.0,0.1775,0.2325,0.20625
3724,620,../environments/smooth.17.csv,dist_only,4,-1,1,1,0,0,1,1,3622058494,3334515826,500,False,14,5,32,76.27856377341332,138.0,0.194,0.238,0.212
3725,620,../environments/smooth.17.csv,dist_only,4,-1,1,1,0,0,1,1,3622058494,3334515826,599,False,17,7,42,73.47159013752236,168.0,0.19031719532554256,0.2303839732888147,0.20993322203672787
3726,621,../environments/smooth.17.csv,dist_only,4,-1,1,1,0,0,1,1,3622058494,262994761,100,False,1,0,1,59.99788301270221,26.0,0.15,0.25,0.2025
3727,621,../environments/smooth.17.csv,dist_only,4,-1,1,1,0,0,1,1,3622058494,262994761,200,False,6,1,11,69.26009013043318,56.0,0.17,0.22,0.19375
3728,621,../environments/smooth.17.csv,dist_only,4,-1,1,1,0,0,1,1,3622058494,262994761,300,False,12,2,21,53.24867714137855,87.0,0.17,0.19666666666666666,0.18666666666666668
3729,621,../environments/smooth.17.csv,dist_only,4,-1,1,1,0,0,1,1,3622058494,262994761,400,False,13,4,26,59.668629885300625,116.0,0.1675,0.2,0.18875
3730,621,../environments/smooth.17.csv,dist_only,4,-1,1,1,0,0,1,1,3622058494,262994761,500,False,14,5,36,68.68411936102198,146.0,0.166,0.21,0.1905
3731,621,../environments/smooth.17.csv,dist_only,4,-1,1,1,0,0,1,1,3622058494,262994761,599,False,16,7,45,45.75348428543747,170.0,0.18363939899833054,0.21202003338898165,0.19449081803005008
3732,622,../environments/smooth.17.csv,dist_only,4,-1,1,1,0,0,1,1,3622058494,3602806192,100,False,4,0,7,78.65190721019718,28.0,0.2,0.24,0.2175
3733,622,../environments/smooth.17.csv,dist_only,4,-1,1,1,0,0,1,1,3622058494,3602806192,200,False,9,2,18,70.66610175608724,57.0,0.165,0.22,0.19375
3734,622,../environments/smooth.17.csv,dist_only,4,-1,1,1,0,0,1,1,3622058494,3602806192,300,False,12,3,24,61.83274287686416,86.0,0.16666666666666666,0.21,0.19333333333333333
3735,622,../environments/smooth.17.csv,dist_only,4,-1,1,1,0,0,1,1,3622058494,3602806192,400,False,15,6,38,65.9099131641898,116.0,0.1825,0.205,0.196875
3736,622,../environments/smooth.17.csv,dist_only,4,-1,1,1,0,0,1,1,3622058494,3602806192,500,False,15,6,45,62.76627792671415,145.0,0.186,0.206,0.196
3737,622,../environments/smooth.17.csv,dist_only,4,-1,1,1,0,0,1,1,3622058494,3602806192,599,False,15,9,51,57.47085437113517,173.0,0.19031719532554256,0.21202003338898165,0.19991652754590986
3738,623,../environments/smooth.17.csv,dist_only,4,-1,1,1,0,0,1,1,3622058494,3437971635,100,False,3,2,10,64.00890074280593,28.0,0.18,0.24,0.21
3739,623,../environments/smooth.17.csv,dist_only,4,-1,1,1,0,0,1,1,3622058494,3437971635,200,False,7,2,17,59.4049846488508,56.0,0.19,0.205,0.2
3740,623,../environments/smooth.17.csv,dist_only,4,-1,1,1,0,0,1,1,3622058494,3437971635,300,False,11,3,27,73.06964692018741,85.0,0.19666666666666666,0.22,0.20666666666666667
3741,623,../environments/smooth.17.csv,dist_only,4,-1,1,1,0,0,1,1,3622058494,3437971635,400,False,12,4,35,41.04290760370215,114.0,0.185,0.205,0.19625
3742,623,../environments/smooth.17.csv,dist_only,4,-1,1,1,0,0,1,1,3622058494,3437971635,500,False,14,8,43,68.76054588958314,144.0,0.188,0.204,0.1955
3743,623,../environments/smooth.17.csv,dist_only,4,-1,1,1,0,0,1,1,3622058494,3437971635,599,False,19,9,54,80.12856690408128,174.0,0.19031719532554256,0.19365609348914858,0.19156928213689484
3744,624,../environments/smooth.17.csv,dist_only,4,-1,1,1,0,0,1,1,3622058494,4010425793,100,False,2,0,2,60.526086476721055,28.0,0.13,0.25,0.2
3745,624,../environments/smooth.17.csv,dist_only,4,-1,1,1,0,0,1,1,3622058494,4010425793,200,False,5,0,9,64.82635218287407,57.0,0.15,0.235,0.1975
3746,624,../environments/smooth.17.csv,dist_only,4,-1,1,1,0,0,1,1,3622058494,4010425793,300,False,7,1,17,59.68639469973246,86.0,0.15666666666666668,0.21666666666666667,0.20083333333333334
3747,624,../environments/smooth.17.csv,dist_only,4,-1,1,1,0,0,1,1,3622058494,4010425793,400,False,8,1,20,54.88664166616828,114.0,0.1575,0.2275,0.201875
3748,624,../environments/smooth.17.csv,dist_only,4,-1,1,1,0,0,1,1,3622058494,4010425793,500,False,11,2,30,52.52266376620395,143.0,0.166,0.222,0.2055
3749,624,../environments/smooth.17.csv,dist_only,4,-1,1,1,0,0,1,1,3622058494,4010425793,599,False,14,4,38,81.42868216362665,174.0,0.16193656093489148,0.21202003338898165,0.19782971619365608
3750,625,../environments/smooth.17.csv,dist_only,4,-1,1,1,0,0,1,1,3622058494,2734561081,100,False,1,0,3,30.456019436169488,28.0,0.16,0.22,0.1975
3751,625,../environments/smooth.17.csv,dist_only,4,-1,1,1,0,0,1,1,3622058494,2734561081,200,False,8,1,15,75.35350811288436,55.0,0.18,0.22,0.20125
3752,625,../environments/smooth.17.csv,dist_only,4,-1,1,1,0,0,1,1,3622058494,2734561081,300,False,9,2,20,76.84380267287098,84.0,0.18666666666666668,0.22,0.2
3753,625,../environments/smooth.17.csv,dist_only,4,-1,1,1,0,0,1,1,3622058494,2734561081,400,False,12,3,35,39.11945036633912,113.0,0.1825,0.2075,0.19625
3754,625,../environments/smooth.17.csv,dist_only,4,-1,1,1,0,0,1,1,3622058494,2734561081,500,False,15,5,44,57.81913893034998,144.0,0.188,0.206,0.1945
3755,625,../environments/smooth.17.csv,dist_only,4,-1,1,1,0,0,1,1,3622058494,2734561081,599,False,16,9,52,76.28235947369623,171.0,0.19365609348914858,0.2003338898163606,0.19616026711185308
3756,626,../environments/smooth.17.csv,dist_only,4,-1,1,1,0,0,1,1,3622058494,1253946826,100,False,3,1,7,78.22513071172907,27.0,0.19,0.28,0.2175
3757,626,../environments/smooth.17.csv,dist_only,4,-1,1,1,0,0,1,1,3622058494,1253946826,200,False,8,1,22,62.11918883621931,57.0,0.18,0.235,0.2
3758,626,../environments/smooth.17.csv,dist_only,4,-1,1,1,0,0,1,1,3622058494,1253946826,300,False,10,1,29,22.631702407385948,87.0,0.18666666666666668,0.22,0.2
3759,626,../environments/smooth.17.csv,dist_only,4,-1,1,1,0,0,1,1,3622058494,1253946826,400,False,13,4,38,77.94922638731643,115.0,0.1825,0.23,0.20125
3760,626,../environments/smooth.17.csv,dist_only,4,-1,1,1,0,0,1,1,3622058494,1253946826,500,False,15,7,44,88.8804812702553,144.0,0.188,0.214,0.201
3761,626,../environments/smooth.17.csv,dist_only,4,-1,1,1,0,0,1,1,3622058494,1253946826,599,False,17,8,52,60.81323013901759,174.0,0.18363939899833054,0.21035058430717862,0.19616026711185308
3762,627,../environments/smooth.17.csv,dist_only,4,-1,1,1,0,0,1,1,3622058494,1347984585,100,False,2,0,3,63.104799731721386,27.0,0.2,0.25,0.2325
3763,627,../environments/smooth.17.csv,dist_only,4,-1,1,1,0,0,1,1,3622058494,1347984585,200,False,6,0,10,69.45849677137622,56.0,0.19,0.235,0.20875
3764,627,../environments/smooth.17.csv,dist_only,4,-1,1,1,0,0,1,1,3622058494,1347984585,300,False,9,3,23,97.56598556426181,87.0,0.16,0.22,0.19583333333333333
3765,627,../environments/smooth.17.csv,dist_only,4,-1,1,1,0,0,1,1,3622058494,1347984585,400,False,15,4,37,60.30794715735093,117.0,0.17,0.205,0.195625
3766,627,../environments/smooth.17.csv,dist_only,4,-1,1,1,0,0,1,1,3622058494,1347984585,500,False,16,6,43,83.42456673452989,144.0,0.168,0.222,0.2005
3767,627,../environments/smooth.17.csv,dist_only,4,-1,1,1,0,0,1,1,3622058494,1347984585,599,False,16,7,46,68.50637027884012,174.0,0.17028380634390652,0.2287145242070117,0.19782971619365608
3768,628,../environments/smooth.17.csv,dist_only,4,-1,1,1,0,0,1,1,3622058494,884777651,100,False,3,0,6,62.09877510644034,27.0,0.17,0.24,0.21
3769,628,../environments/smooth.17.csv,dist_only,4,-1,1,1,0,0,1,1,3622058494,884777651,200,False,7,2,16,68.91675783525584,56.0,0.145,0.23,0.18875
3770,628,../environments/smooth.17.csv,dist_only,4,-1,1,1,0,0,1,1,3622058494,884777651,300,False,10,5,29,78.33575905211426,86.0,0.16666666666666666,0.22333333333333333,0.1925
3771,628,../environments/smooth.17.csv,dist_only,4,-1,1,1,0,0,1,1,3622058494,884777651,400,False,11,8,39,82.43839362025744,116.0,0.175,0.2125,0.188125
3772,628,../environments/smooth.17.csv,dist_only,4,-1,1,1,0,0,1,1,3622058494,884777651,500,False,13,10,45,74.72698112529359,145.0,0.166,0.218,0.1895
3773,628,../environments/smooth.17.csv,dist_only,4,-1,1,1,0,0,1,1,3622058494,884777651,599,False,16,11,54,60.626745141554245,175.0,0.17529215358931552,0.21202003338898165,0.1898998330550918
3774,629,../environments/smooth.17.csv,dist_only,4,-1,1,1,0,0,1,1,3622058494,2299003041,100,False,4,2,12,72.47434733385937,29.0,0.13,0.19,0.1575
3775,629,../environments/smooth.17.csv,dist_only,4,-1,1,1,0,0,1,1,3622058494,2299003041,200,False,7,3,19,42.827649011817634,58.0,0.16,0.23,0.18875
3776,629,../environments/smooth.17.csv,dist_only,4,-1,1,1,0,0,1,1,3622058494,2299003041,300,False,10,5,30,52.04958943783908,86.0,0.18333333333333332,0.21666666666666667,0.19916666666666666
3777,629,../environments/smooth.17.csv,dist_only,4,-1,1,1,0,0,1,1,3622058494,2299003041,400,False,13,7,35,60.70710620698037,116.0,0.1775,0.2225,0.196875
3778,629,../environments/smooth.17.csv,dist_only,4,-1,1,1,0,0,1,1,3622058494,2299003041,500,False,15,9,45,51.05851693765707,142.0,0.186,0.218,0.2
3779,629,../environments/smooth.17.csv,dist_only,4,-1,1,1,0,0,1,1,3622058494,2299003041,599,False,16,11,53,82.8160538594636,172.0,0.17863105175292154,0.21202003338898165,0.19574290484140233
3780,630,../environments/smooth.17.csv,dist_only,4,-1,1,1,0,0,1,1,3859649351,3334515826,100,False,2,1,5,62.8750255741464,28.0,0.15,0.22,0.195
3781,630,../environments/smooth.17.csv,dist_only,4,-1,1,1,0,0,1,1,3859649351,3334515826,200,False,5,1,9,62.12001964047808,57.0,0.18,0.235,0.205
3782,630,../environments/smooth.17.csv,dist_only,4,-1,1,1,0,0,1,1,3859649351,3334515826,300,False,7,1,17,75.49039893487985,87.0,0.18666666666666668,0.20666666666666667,0.195
3783,630,../environments/smooth.17.csv,dist_only,4,-1,1,1,0,0,1,1,3859649351,3334515826,400,False,9,1,22,63.63697765052742,115.0,0.185,0.21,0.195
3784,630,../environments/smooth.17.csv,dist_only,4,-1,1,1,0,0,1,1,3859649351,3334515826,500,False,12,4,34,87.05581200866455,145.0,0.188,0.206,0.1965
3785,630,../environments/smooth.17.csv,dist_only,4,-1,1,1,0,0,1,1,3859649351,3334515826,599,False,17,6,47,64.81621646073002,173.0,0.19031719532554256,0.21202003338898165,0.19908180300500836
3786,631,../environments/smooth.17.csv,dist_only,4,-1,1,1,0,0,1,1,3859649351,262994761,100,False,5,1,11,66.79176826398923,29.0,0.12,0.17,0.1525
3787,631,../environments/smooth.17.csv,dist_only,4,-1,1,1,0,0,1,1,3859649351,262994761,200,False,10,2,26,52.9192915720118,60.0,0.155,0.18,0.1675
3788,631,../environments/smooth.17.csv,dist_only,4,-1,1,1,0,0,1,1,3859649351,262994761,300,False,11,3,28,68.50442177163069,88.0,0.17,0.18666666666666668,0.17833333333333334
3789,631,../environments/smooth.17.csv,dist_only,4,-1,1,1,0,0,1,1,3859649351,262994761,400,False,11,6,37,64.91093999634188,118.0,0.1725,0.19,0.181875
3790,631,../environments/smooth.17.csv,dist_only,4,-1,1,1,0,0,1,1,3859649351,262994761,500,False,14,9,45,48.62285426676725,147.0,0.17,0.206,0.1865
3791,631,../environments/smooth.17.csv,dist_only,4,-1,1,1,0,0,1,1,3859649351,262994761,599,False,18,10,54,71.94490901583276,175.0,0.17362270450751252,0.2020033388981636,0.18697829716193656
3792,632,../environments/smooth.17.csv,dist_only,4,-1,1,1,0,0,1,1,3859649351,3602806192,100,False,5,0,10,71.22721794092526,28.0,0.13,0.27,0.2075
3793,632,../environments/smooth.17.csv,dist_only,4,-1,1,1,0,0,1,1,3859649351,3602806192,200,False,6,2,15,77.7209368335079,57.0,0.18,0.23,0.21125
3794,632,../environments/smooth.17.csv,dist_only,4,-1,1,1,0,0,1,1,3859649351,3602806192,300,False,10,2,22,48.42201399513575,86.0,0.19666666666666666,0.20666666666666667,0.2
3795,632,../environments/smooth.17.csv,dist_only,4,-1,1,1,0,0,1,1,3859649351,3602806192,400,False,10,4,28,65.91205786756974,115.0,0.185,0.2125,0.19875
3796,632,../environments/smooth.17.csv,dist_only,4,-1,1,1,0,0,1,1,3859649351,3602806192,500,False,13,7,36,91.67346612373959,145.0,0.188,0.21,0.198
3797,632,../environments/smooth.17.csv,dist_only,4,-1,1,1,0,0,1,1,3859649351,3602806192,599,False,15,8,42,63.271656658981584,172.0,0.19532554257095158,0.2020033388981636,0.1986644407345576
3798,633,../environments/smooth.17.csv,dist_only,4,-1,1,1,0,0,1,1,3859649351,3437971635,100,False,5,1,12,61.58940821924311,29.0,0.13,0.18,0.1575
3799,633,../environments/smooth.17.csv,dist_only,4,-1,1,1,0,0,1,1,3859649351,3437971635,200,False,7,3,22,51.233558883360864,59.0,0.15,0.18,0.165
3800,633,../environments/smooth.17.csv,dist_only,4,-1,1,1,0,0,1,1,3859649351,3437971635,300,False,8,4,28,59.147963566333836,87.0,0.16666666666666666,0.19,0.17583333333333334
3801,633,../environments/smooth.17.csv,dist_only,4,-1,1,1,0,0,1,1,3859649351,3437971635,400,False,11,4,35,48.85859072755642,118.0,0.1675,0.195,0.179375
3802,633,../environments/smooth.17.csv,dist_only,4,-1,1,1,0,0,1,1,3859649351,3437971635,500,False,14,7,44,56.25386448110762,146.0,0.172,0.188,0.1805
3803,633,../environments/smooth.17.csv,dist_only,4,-1,1,1,0,0,1,1,3859649351,3437971635,599,False,14,9,47,26.884386592172774,172.0,0.17863105175292154,0.18697829716193656,0.1815525876460768
3804,634,../environments/smooth.17.csv,dist_only,4,-1,1,1,0,0,1,1,3859649351,4010425793,100,False,2,0,3,74.26271996795111,28.0,0.13,0.24,0.2025
3805,634,../environments/smooth.17.csv,dist_only,4,-1,1,1,0,0,1,1,3859649351,4010425793,200,False,5,0,11,68.68273526007691,57.0,0.15,0.21,0.185
3806,634,../environments/smooth.17.csv,dist_only,4,-1,1,1,0,0,1,1,3859649351,4010425793,300,False,7,0,14,54.435259040477575,84.0,0.17333333333333334,0.21,0.19583333333333333
3807,634,../environments/smooth.17.csv,dist_only,4,-1,1,1,0,0,1,1,3859649351,4010425793,400,False,9,2,21,70.48340855866573,113.0,0.185,0.2175,0.200625
3808,634,../environments/smooth.17.csv,dist_only,4,-1,1,1,0,0,1,1,3859649351,4010425793,500,False,11,3,30,35.98821368682716,141.0,0.194,0.212,0.2
3809,634,../environments/smooth.17.csv,dist_only,4,-1,1,1,0,0,1,1,3859649351,4010425793,599,False,12,6,39,37.0855807727624,172.0,0.19365609348914858,0.21035058430717862,0.19782971619365608
3810,635,../environments/smooth.17.csv,dist_only,4,-1,1,1,0,0,1,1,3859649351,2734561081,100,False,4,1,8,44.681657983048666,28.0,0.13,0.21,0.19
3811,635,../environments/smooth.17.csv,dist_only,4,-1,1,1,0,0,1,1,3859649351,2734561081,200,False,9,2,23,70.9618288417599,57.0,0.18,0.215,0.19125
3812,635,../environments/smooth.17.csv,dist_only,4,-1,1,1,0,0,1,1,3859649351,2734561081,300,False,13,5,37,61.312065169301206,86.0,0.18,0.20333333333333334,0.19
3813,635,../environments/smooth.17.csv,dist_only,4,-1,1,1,0,0,1,1,3859649351,2734561081,400,False,17,8,49,46.869866711948845,114.0,0.18,0.2125,0.1975
3814,635,../environments/smooth.17.csv,dist_only,4,-1,1,1,0,0,1,1,3859649351,2734561081,500,False,18,9,57,69.83193842479989,143.0,0.186,0.214,0.197
3815,635,../environments/smooth.17.csv,dist_only,4,-1,1,1,0,0,1,1,3859649351,2734561081,599,False,22,12,65,43.37368183545877,173.0,0.17696160267111852,0.21535893155258765,0.19490818030050083
3816,636,../environments/smooth.17.csv,dist_only,4,-1,1,1,0,0,1,1,3859649351,1253946826,100,False,4,1,12,67.12156855816508,28.0,0.13,0.25,0.1975
3817,636,../environments/smooth.17.csv,dist_only,4,-1,1,1,0,0,1,1,3859649351,1253946826,200,False,6,3,19,73.4413471838028,57.0,0.155,0.255,0.2025
3818,636,../environments/smooth.17.csv,dist_only,4,-1,1,1,0,0,1,1,3859649351,1253946826,300,False,9,4,26,52.48804413931559,86.0,0.16,0.23666666666666666,0.19666666666666666
3819,636,../environments/smooth.17.csv,dist_only,4,-1,1,1,0,0,1,1,3859649351,1253946826,400,False,11,5,31,55.877592914371434,114.0,0.17,0.2475,0.206875
3820,636,../environments/smooth.17.csv,dist_only,4,-1,1,1,0,0,1,1,3859649351,1253946826,500,False,14,5,37,66.3169921217897,144.0,0.174,0.226,0.2025
3821,636,../environments/smooth.17.csv,dist_only,4,-1,1,1,0,0,1,1,3859649351,1253946826,599,False,15,10,48,61.946201161243266,175.0,0.17529215358931552,0.21202003338898165,0.19741235392320533
3822,637,../environments/smooth.17.csv,dist_only,4,-1,1,1,0,0,1,1,3859649351,1347984585,100,False,4,0,9,37.19170702356961,27.0,0.18,0.27,0.2325
3823,637,../environments/smooth.17.csv,dist_only,4,-1,1,1,0,0,1,1,3859649351,1347984585,200,False,5,2,16,73.89030961740244,56.0,0.165,0.23,0.2
3824,637,../environments/smooth.17.csv,dist_only,4,-1,1,1,0,0,1,1,3859649351,1347984585,300,False,9,3,26,64.9095043027134,85.0,0.16666666666666666,0.21333333333333335,0.19416666666666665
3825,637,../environments/smooth.17.csv,dist_only,4,-1,1,1,0,0,1,1,3859649351,1347984585,400,False,13,5,35,68.51462468275068,114.0,0.17,0.215,0.19375
3826,637,../environments/smooth.17.csv,dist_only,4,-1,1,1,0,0,1,1,3859649351,1347984585,500,False,14,7,43,81.59788870047362,144.0,0.176,0.21,0.198
3827,637,../environments/smooth.17.csv,dist_only,4,-1,1,1,0,0,1,1,3859649351,1347984585,599,False,17,8,53,83.0983531490121,173.0,0.17696160267111852,0.21035058430717862,0.19532554257095158
3828,638,../environments/smooth.17.csv,dist_only,4,-1,1,1,0,0,1,1,3859649351,884777651,100,False,3,0,6,59.76432686229753,29.0,0.13,0.22,0.1825
3829,638,../environments/smooth.17.csv,dist_only,4,-1,1,1,0,0,1,1,3859649351,884777651,200,False,5,1,12,77.85760878149982,58.0,0.165,0.235,0.1975
3830,638,../environments/smooth.17.csv,dist_only,4,-1,1,1,0,0,1,1,3859649351,884777651,300,False,10,3,23,49.4655393196886,86.0,0.17333333333333334,0.23333333333333334,0.2
3831,638,../environments/smooth.17.csv,dist_only,4,-1,1,1,0,0,1,1,3859649351,884777651,400,False,14,5,34,58.819868610972875,117.0,0.1775,0.23,0.195
3832,638,../environments/smooth.17.csv,dist_only,4,-1,1,1,0,0,1,1,3859649351,884777651,500,False,16,6,40,60.142808424141435,145.0,0.182,0.21,0.195
3833,638,../environments/smooth.17.csv,dist_only,4,-1,1,1,0,0,1,1,3859649351,884777651,599,False,19,6,47,67.01066948268009,175.0,0.18864774624373956,0.21202003338898165,0.19574290484140233
3834,639,../environments/smooth.17.csv,dist_only,4,-1,1,1,0,0,1,1,3859649351,2299003041,100,False,1,0,3,54.86317226804621,27.0,0.2,0.25,0.2175
3835,639,../environments/smooth.17.csv,dist_only,4,-1,1,1,0,0,1,1,3859649351,2299003041,200,False,4,1,11,94.69888701885311,57.0,0.18,0.235,0.2
3836,639,../environments/smooth.17.csv,dist_only,4,-1,1,1,0,0,1,1,3859649351,2299003041,300,False,6,1,16,63.75643905250267,87.0,0.19,0.23333333333333334,0.20416666666666666
3837,639,../environments/smooth.17.csv,dist_only,4,-1,1,1,0,0,1,1,3859649351,2299003041,400,False,9,2,23,40.96759679254612,115.0,0.1875,0.22,0.20125
3838,639,../environments/smooth.17.csv,dist_only,4,-1,1,1,0,0,1,1,3859649351,2299003041,500,False,12,2,31,49.00840840207812,144.0,0.184,0.212,0.1975
3839,639,../environments/smooth.17.csv,dist_only,4,-1,1,1,0,0,1,1,3859649351,2299003041,599,False,13,6,42,84.01138154768167,174.0,0.19031719532554256,0.2020033388981636,0.19657762938230383
3840,640,../environments/smooth.17.csv,dist_only,4,-1,1,1,0,0,1,1,3788962293,3334515826,100,False,5,0,12,63.66208975322932,29.0,0.13,0.23,0.175
3841,640,../environments/smooth.17.csv,dist_only,4,-1,1,1,0,0,1,1,3788962293,3334515826,200,False,11,3,26,81.01067443156265,58.0,0.15,0.215,0.18625
3842,640,../environments/smooth.17.csv,dist_only,4,-1,1,1,0,0,1,1,3788962293,3334515826,300,False,13,4,38,50.25905278320365,86.0,0.17333333333333334,0.20666666666666667,0.18916666666666668
3843,640,../environments/smooth.17.csv,dist_only,4,-1,1,1,0,0,1,1,3788962293,3334515826,400,False,14,6,41,57.51614921174004,114.0,0.1775,0.215,0.193125
3844,640,../environments/smooth.17.csv,dist_only,4,-1,1,1,0,0,1,1,3788962293,3334515826,500,False,16,6,45,49.87718792244968,141.0,0.196,0.22,0.2045
3845,640,../environments/smooth.17.csv,dist_only,4,-1,1,1,0,0,1,1,3788962293,3334515826,599,False,16,9,48,45.4361987088251,171.0,0.19365609348914858,0.21035058430717862,0.1994991652754591
3846,641,../environments/smooth.17.csv,dist_only,4,-1,1,1,0,0,1,1,3788962293,262994761,100,False,4,0,8,66.43788852332577,26.0,0.16,0.24,0.2125
3847,641,../environments/smooth.17.csv,dist_only,4,-1,1,1,0,0,1,1,3788962293,262994761,200,False,7,0,12,46.871844515884675,55.0,0.135,0.225,0.19625
3848,641,../environments/smooth.17.csv,dist_only,4,-1,1,1,0,0,1,1,3788962293,262994761,300,False,8,3,22,35.354569853084584,83.0,0.13,0.21,0.185
3849,641,../environments/smooth.17.csv,dist_only,4,-1,1,1,0,0,1,1,3788962293,262994761,400,False,10,4,30,77.69246787573364,113.0,0.1525,0.1975,0.183125
3850,641,../environments/smooth.17.csv,dist_only,4,-1,1,1,0,0,1,1,3788962293,262994761,500,False,17,5,42,58.770436740862266,143.0,0.152,0.204,0.1865
3851,641,../environments/smooth.17.csv,dist_only,4,-1,1,1,0,0,1,1,3788962293,262994761,599,False,23,7,53,39.136150615568035,170.0,0.15692821368948248,0.21202003338898165,0.18948247078464106
3852,642,../environments/smooth.17.csv,dist_only,4,-1,1,1,0,0,1,1,3788962293,3602806192,100,False,2,0,5,80.02523438850085,28.0,0.13,0.24,0.205
3853,642,../environments/smooth.17.csv,dist_only,4,-1,1,1,0,0,1,1,3788962293,3602806192,200,False,9,3,25,75.93989823420478,56.0,0.145,0.215,0.18375
3854,642,../environments/smooth.17.csv,dist_only,4,-1,1,1,0,0,1,1,3788962293,3602806192,300,False,9,5,28,66.39896783558181,87.0,0.15333333333333332,0.20333333333333334,0.1825
3855,642,../environments/smooth.17.csv,dist_only,4,-1,1,1,0,0,1,1,3788962293,3602806192,400,False,12,5,35,73.42197358110464,117.0,0.15,0.205,0.188125
3856,642,../environments/smooth.17.csv,dist_only,4,-1,1,1,0,0,1,1,3788962293,3602806192,500,False,16,5,43,32.761708498542035,145.0,0.152,0.21,0.1865
3857,642,../environments/smooth.17.csv,dist_only,4,-1,1,1,0,0,1,1,3788962293,3602806192,599,False,17,6,51,52.56000034796229,173.0,0.15692821368948248,0.21035058430717862,0.19031719532554256
3858,643,../environments/smooth.17.csv,dist_only,4,-1,1,1,0,0,1,1,3788962293,3437971635,100,False,3,0,7,63.587351096394144,27.0,0.18,0.21,0.195
3859,643,../environments/smooth.17.csv,dist_only,4,-1,1,1,0,0,1,1,3788962293,3437971635,200,False,5,2,15,74.13910511751595,55.0,0.18,0.215,0.1925
3860,643,../environments/smooth.17.csv,dist_only,4,-1,1,1,0,0,1,1,3788962293,3437971635,300,False,7,2,18,62.545561573415384,84.0,0.17666666666666667,0.20666666666666667,0.19166666666666668
3861,643,../environments/smooth.17.csv,dist_only,4,-1,1,1,0,0,1,1,3788962293,3437971635,400,False,12,4,29,80.21554271787917,116.0,0.17,0.205,0.189375
3862,643,../environments/smooth.17.csv,dist_only,4,-1,1,1,0,0,1,1,3788962293,3437971635,500,False,17,5,40,51.034921613664004,144.0,0.172,0.21,0.189
3863,643,../environments/smooth.17.csv,dist_only,4,-1,1,1,0,0,1,1,3788962293,3437971635,599,False,19,7,46,64.49472326955298,173.0,0.1669449081803005,0.21702838063439064,0.19031719532554256
3864,644,../environments/smooth.17.csv,dist_only,4,-1,1,1,0,0,1,1,3788962293,4010425793,100,False,4,0,8,65.26619288946414,27.0,0.15,0.26,0.21
3865,644,../environments/smooth.17.csv,dist_only,4,-1,1,1,0,0,1,1,3788962293,4010425793,200,False,7,0,17,67.4075962727824,58.0,0.165,0.235,0.2025
3866,644,../environments/smooth.17.csv,dist_only,4,-1,1,1,0,0,1,1,3788962293,4010425793,300,False,11,2,29,62.99834384552257,86.0,0.16333333333333333,0.22,0.1925
3867,644,../environments/smooth.17.csv,dist_only,4,-1,1,1,0,0,1,1,3788962293,4010425793,400,False,13,2,37,83.41388648934142,115.0,0.175,0.22,0.195625
3868,644,../environments/smooth.17.csv,dist_only,4,-1,1,1,0,0,1,1,3788962293,4010425793,500,False,15,2,43,84.89264636858198,144.0,0.174,0.212,0.1915
3869,644,../environments/smooth.17.csv,dist_only,4,-1,1,1,0,0,1,1,3788962293,4010425793,599,False,20,3,53,62.610400198774876,175.0,0.17529215358931552,0.21202003338898165,0.19031719532554256
3870,645,../environments/smooth.17.csv,dist_only,4,-1,1,1,0,0,1,1,3788962293,2734561081,100,False,4,1,9,29.49395688713541,28.0,0.21,0.24,0.225
3871,645,../environments/smooth.17.csv,dist_only,4,-1,1,1,0,0,1,1,3788962293,2734561081,200,False,7,1,14,65.96772797764746,56.0,0.19,0.235,0.2125
3872,645,../environments/smooth.17.csv,dist_only,4,-1,1,1,0,0,1,1,3788962293,2734561081,300,False,14,1,25,84.56233129844412,85.0,0.19,0.23,0.21
3873,645,../environments/smooth.17.csv,dist_only,4,-1,1,1,0,0,1,1,3788962293,2734561081,400,False,17,1,29,90.79649674211203,113.0,0.19,0.2275,0.209375
3874,645,../environments/smooth.17.csv,dist_only,4,-1,1,1,0,0,1,1,3788962293,2734561081,500,False,21,4,44,86.86308972135122,144.0,0.188,0.212,0.199
3875,645,../environments/smooth.17.csv,dist_only,4,-1,1,1,0,0,1,1,3788962293,2734561081,599,False,23,4,50,64.19297734519762,173.0,0.18196994991652754,0.20701168614357263,0.19449081803005008
3876,646,../environments/smooth.17.csv,dist_only,4,-1,1,1,0,0,1,1,3788962293,1253946826,100,False,5,0,9,69.66280431876976,28.0,0.14,0.24,0.18
3877,646,../environments/smooth.17.csv,dist_only,4,-1,1,1,0,0,1,1,3788962293,1253946826,200,False,7,1,16,45.625719139490656,57.0,0.18,0.245,0.20625
3878,646,../environments/smooth.17.csv,dist_only,4,-1,1,1,0,0,1,1,3788962293,1253946826,300,False,8,2,23,63.66106791405995,86.0,0.18333333333333332,0.23333333333333334,0.20333333333333334
3879,646,../environments/smooth.17.csv,dist_only,4,-1,1,1,0,0,1,1,3788962293,1253946826,400,False,11,3,30,66.3074097709577,115.0,0.1775,0.22,0.200625
3880,646,../environments/smooth.17.csv,dist_only,4,-1,1,1,0,0,1,1,3788962293,1253946826,500,False,12,3,35,58.69389864232447,145.0,0.184,0.214,0.1985
3881,646,../environments/smooth.17.csv,dist_only,4,-1,1,1,0,0,1,1,3788962293,1253946826,599,False,16,6,44,39.00614583840791,174.0,0.18363939899833054,0.20701168614357263,0.19616026711185308
3882,647,../environments/smooth.17.csv,dist_only,4,-1,1,1,0,0,1,1,3788962293,1347984585,100,False,3,1,8,64.48474926598463,28.0,0.17,0.24,0.22
3883,647,../environments/smooth.17.csv,dist_only,4,-1,1,1,0,0,1,1,3788962293,1347984585,200,False,8,2,16,91.65278990028054,57.0,0.18,0.235,0.20625
3884,647,../environments/smooth.17.csv,dist_only,4,-1,1,1,0,0,1,1,3788962293,1347984585,300,False,9,2,24,47.67036941380837,85.0,0.19,0.23333333333333334,0.21
3885,647,../environments/smooth.17.csv,dist_only,4,-1,1,1,0,0,1,1,3788962293,1347984585,400,False,13,5,38,70.57924556220962,115.0,0.175,0.2275,0.1975
3886,647,../environments/smooth.17.csv,dist_only,4,-1,1,1,0,0,1,1,3788962293,1347984585,500,False,17,9,49,90.68265520594944,143.0,0.176,0.232,0.204
3887,647,../environments/smooth.17.csv,dist_only,4,-1,1,1,0,0,1,1,3788962293,1347984585,599,False,19,10,60,44.90931635315157,172.0,0.18196994991652754,0.2303839732888147,0.20158597662771285
3888,648,../environments/smooth.17.csv,dist_only,4,-1,1,1,0,0,1,1,3788962293,884777651,100,False,2,1,7,52.93567868528108,28.0,0.18,0.24,0.205
3889,648,../environments/smooth.17.csv,dist_only,4,-1,1,1,0,0,1,1,3788962293,884777651,200,False,4,1,11,90.07908051197904,57.0,0.18,0.235,0.2125
3890,648,../environments/smooth.17.csv,dist_only,4,-1,1,1,0,0,1,1,3788962293,884777651,300,False,7,1,21,53.549806176178265,85.0,0.19666666666666666,0.22,0.20666666666666667
3891,648,../environments/smooth.17.csv,dist_only,4,-1,1,1,0,0,1,1,3788962293,884777651,400,False,12,3,29,71.41211915728857,114.0,0.18,0.2125,0.198125
3892,648,../environments/smooth.17.csv,dist_only,4,-1,1,1,0,0,1,1,3788962293,884777651,500,False,14,4,36,63.75055913241857,142.0,0.192,0.214,0.205
3893,648,../environments/smooth.17.csv,dist_only,4,-1,1,1,0,0,1,1,3788962293,884777651,599,False,14,4,40,57.90646632172813,170.0,0.19532554257095158,0.21368948247078465,0.20617696160267113
3894,649,../environments/smooth.17.csv,dist_only,4,-1,1,1,0,0,1,1,3788962293,2299003041,100,False,2,1,7,76.16622086578079,27.0,0.16,0.19,0.1775
3895,649,../environments/smooth.17.csv,dist_only,4,-1,1,1,0,0,1,1,3788962293,2299003041,200,False,4,3,15,44.598375038968456,56.0,0.175,0.205,0.18625
3896,649,../environments/smooth.17.csv,dist_only,4,-1,1,1,0,0,1,1,3788962293,2299003041,300,False,9,5,27,70.57405829380598,85.0,0.18333333333333332,0.21,0.19666666666666666
3897,649,../environments/smooth.17.csv,dist_only,4,-1,1,1,0,0,1,1,3788962293,2299003041,400,False,12,8,40,88.41480239931471,114.0,0.18,0.1975,0.186875
3898,649,../environments/smooth.17.csv,dist_only,4,-1,1,1,0,0,1,1,3788962293,2299003041,500,False,16,10,49,76.41752347540067,145.0,0.184,0.194,0.1875
3899,649,../environments/smooth.17.csv,dist_only,4,-1,1,1,0,0,1,1,3788962293,2299003041,599,False,16,11,53,72.81574238495767,175.0,0.17529215358931552,0.19365609348914858,0.18280467445742904
3900,650,../environments/smooth.17.csv,dist_only,4,-1,1,1,0,0,1,1,4075238685,3334515826,100,False,6,1,10,59.28083355631112,28.0,0.16,0.21,0.1875
3901,650,../environments/smooth.17.csv,dist_only,4,-1,1,1,0,0,1,1,4075238685,3334515826,200,False,6,1,10,68.07866750457897,57.0,0.18,0.235,0.21
3902,650,../environments/smooth.17.csv,dist_only,4,-1,1,1,0,0,1,1,4075238685,3334515826,300,False,9,2,21,43.189856026709606,86.0,0.19333333333333333,0.23,0.20666666666666667
3903,650,../environments/smooth.17.csv,dist_only,4,-1,1,1,0,0,1,1,4075238685,3334515826,400,False,10,2,27,50.684146069483596,114.0,0.205,0.2225,0.210625
3904,650,../environments/smooth.17.csv,dist_only,4,-1,1,1,0,0,1,1,4075238685,3334515826,500,False,13,2,33,87.07573445551147,141.0,0.2,0.224,0.2125
3905,650,../environments/smooth.17.csv,dist_only,4,-1,1,1,0,0,1,1,4075238685,3334515826,599,False,19,2,48,68.881513856845,172.0,0.20868113522537562,0.21202003338898165,0.21076794657762937
3906,651,../environments/smooth.17.csv,dist_only,4,-1,1,1,0,0,1,1,4075238685,262994761,100,False,3,0,7,62.53634336478886,26.0,0.15,0.25,0.1975
3907,651,../environments/smooth.17.csv,dist_only,4,-1,1,1,0,0,1,1,4075238685,262994761,200,False,7,3,18,59.244817680580496,55.0,0.17,0.235,0.20625
3908,651,../environments/smooth.17.csv,dist_only,4,-1,1,1,0,0,1,1,4075238685,262994761,300,False,9,5,28,69.23637065334121,84.0,0.18,0.20333333333333334,0.19166666666666668
3909,651,../environments/smooth.17.csv,dist_only,4,-1,1,1,0,0,1,1,4075238685,262994761,400,False,15,6,43,69.86515988073796,115.0,0.175,0.2125,0.1925
3910,651,../environments/smooth.17.csv,dist_only,4,-1,1,1,0,0,1,1,4075238685,262994761,500,False,17,6,50,47.45890186954033,144.0,0.176,0.214,0.1915
3911,651,../environments/smooth.17.csv,dist_only,4,-1,1,1,0,0,1,1,4075238685,262994761,599,False,17,6,54,44.606940537550216,171.0,0.18697829716193656,0.21869782971619364,0.19741235392320533
3912,652,../environments/smooth.17.csv,dist_only,4,-1,1,1,0,0,1,1,4075238685,3602806192,100,False,4,0,7,36.97590140772748,27.0,0.17,0.27,0.21
3913,652,../environments/smooth.17.csv,dist_only,4,-1,1,1,0,0,1,1,4075238685,3602806192,200,False,7,2,18,56.7143129329597,58.0,0.16,0.225,0.195
3914,652,../environments/smooth.17.csv,dist_only,4,-1,1,1,0,0,1,1,4075238685,3602806192,300,False,10,5,28,51.525441400194126,86.0,0.18,0.23666666666666666,0.19916666666666666
3915,652,../environments/smooth.17.csv,dist_only,4,-1,1,1,0,0,1,1,4075238685,3602806192,400,False,10,7,35,50.97484749043617,115.0,0.185,0.2325,0.198125
3916,652,../environments/smooth.17.csv,dist_only,4,-1,1,1,0,0,1,1,4075238685,3602806192,500,False,13,8,41,76.98235244136426,144.0,0.178,0.23,0.201
3917,652,../environments/smooth.17.csv,dist_only,4,-1,1,1,0,0,1,1,4075238685,3602806192,599,False,14,9,46,79.2320741831924,172.0,0.18030050083472454,0.21535893155258765,0.19574290484140233
3918,653,../environments/smooth.17.csv,dist_only,4,-1,1,1,0,0,1,1,4075238685,3437971635,100,False,3,0,6,55.85064079319714,28.0,0.16,0.22,0.19
3919,653,../environments/smooth.17.csv,dist_only,4,-1,1,1,0,0,1,1,4075238685,3437971635,200,False,6,1,11,59.78249945448785,58.0,0.18,0.225,0.1925
3920,653,../environments/smooth.17.csv,dist_only,4,-1,1,1,0,0,1,1,4075238685,3437971635,300,False,8,1,16,51.33810419044944,84.0,0.16666666666666666,0.21666666666666667,0.19166666666666668
3921,653,../environments/smooth.17.csv,dist_only,4,-1,1,1,0,0,1,1,4075238685,3437971635,400,False,8,2,22,61.11156653803941,116.0,0.1675,0.205,0.188125
3922,653,../environments/smooth.17.csv,dist_only,4,-1,1,1,0,0,1,1,4075238685,3437971635,500,False,9,3,27,67.34300498078129,144.0,0.166,0.212,0.1905
3923,653,../environments/smooth.17.csv,dist_only,4,-1,1,1,0,0,1,1,4075238685,3437971635,599,False,14,6,41,63.86611172618903,174.0,0.17362270450751252,0.21202003338898165,0.19031719532554256
3924,654,../environments/smooth.17.csv,dist_only,4,-1,1,1,0,0,1,1,4075238685,4010425793,100,False,3,1,8,72.4086147301513,29.0,0.13,0.24,0.1925
3925,654,../environments/smooth.17.csv,dist_only,4,-1,1,1,0,0,1,1,4075238685,4010425793,200,False,6,3,18,57.96003063010444,58.0,0.14,0.235,0.18625
3926,654,../environments/smooth.17.csv,dist_only,4,-1,1,1,0,0,1,1,4075238685,4010425793,300,False,8,4,23,67.17114596570806,88.0,0.16,0.22,0.18916666666666668
3927,654,../environments/smooth.17.csv,dist_only,4,-1,1,1,0,0,1,1,4075238685,4010425793,400,False,12,5,31,51.04029057793727,115.0,0.17,0.22,0.19375
3928,654,../environments/smooth.17.csv,dist_only,4,-1,1,1,0,0,1,1,4075238685,4010425793,500,False,16,7,40,78.31656226181013,144.0,0.172,0.212,0.193
3929,654,../environments/smooth.17.csv,dist_only,4,-1,1,1,0,0,1,1,4075238685,4010425793,599,False,19,8,53,79.74017729366074,174.0,0.17529215358931552,0.21202003338898165,0.19156928213689484
3930,655,../environments/smooth.17.csv,dist_only,4,-1,1,1,0,0,1,1,4075238685,2734561081,100,False,3,0,8,78.75503983477793,28.0,0.17,0.22,0.2025
3931,655,../environments/smooth.17.csv,dist_only,4,-1,1,1,0,0,1,1,4075238685,2734561081,200,False,6,0,14,61.33585573088029,58.0,0.18,0.225,0.195
3932,655,../environments/smooth.17.csv,dist_only,4,-1,1,1,0,0,1,1,4075238685,2734561081,300,False,6,1,16,40.30019092447966,86.0,0.19666666666666666,0.23333333333333334,0.21333333333333335
3933,655,../environments/smooth.17.csv,dist_only,4,-1,1,1,0,0,1,1,4075238685,2734561081,400,False,8,4,25,40.62651457957265,113.0,0.205,0.2325,0.2125
3934,655,../environments/smooth.17.csv,dist_only,4,-1,1,1,0,0,1,1,4075238685,2734561081,500,False,9,7,31,63.823167625853024,142.0,0.198,0.232,0.209
3935,655,../environments/smooth.17.csv,dist_only,4,-1,1,1,0,0,1,1,4075238685,2734561081,599,False,12,8,40,54.30161271335963,171.0,0.19365609348914858,0.22537562604340566,0.20534223706176963
3936,656,../environments/smooth.17.csv,dist_only,4,-1,1,1,0,0,1,1,4075238685,1253946826,100,False,4,1,8,69.47062608730066,27.0,0.17,0.28,0.2125
3937,656,../environments/smooth.17.csv,dist_only,4,-1,1,1,0,0,1,1,4075238685,1253946826,200,False,6,3,18,52.33309603369332,55.0,0.19,0.245,0.20375
3938,656,../environments/smooth.17.csv,dist_only,4,-1,1,1,0,0,1,1,4075238685,1253946826,300,False,12,4,30,62.861646297813486,87.0,0.19333333333333333,0.23333333333333334,0.205
3939,656,../environments/smooth.17.csv,dist_only,4,-1,1,1,0,0,1,1,4075238685,1253946826,400,False,16,6,36,62.059148484428086,115.0,0.185,0.2325,0.20125
3940,656,../environments/smooth.17.csv,dist_only,4,-1,1,1,0,0,1,1,4075238685,1253946826,500,False,18,8,46,74.14482707408466,143.0,0.172,0.236,0.1985
3941,656,../environments/smooth.17.csv,dist_only,4,-1,1,1,0,0,1,1,4075238685,1253946826,599,False,20,10,55,43.49490515446993,173.0,0.17529215358931552,0.2303839732888147,0.1994991652754591
3942,657,../environments/smooth.17.csv,dist_only,4,-1,1,1,0,0,1,1,4075238685,1347984585,100,False,4,1,10,63.3876978576638,27.0,0.22,0.28,0.245
3943,657,../environments/smooth.17.csv,dist_only,4,-1,1,1,0,0,1,1,4075238685,1347984585,200,False,8,3,21,64.19116704284971,57.0,0.18,0.235,0.20625
3944,657,../environments/smooth.17.csv,dist_only,4,-1,1,1,0,0,1,1,4075238685,1347984585,300,False,11,5,30,86.55254258550308,86.0,0.19666666666666666,0.22666666666666666,0.20583333333333334
3945,657,../environments/smooth.17.csv,dist_only,4,-1,1,1,0,0,1,1,4075238685,1347984585,400,False,15,5,36,42.49858573064511,116.0,0.195,0.205,0.2
3946,657,../environments/smooth.17.csv,dist_only,4,-1,1,1,0,0,1,1,4075238685,1347984585,500,False,16,5,44,38.854598251091545,145.0,0.188,0.21,0.1995
3947,657,../environments/smooth.17.csv,dist_only,4,-1,1,1,0,0,1,1,4075238685,1347984585,599,False,19,8,52,75.83681372838376,171.0,0.18697829716193656,0.21035058430717862,0.2003338898163606
3948,658,../environments/smooth.17.csv,dist_only,4,-1,1,1,0,0,1,1,4075238685,884777651,100,False,4,0,8,73.97982166838787,29.0,0.13,0.23,0.195
3949,658,../environments/smooth.17.csv,dist_only,4,-1,1,1,0,0,1,1,4075238685,884777651,200,False,7,2,17,43.764922783020815,57.0,0.18,0.22,0.195
3950,658,../environments/smooth.17.csv,dist_only,4,-1,1,1,0,0,1,1,4075238685,884777651,300,False,9,5,26,71.97719650012849,85.0,0.19666666666666666,0.21666666666666667,0.21
3951,658,../environments/smooth.17.csv,dist_only,4,-1,1,1,0,0,1,1,4075238685,884777651,400,False,15,5,35,41.48610678796314,116.0,0.185,0.205,0.1975
3952,658,../environments/smooth.17.csv,dist_only,4,-1,1,1,0,0,1,1,4075238685,884777651,500,False,16,6,40,66.10501141911638,142.0,0.182,0.202,0.195
3953,658,../environments/smooth.17.csv,dist_only,4,-1,1,1,0,0,1,1,4075238685,884777651,599,False,18,8,49,61.66130268493812,172.0,0.19198664440734559,0.19532554257095158,0.19365609348914858
3954,659,../environments/smooth.17.csv,dist_only,4,-1,1,1,0,0,1,1,4075238685,2299003041,100,False,6,3,18,71.74670581396565,28.0,0.16,0.24,0.18
3955,659,../environments/smooth.17.csv,dist_only,4,-1,1,1,0,0,1,1,4075238685,2299003041,200,False,9,5,30,59.53655638189275,59.0,0.175,0.23,0.19125
3956,659,../environments/smooth.17.csv,dist_only,4,-1,1,1,0,0,1,1,4075238685,2299003041,300,False,12,5,34,54.603222956941316,87.0,0.18,0.23,0.19833333333333333
3957,659,../environments/smooth.17.csv,dist_only,4,-1,1,1,0,0,1,1,4075238685,2299003041,400,False,17,8,44,68.99093447132374,116.0,0.18,0.2025,0.1925
3958,659,../environments/smooth.17.csv,dist_only,4,-1,1,1,0,0,1,1,4075238685,2299003041,500,False,21,9,54,75.99666042670216,147.0,0.182,0.2,0.1895
3959,659,../environments/smooth.17.csv,dist_only,4,-1,1,1,0,0,1,1,4075238685,2299003041,599,False,22,9,58,66.32205250015599,175.0,0.17696160267111852,0.21202003338898165,0.1907345575959933
3960,660,../environments/smooth.17.csv,dist_only,4,-1,1,1,0,0,1,1,1315049272,3334515826,100,False,3,0,5,65.80629214560435,28.0,0.16,0.19,0.175
3961,660,../environments/smooth.17.csv,dist_only,4,-1,1,1,0,0,1,1,1315049272,3334515826,200,False,7,2,16,81.50272189886928,59.0,0.14,0.235,0.18375
3962,660,../environments/smooth.17.csv,dist_only,4,-1,1,1,0,0,1,1,1315049272,3334515826,300,False,8,4,23,62.42872592677571,87.0,0.16666666666666666,0.2,0.185
3963,660,../environments/smooth.17.csv,dist_only,4,-1,1,1,0,0,1,1,1315049272,3334515826,400,False,12,7,34,54.35658527552579,116.0,0.1775,0.205,0.188125
3964,660,../environments/smooth.17.csv,dist_only,4,-1,1,1,0,0,1,1,1315049272,3334515826,500,False,14,7,37,77.55976462524893,144.0,0.176,0.202,0.192
3965,660,../environments/smooth.17.csv,dist_only,4,-1,1,1,0,0,1,1,1315049272,3334515826,599,False,16,9,47,74.36299899680891,173.0,0.18196994991652754,0.1986644407345576,0.1911519198664441
3966,661,../environments/smooth.17.csv,dist_only,4,-1,1,1,0,0,1,1,1315049272,262994761,100,False,7,2,16,77.13608084274681,29.0,0.12,0.22,0.17
3967,661,../environments/smooth.17.csv,dist_only,4,-1,1,1,0,0,1,1,1315049272,262994761,200,False,11,4,25,35.949716421619996,58.0,0.125,0.205,0.175
3968,661,../environments/smooth.17.csv,dist_only,4,-1,1,1,0,0,1,1,1315049272,262994761,300,False,11,5,32,61.73839205553547,87.0,0.15,0.20666666666666667,0.18333333333333332
3969,661,../environments/smooth.17.csv,dist_only,4,-1,1,1,0,0,1,1,1315049272,262994761,400,False,14,5,36,70.12395247967885,117.0,0.155,0.2075,0.1825
3970,661,../environments/smooth.17.csv,dist_only,4,-1,1,1,0,0,1,1,1315049272,262994761,500,False,18,7,51,60.7779968649848,147.0,0.16,0.21,0.1855
3971,661,../environments/smooth.17.csv,dist_only,4,-1,1,1,0,0,1,1,1315049272,262994761,599,False,19,9,56,69.81114557114783,177.0,0.17362270450751252,0.21035058430717862,0.1882303839732888
3972,662,../environments/smooth.17.csv,dist_only,4,-1,1,1,0,0,1,1,1315049272,3602806192,100,False,5,0,10,67.01954834080553,28.0,0.17,0.24,0.2
3973,662,../environments/smooth.17.csv,dist_only,4,-1,1,1,0,0,1,1,1315049272,3602806192,200,False,7,3,23,63.571657743096274,58.0,0.17,0.225,0.1925
3974,662,../environments/smooth.17.csv,dist_only,4,-1,1,1,0,0,1,1,1315049272,3602806192,300,False,8,6,28,72.58191199203434,86.0,0.18,0.23,0.2025
3975,662,../environments/smooth.17.csv,dist_only,4,-1,1,1,0,0,1,1,1315049272,3602806192,400,False,11,9,39,60.566060289866236,114.0,0.1775,0.2225,0.19875
3976,662,../environments/smooth.17.csv,dist_only,4,-1,1,1,0,0,1,1,1315049272,3602806192,500,False,14,9,44,72.6005987106351,141.0,0.188,0.218,0.1975
3977,662,../environments/smooth.17.csv,dist_only,4,-1,1,1,0,0,1,1,1315049272,3602806192,599,False,15,9,50,30.55070838056253,170.0,0.19031719532554256,0.21702838063439064,0.20075125208681135
3978,663,../environments/smooth.17.csv,dist_only,4,-1,1,1,0,0,1,1,1315049272,3437971635,100,False,2,0,4,83.42644964419847,28.0,0.15,0.23,0.1775
3979,663,../environments/smooth.17.csv,dist_only,4,-1,1,1,0,0,1,1,1315049272,3437971635,200,False,5,2,13,58.55465296294686,58.0,0.15,0.235,0.1925
3980,663,../environments/smooth.17.csv,dist_only,4,-1,1,1,0,0,1,1,1315049272,3437971635,300,False,8,3,23,70.43766694923144,86.0,0.17666666666666667,0.21666666666666667,0.19666666666666666
3981,663,../environments/smooth.17.csv,dist_only,4,-1,1,1,0,0,1,1,1315049272,3437971635,400,False,9,4,27,76.3464546387365,115.0,0.18,0.205,0.1925
3982,663,../environments/smooth.17.csv,dist_only,4,-1,1,1,0,0,1,1,1315049272,3437971635,500,False,13,4,35,35.87968682556982,144.0,0.188,0.206,0.198
3983,663,../environments/smooth.17.csv,dist_only,4,-1,1,1,0,0,1,1,1315049272,3437971635,599,False,17,9,52,71.42589502897808,173.0,0.18530884808013356,0.20534223706176963,0.19532554257095158
3984,664,../environments/smooth.17.csv,dist_only,4,-1,1,1,0,0,1,1,1315049272,4010425793,100,False,5,2,13,90.71113667001802,29.0,0.13,0.23,0.1825
3985,664,../environments/smooth.17.csv,dist_only,4,-1,1,1,0,0,1,1,1315049272,4010425793,200,False,6,2,18,61.23400744749763,56.0,0.14,0.205,0.18125
3986,664,../environments/smooth.17.csv,dist_only,4,-1,1,1,0,0,1,1,1315049272,4010425793,300,False,8,2,25,58.497479395477086,88.0,0.13666666666666666,0.19666666666666666,0.17583333333333334
3987,664,../environments/smooth.17.csv,dist_only,4,-1,1,1,0,0,1,1,1315049272,4010425793,400,False,12,2,35,69.72726439268695,117.0,0.15,0.205,0.18625
3988,664,../environments/smooth.17.csv,dist_only,4,-1,1,1,0,0,1,1,1315049272,4010425793,500,False,16,6,44,40.69032167070495,145.0,0.162,0.206,0.1885
3989,664,../environments/smooth.17.csv,dist_only,4,-1,1,1,0,0,1,1,1315049272,4010425793,599,False,18,8,52,70.6619113042921,172.0,0.17028380634390652,0.2020033388981636,0.1911519198664441
3990,665,../environments/smooth.17.csv,dist_only,4,-1,1,1,0,0,1,1,1315049272,2734561081,100,False,3,0,4,58.61953811399267,28.0,0.2,0.24,0.2275
3991,665,../environments/smooth.17.csv,dist_only,4,-1,1,1,0,0,1,1,1315049272,2734561081,200,False,3,0,7,59.937695697543326,55.0,0.19,0.215,0.205
3992,665,../environments/smooth.17.csv,dist_only,4,-1,1,1,0,0,1,1,1315049272,2734561081,300,False,7,0,15,81.78697039748454,84.0,0.19,0.23,0.21166666666666667
3993,665,../environments/smooth.17.csv,dist_only,4,-1,1,1,0,0,1,1,1315049272,2734561081,400,False,9,1,25,57.07352737284597,112.0,0.2,0.2325,0.215625
3994,665,../environments/smooth.17.csv,dist_only,4,-1,1,1,0,0,1,1,1315049272,2734561081,500,False,13,3,38,69.66805408019465,141.0,0.2,0.222,0.2115
3995,665,../environments/smooth.17.csv,dist_only,4,-1,1,1,0,0,1,1,1315049272,2734561081,599,False,17,4,46,51.46030397356955,171.0,0.19365609348914858,0.21535893155258765,0.20492487479131888
3996,666,../environments/smooth.17.csv,dist_only,4,-1,1,1,0,0,1,1,1315049272,1253946826,100,False,2,1,7,53.913322007444606,26.0,0.15,0.28,0.22
3997,666,../environments/smooth.17.csv,dist_only,4,-1,1,1,0,0,1,1,1315049272,1253946826,200,False,7,4,21,70.97389826322124,57.0,0.175,0.24,0.20625
3998,666,../environments/smooth.17.csv,dist_only,4,-1,1,1,0,0,1,1,1315049272,1253946826,300,False,12,5,32,80.72216494849528,86.0,0.16666666666666666,0.23333333333333334,0.1975
3999,666,../environments/smooth.17.csv,dist_only,4,-1,1,1,0,0,1,1,1315049272,1253946826,400,False,12,8,40,98.53164301154453,117.0,0.1675,0.22,0.19125
4000,666,../environments/smooth.17.csv,dist_only,4,-1,1,1,0,0,1,1,1315049272,1253946826,500,False,14,8,43,46.972714069536366,146.0,0.166,0.214,0.191
4001,666,../environments/smooth.17.csv,dist_only,4,-1,1,1,0,0,1,1,1315049272,1253946826,599,False,16,9,50,45.677837294370875,175.0,0.17028380634390652,0.22036727879799667,0.1911519198664441
4002,667,../environments/smooth.17.csv,dist_only,4,-1,1,1,0,0,1,1,1315049272,1347984585,100,False,3,0,6,54.19005565378516,26.0,0.21,0.31,0.2525
4003,667,../environments/smooth.17.csv,dist_only,4,-1,1,1,0,0,1,1,1315049272,1347984585,200,False,6,3,18,65.53296774091088,55.0,0.2,0.275,0.23125
4004,667,../environments/smooth.17.csv,dist_only,4,-1,1,1,0,0,1,1,1315049272,1347984585,300,False,10,4,27,45.11866019247571,83.0,0.19666666666666666,0.27,0.22
4005,667,../environments/smooth.17.csv,dist_only,4,-1,1,1,0,0,1,1,1315049272,1347984585,400,False,13,5,32,51.29093669485184,112.0,0.18,0.265,0.211875
4006,667,../environments/smooth.17.csv,dist_only,4,-1,1,1,0,0,1,1,1315049272,1347984585,500,False,18,5,40,44.38418832384288,141.0,0.186,0.254,0.2115
4007,667,../environments/smooth.17.csv,dist_only,4,-1,1,1,0,0,1,1,1315049272,1347984585,599,False,18,7,45,44.02158825116158,170.0,0.19365609348914858,0.2370617696160267,0.2124373956594324
4008,668,../environments/smooth.17.csv,dist_only,4,-1,1,1,0,0,1,1,1315049272,884777651,100,False,4,1,8,49.99727918311772,28.0,0.15,0.21,0.1825
4009,668,../environments/smooth.17.csv,dist_only,4,-1,1,1,0,0,1,1,1315049272,884777651,200,False,6,1,16,69.26398807762324,58.0,0.165,0.23,0.19375
4010,668,../environments/smooth.17.csv,dist_only,4,-1,1,1,0,0,1,1,1315049272,884777651,300,False,8,3,21,94.19997554914407,86.0,0.16,0.20333333333333334,0.18666666666666668
4011,668,../environments/smooth.17.csv,dist_only,4,-1,1,1,0,0,1,1,1315049272,884777651,400,False,10,4,29,64.16311522791672,116.0,0.16,0.205,0.185
4012,668,../environments/smooth.17.csv,dist_only,4,-1,1,1,0,0,1,1,1315049272,884777651,500,False,16,6,39,28.632585715761365,146.0,0.162,0.2,0.186
4013,668,../environments/smooth.17.csv,dist_only,4,-1,1,1,0,0,1,1,1315049272,884777651,599,False,16,9,51,73.52150192330589,174.0,0.1636060100166945,0.20868113522537562,0.1898998330550918
4014,669,../environments/smooth.17.csv,dist_only,4,-1,1,1,0,0,1,1,1315049272,2299003041,100,False,2,1,7,82.63192656400301,29.0,0.13,0.24,0.18
4015,669,../environments/smooth.17.csv,dist_only,4,-1,1,1,0,0,1,1,1315049272,2299003041,200,False,8,3,20,81.46407985827747,58.0,0.135,0.2,0.16875
4016,669,../environments/smooth.17.csv,dist_only,4,-1,1,1,0,0,1,1,1315049272,2299003041,300,False,11,4,29,69.50581019072231,87.0,0.16,0.21,0.1825
4017,669,../environments/smooth.17.csv,dist_only,4,-1,1,1,0,0,1,1,1315049272,2299003041,400,False,18,6,39,30.229984912942403,115.0,0.1675,0.2075,0.185625
4018,669,../environments/smooth.17.csv,dist_only,4,-1,1,1,0,0,1,1,1315049272,2299003041,500,False,19,6,43,61.98477813895903,145.0,0.168,0.204,0.185
4019,669,../environments/smooth.17.csv,dist_only,4,-1,1,1,0,0,1,1,1315049272,2299003041,599,False,22,7,53,68.74816135308235,174.0,0.17362270450751252,0.20534223706176963,0.18781302170283806
4020,670,../environments/smooth.17.csv,dist_only,4,-1,1,1,0,0,1,1,664961228,3334515826,100,False,3,1,7,79.70411130293505,27.0,0.16,0.25,0.2125
4021,670,../environments/smooth.17.csv,dist_only,4,-1,1,1,0,0,1,1,664961228,3334515826,200,False,6,2,15,76.05590823609634,57.0,0.18,0.235,0.20625
4022,670,../environments/smooth.17.csv,dist_only,4,-1,1,1,0,0,1,1,664961228,3334515826,300,False,7,2,18,61.233317134972175,85.0,0.19666666666666666,0.22333333333333333,0.2075
4023,670,../environments/smooth.17.csv,dist_only,4,-1,1,1,0,0,1,1,664961228,3334515826,400,False,8,5,25,60.81721345906533,113.0,0.2025,0.2175,0.21125
4024,670,../environments/smooth.17.csv,dist_only,4,-1,1,1,0,0,1,1,664961228,3334515826,500,False,10,5,31,52.803648300399885,142.0,0.19,0.23,0.2145
4025,670,../environments/smooth.17.csv,dist_only,4,-1,1,1,0,0,1,1,664961228,3334515826,599,False,14,5,35,71.02826928515404,171.0,0.19365609348914858,0.2303839732888147,0.2124373956594324
4026,671,../environments/smooth.17.csv,dist_only,4,-1,1,1,0,0,1,1,664961228,262994761,100,False,7,1,13,87.23155860095727,29.0,0.13,0.24,0.19
4027,671,../environments/smooth.17.csv,dist_only,4,-1,1,1,0,0,1,1,664961228,262994761,200,False,8,3,21,78.0326424327177,57.0,0.135,0.25,0.19375
4028,671,../environments/smooth.17.csv,dist_only,4,-1,1,1,0,0,1,1,664961228,262994761,300,False,9,5,26,50.34415236079224,87.0,0.16,0.21666666666666667,0.18666666666666668
4029,671,../environments/smooth.17.csv,dist_only,4,-1,1,1,0,0,1,1,664961228,262994761,400,False,12,6,36,77.30982905082107,117.0,0.1725,0.2,0.189375
4030,671,../environments/smooth.17.csv,dist_only,4,-1,1,1,0,0,1,1,664961228,262994761,500,False,16,9,46,75.49850297814173,146.0,0.188,0.206,0.1935
4031,671,../environments/smooth.17.csv,dist_only,4,-1,1,1,0,0,1,1,664961228,262994761,599,False,17,11,52,69.86787264152008,174.0,0.17529215358931552,0.21702838063439064,0.19449081803005008
4032,672,../environments/smooth.17.csv,dist_only,4,-1,1,1,0,0,1,1,664961228,3602806192,100,False,4,1,9,63.10121797143452,27.0,0.15,0.28,0.21
4033,672,../environments/smooth.17.csv,dist_only,4,-1,1,1,0,0,1,1,664961228,3602806192,200,False,7,1,16,51.60486689189574,57.0,0.17,0.235,0.20875
4034,672,../environments/smooth.17.csv,dist_only,4,-1,1,1,0,0,1,1,664961228,3602806192,300,False,9,2,21,59.30161657110166,87.0,0.17333333333333334,0.23333333333333334,0.19833333333333333
4035,672,../environments/smooth.17.csv,dist_only,4,-1,1,1,0,0,1,1,664961228,3602806192,400,False,10,2,25,71.00819566583195,116.0,0.175,0.2075,0.195
4036,672,../environments/smooth.17.csv,dist_only,4,-1,1,1,0,0,1,1,664961228,3602806192,500,False,11,4,34,58.25559600125713,145.0,0.18,0.21,0.197
4037,672,../environments/smooth.17.csv,dist_only,4,-1,1,1,0,0,1,1,664961228,3602806192,599,False,14,9,44,59.0059453616445,174.0,0.18196994991652754,0.20534223706176963,0.19657762938230383
4038,673,../environments/smooth.17.csv,dist_only,4,-1,1,1,0,0,1,1,664961228,3437971635,100,False,2,1,5,54.28736426646303,28.0,0.17,0.23,0.1975
4039,673,../environments/smooth.17.csv,dist_only,4,-1,1,1,0,0,1,1,664961228,3437971635,200,False,5,1,11,56.80895697689867,57.0,0.18,0.2,0.1925
4040,673,../environments/smooth.17.csv,dist_only,4,-1,1,1,0,0,1,1,664961228,3437971635,300,False,9,1,24,66.16339102841988,86.0,0.19,0.20666666666666667,0.19833333333333333
4041,673,../environments/smooth.17.csv,dist_only,4,-1,1,1,0,0,1,1,664961228,3437971635,400,False,11,3,33,63.1551529439227,117.0,0.1775,0.205,0.1925
4042,673,../environments/smooth.17.csv,dist_only,4,-1,1,1,0,0,1,1,664961228,3437971635,500,False,13,6,39,61.16486277958278,145.0,0.188,0.2,0.1955
4043,673,../environments/smooth.17.csv,dist_only,4,-1,1,1,0,0,1,1,664961228,3437971635,599,False,15,7,47,83.70002060190492,176.0,0.18196994991652754,0.19198664440734559,0.1873956594323873
4044,674,../environments/smooth.17.csv,dist_only,4,-1,1,1,0,0,1,1,664961228,4010425793,100,False,6,1,10,49.5362227942175,29.0,0.13,0.24,0.1825
4045,674,../environments/smooth.17.csv,dist_only,4,-1,1,1,0,0,1,1,664961228,4010425793,200,False,10,4,27,67.40840801743141,57.0,0.135,0.215,0.185
4046,674,../environments/smooth.17.csv,dist_only,4,-1,1,1,0,0,1,1,664961228,4010425793,300,False,14,6,37,42.788903514779435,87.0,0.17,0.20333333333333334,0.1875
4047,674,../environments/smooth.17.csv,dist_only,4,-1,1,1,0,0,1,1,664961228,4010425793,400,False,14,6,42,60.704408185045175,114.0,0.185,0.2,0.19125
4048,674,../environments/smooth.17.csv,dist_only,4,-1,1,1,0,0,1,1,664961228,4010425793,500,False,15,6,46,46.5744546665161,145.0,0.184,0.198,0.1895
4049,674,../environments/smooth.17.csv,dist_only,4,-1,1,1,0,0,1,1,664961228,4010425793,599,False,15,7,49,38.9059460149879,173.0,0.17696160267111852,0.2003338898163606,0.18864774624373956
4050,675,../environments/smooth.17.csv,dist_only,4,-1,1,1,0,0,1,1,664961228,2734561081,100,False,2,0,4,75.99905176971873,28.0,0.2,0.24,0.2225
4051,675,../environments/smooth.17.csv,dist_only,4,-1,1,1,0,0,1,1,664961228,2734561081,200,False,5,2,14,61.61102791713854,56.0,0.19,0.235,0.2075
4052,675,../environments/smooth.17.csv,dist_only,4,-1,1,1,0,0,1,1,664961228,2734561081,300,False,9,5,27,72.75848244190907,85.0,0.19333333333333333,0.21666666666666667,0.205
4053,675,../environments/smooth.17.csv,dist_only,4,-1,1,1,0,0,1,1,664961228,2734561081,400,False,14,6,41,72.97626678380038,115.0,0.2,0.225,0.20875
4054,675,../environments/smooth.17.csv,dist_only,4,-1,1,1,0,0,1,1,664961228,2734561081,500,False,18,7,51,77.10331014443355,143.0,0.19,0.226,0.205
4055,675,../environments/smooth.17.csv,dist_only,4,-1,1,1,0,0,1,1,664961228,2734561081,599,False,19,8,57,46.783805963734984,173.0,0.18530884808013356,0.2270450751252087,0.2011686143572621
4056,676,../environments/smooth.17.csv,dist_only,4,-1,1,1,0,0,1,1,664961228,1253946826,100,False,6,1,10,70.59701720043626,28.0,0.19,0.24,0.21
4057,676,../environments/smooth.17.csv,dist_only,4,-1,1,1,0,0,1,1,664961228,1253946826,200,False,9,1,18,55.59078789020266,56.0,0.18,0.285,0.21875
4058,676,../environments/smooth.17.csv,dist_only,4,-1,1,1,0,0,1,1,664961228,1253946826,300,False,9,4,27,43.15264335877167,86.0,0.18666666666666668,0.25,0.2075
4059,676,../environments/smooth.17.csv,dist_only,4,-1,1,1,0,0,1,1,664961228,1253946826,400,False,13,4,33,73.57869584524408,113.0,0.1825,0.2475,0.205625
4060,676,../environments/smooth.17.csv,dist_only,4,-1,1,1,0,0,1,1,664961228,1253946826,500,False,15,5,37,36.793437396591386,144.0,0.18,0.232,0.2015
4061,676,../environments/smooth.17.csv,dist_only,4,-1,1,1,0,0,1,1,664961228,1253946826,599,False,17,5,45,81.74699251704777,171.0,0.18030050083472454,0.2303839732888147,0.2020033388981636
4062,677,../environments/smooth.17.csv,dist_only,4,-1,1,1,0,0,1,1,664961228,1347984585,100,False,3,1,8,55.67113673815072,27.0,0.21,0.29,0.245
4063,677,../environments/smooth.17.csv,dist_only,4,-1,1,1,0,0,1,1,664961228,1347984585,200,False,5,4,18,44.23129203296032,56.0,0.19,0.235,0.21625
4064,677,../environments/smooth.17.csv,dist_only,4,-1,1,1,0,0,1,1,664961228,1347984585,300,False,7,4,22,62.58480320019987,86.0,0.18,0.22333333333333333,0.20166666666666666
4065,677,../environments/smooth.17.csv,dist_only,4,-1,1,1,0,0,1,1,664961228,1347984585,400,False,10,7,34,85.26790912766417,115.0,0.1775,0.2225,0.205
4066,677,../environments/smooth.17.csv,dist_only,4,-1,1,1,0,0,1,1,664961228,1347984585,500,False,13,10,46,71.02376305020819,144.0,0.188,0.222,0.2055
4067,677,../environments/smooth.17.csv,dist_only,4,-1,1,1,0,0,1,1,664961228,1347984585,599,False,15,10,49,53.54762688327299,172.0,0.19365609348914858,0.23205342237061768,0.20575959933222038
4068,678,../environments/smooth.17.csv,dist_only,4,-1,1,1,0,0,1,1,664961228,884777651,100,False,4,2,11,62.11587067627036,27.0,0.16,0.28,0.2175
4069,678,../environments/smooth.17.csv,dist_only,4,-1,1,1,0,0,1,1,664961228,884777651,200,False,7,2,18,66.17597643336569,57.0,0.18,0.235,0.21875
4070,678,../environments/smooth.17.csv,dist_only,4,-1,1,1,0,0,1,1,664961228,884777651,300,False,9,2,22,88.49190019119891,85.0,0.19666666666666666,0.23,0.215
4071,678,../environments/smooth.17.csv,dist_only,4,-1,1,1,0,0,1,1,664961228,884777651,400,False,13,2,31,54.36704946009362,114.0,0.1875,0.2175,0.200625
4072,678,../environments/smooth.17.csv,dist_only,4,-1,1,1,0,0,1,1,664961228,884777651,500,False,14,3,38,29.85273918982459,144.0,0.188,0.232,0.2045
4073,678,../environments/smooth.17.csv,dist_only,4,-1,1,1,0,0,1,1,664961228,884777651,599,False,15,4,42,57.79205581017278,172.0,0.19198664440734559,0.21702838063439064,0.2011686143572621
4074,679,../environments/smooth.17.csv,dist_only,4,-1,1,1,0,0,1,1,664961228,2299003041,100,False,4,2,13,92.0442173590942,29.0,0.13,0.23,0.18
4075,679,../environments/smooth.17.csv,dist_only,4,-1,1,1,0,0,1,1,664961228,2299003041,200,False,7,3,20,68.79264552913207,58.0,0.145,0.2,0.17375
4076,679,../environments/smooth.17.csv,dist_only,4,-1,1,1,0,0,1,1,664961228,2299003041,300,False,8,5,27,90.94453578093405,87.0,0.17,0.21666666666666667,0.18666666666666668
4077,679,../environments/smooth.17.csv,dist_only,4,-1,1,1,0,0,1,1,664961228,2299003041,400,False,11,8,35,64.57178614258956,117.0,0.1675,0.205,0.18625
4078,679,../environments/smooth.17.csv,dist_only,4,-1,1,1,0,0,1,1,664961228,2299003041,500,False,13,10,47,40.0,146.0,0.164,0.194,0.185
4079,679,../environments/smooth.17.csv,dist_only,4,-1,1,1,0,0,1,1,664961228,2299003041,599,False,14,13,54,62.85740922289754,175.0,0.1686143572621035,0.19532554257095158,0.18405676126878132
4080,680,../environments/smooth.17.csv,dist_only,4,-1,1,1,0,0,1,1,1177807013,3334515826,100,False,4,1,10,51.386708060642945,28.0,0.16,0.23,0.19
4081,680,../environments/smooth.17.csv,dist_only,4,-1,1,1,0,0,1,1,1177807013,3334515826,200,False,7,3,19,58.084050610395394,57.0,0.18,0.22,0.1975
4082,680,../environments/smooth.17.csv,dist_only,4,-1,1,1,0,0,1,1,1177807013,3334515826,300,False,8,4,26,51.50201020562115,87.0,0.19,0.22,0.19916666666666666
4083,680,../environments/smooth.17.csv,dist_only,4,-1,1,1,0,0,1,1,1177807013,3334515826,400,False,10,5,29,37.754218453346205,115.0,0.1925,0.23,0.2025
4084,680,../environments/smooth.17.csv,dist_only,4,-1,1,1,0,0,1,1,1177807013,3334515826,500,False,10,6,33,43.925019992796265,145.0,0.188,0.232,0.204
4085,680,../environments/smooth.17.csv,dist_only,4,-1,1,1,0,0,1,1,1177807013,3334515826,599,False,14,7,41,48.47785558453454,173.0,0.18363939899833054,0.2303839732888147,0.20075125208681135
4086,681,../environments/smooth.17.csv,dist_only,4,-1,1,1,0,0,1,1,1177807013,262994761,100,False,1,0,2,54.87960063201889,25.0,0.19,0.27,0.2175
4087,681,../environments/smooth.17.csv,dist_only,4,-1,1,1,0,0,1,1,1177807013,262994761,200,False,4,0,10,60.63214714856991,55.0,0.17,0.265,0.20375
4088,681,../environments/smooth.17.csv,dist_only,4,-1,1,1,0,0,1,1,1177807013,262994761,300,False,8,1,21,76.93010934713939,85.0,0.16,0.24,0.19666666666666666
4089,681,../environments/smooth.17.csv,dist_only,4,-1,1,1,0,0,1,1,1177807013,262994761,400,False,11,3,29,68.06500635702542,113.0,0.1675,0.2175,0.1975
4090,681,../environments/smooth.17.csv,dist_only,4,-1,1,1,0,0,1,1,1177807013,262994761,500,False,16,4,41,45.3224755112299,140.0,0.164,0.212,0.197
4091,681,../environments/smooth.17.csv,dist_only,4,-1,1,1,0,0,1,1,1177807013,262994761,599,False,19,4,45,61.910086938183895,166.0,0.17362270450751252,0.2303839732888147,0.20409015025041735
4092,682,../environments/smooth.17.csv,dist_only,4,-1,1,1,0,0,1,1,1177807013,3602806192,100,False,1,0,3,41.371739087530855,26.0,0.15,0.33,0.2275
4093,682,../environments/smooth.17.csv,dist_only,4,-1,1,1,0,0,1,1,1177807013,3602806192,200,False,4,0,6,63.09538972747774,57.0,0.175,0.25,0.21
4094,682,../environments/smooth.17.csv,dist_only,4,-1,1,1,0,0,1,1,1177807013,3602806192,300,False,10,2,18,57.757071266308245,85.0,0.16666666666666666,0.23333333333333334,0.20166666666666666
4095,682,../environments/smooth.17.csv,dist_only,4,-1,1,1,0,0,1,1,1177807013,3602806192,400,False,13,3,27,73.43512022955224,113.0,0.18,0.22,0.205
4096,682,../environments/smooth.17.csv,dist_only,4,-1,1,1,0,0,1,1,1177807013,3602806192,500,False,16,6,42,56.74306416547541,143.0,0.176,0.21,0.197
4097,682,../environments/smooth.17.csv,dist_only,4,-1,1,1,0,0,1,1,1177807013,3602806192,599,False,20,8,54,68.20176079480734,171.0,0.18363939899833054,0.21202003338898165,0.19991652754590986
4098,683,../environments/smooth.17.csv,dist_only,4,-1,1,1,0,0,1,1,1177807013,3437971635,100,False,3,1,8,56.89731591559561,28.0,0.14,0.23,0.185
4099,683,../environments/smooth.17.csv,dist_only,4,-1,1,1,0,0,1,1,1177807013,3437971635,200,False,4,3,15,39.41760698575051,57.0,0.18,0.235,0.1975
4100,683,../environments/smooth.17.csv,dist_only,4,-1,1,1,0,0,1,1,1177807013,3437971635,300,False,8,5,25,51.2755345504215,86.0,0.19666666666666666,0.22666666666666666,0.20916666666666667
4101,683,../environments/smooth.17.csv,dist_only,4,-1,1,1,0,0,1,1,1177807013,3437971635,400,False,11,7,35,57.405751003082514,113.0,0.185,0.22,0.204375
4102,683,../environments/smooth.17.csv,dist_only,4,-1,1,1,0,0,1,1,1177807013,3437971635,500,False,15,9,47,69.98510749798004,143.0,0.188,0.218,0.201
4103,683,../environments/smooth.17.csv,dist_only,4,-1,1,1,0,0,1,1,1177807013,3437971635,599,False,17,9,54,52.38025235680955,171.0,0.18196994991652754,0.21535893155258765,0.19741235392320533
4104,684,../environments/smooth.17.csv,dist_only,4,-1,1,1,0,0,1,1,1177807013,4010425793,100,False,3,0,8,66.1350533149359,28.0,0.16,0.24,0.1975
4105,684,../environments/smooth.17.csv,dist_only,4,-1,1,1,0,0,1,1,1177807013,4010425793,200,False,6,3,16,81.5777323217125,57.0,0.18,0.205,0.19
4106,684,../environments/smooth.17.csv,dist_only,4,-1,1,1,0,0,1,1,1177807013,4010425793,300,False,10,3,22,46.70095237720086,88.0,0.17,0.19666666666666666,0.18583333333333332
4107,684,../environments/smooth.17.csv,dist_only,4,-1,1,1,0,0,1,1,1177807013,4010425793,400,False,13,4,27,54.63486249058923,116.0,0.195,0.205,0.200625
4108,684,../environments/smooth.17.csv,dist_only,4,-1,1,1,0,0,1,1,1177807013,4010425793,500,False,14,7,37,54.13894161364152,144.0,0.192,0.206,0.2015
4109,684,../environments/smooth.17.csv,dist_only,4,-1,1,1,0,0,1,1,1177807013,4010425793,599,False,19,8,47,49.91173435689489,173.0,0.18363939899833054,0.20701168614357263,0.19574290484140233
4110,685,../environments/smooth.17.csv,dist_only,4,-1,1,1,0,0,1,1,1177807013,2734561081,100,False,1,0,2,39.249959771883425,27.0,0.2,0.24,0.2225
4111,685,../environments/smooth.17.csv,dist_only,4,-1,1,1,0,0,1,1,1177807013,2734561081,200,False,3,1,9,66.20252846577523,54.0,0.19,0.24,0.2075
4112,685,../environments/smooth.17.csv,dist_only,4,-1,1,1,0,0,1,1,1177807013,2734561081,300,False,6,4,20,51.86762021772202,84.0,0.19666666666666666,0.23333333333333334,0.21833333333333332
4113,685,../environments/smooth.17.csv,dist_only,4,-1,1,1,0,0,1,1,1177807013,2734561081,400,False,8,5,27,57.92705527727942,111.0,0.2,0.2375,0.218125
4114,685,../environments/smooth.17.csv,dist_only,4,-1,1,1,0,0,1,1,1177807013,2734561081,500,False,10,6,31,78.8175885354677,141.0,0.206,0.238,0.2145
4115,685,../environments/smooth.17.csv,dist_only,4,-1,1,1,0,0,1,1,1177807013,2734561081,599,False,10,7,33,51.67326443701927,169.0,0.19532554257095158,0.23205342237061768,0.21160267111853087
4116,686,../environments/smooth.17.csv,dist_only,4,-1,1,1,0,0,1,1,1177807013,1253946826,100,False,2,0,4,62.50018786774217,27.0,0.17,0.25,0.2175
4117,686,../environments/smooth.17.csv,dist_only,4,-1,1,1,0,0,1,1,1177807013,1253946826,200,False,5,2,13,79.90255799809363,56.0,0.175,0.24,0.21125
4118,686,../environments/smooth.17.csv,dist_only,4,-1,1,1,0,0,1,1,1177807013,1253946826,300,False,11,3,23,89.46638148404537,85.0,0.16333333333333333,0.22,0.2
4119,686,../environments/smooth.17.csv,dist_only,4,-1,1,1,0,0,1,1,1177807013,1253946826,400,False,13,6,35,63.18152847273216,114.0,0.195,0.2225,0.208125
4120,686,../environments/smooth.17.csv,dist_only,4,-1,1,1,0,0,1,1,1177807013,1253946826,500,False,16,9,46,45.816103585390955,144.0,0.188,0.222,0.2065
4121,686,../environments/smooth.17.csv,dist_only,4,-1,1,1,0,0,1,1,1177807013,1253946826,599,False,16,12,54,51.18508409545947,170.0,0.19699499165275458,0.21535893155258765,0.20492487479131888
4122,687,../environments/smooth.17.csv,dist_only,4,-1,1,1,0,0,1,1,1177807013,1347984585,100,False,4,0,5,81.38706622512703,28.0,0.21,0.24,0.2325
4123,687,../environments/smooth.17.csv,dist_only,4,-1,1,1,0,0,1,1,1177807013,1347984585,200,False,6,2,15,74.7656792326741,57.0,0.18,0.235,0.21375
4124,687,../environments/smooth.17.csv,dist_only,4,-1,1,1,0,0,1,1,1177807013,1347984585,300,False,11,5,29,62.91679069315808,85.0,0.16333333333333333,0.21333333333333335,0.1975
4125,687,../environments/smooth.17.csv,dist_only,4,-1,1,1,0,0,1,1,1177807013,1347984585,400,False,14,5,34,65.36836239437247,116.0,0.1775,0.21,0.19875
4126,687,../environments/smooth.17.csv,dist_only,4,-1,1,1,0,0,1,1,1177807013,1347984585,500,False,16,8,47,73.73192708271242,145.0,0.178,0.222,0.198
4127,687,../environments/smooth.17.csv,dist_only,4,-1,1,1,0,0,1,1,1177807013,1347984585,599,False,18,9,54,72.48441149856245,173.0,0.17362270450751252,0.21535893155258765,0.19824707846410686
4128,688,../environments/smooth.17.csv,dist_only,4,-1,1,1,0,0,1,1,1177807013,884777651,100,False,1,0,3,51.118256841884886,28.0,0.16,0.23,0.1925
4129,688,../environments/smooth.17.csv,dist_only,4,-1,1,1,0,0,1,1,1177807013,884777651,200,False,8,1,13,62.53213340701248,58.0,0.17,0.235,0.20125
4130,688,../environments/smooth.17.csv,dist_only,4,-1,1,1,0,0,1,1,1177807013,884777651,300,False,10,1,19,58.367264684850674,87.0,0.18666666666666668,0.21666666666666667,0.1975
4131,688,../environments/smooth.17.csv,dist_only,4,-1,1,1,0,0,1,1,1177807013,884777651,400,False,12,2,29,64.30492216362906,117.0,0.175,0.2125,0.18875
4132,688,../environments/smooth.17.csv,dist_only,4,-1,1,1,0,0,1,1,1177807013,884777651,500,False,15,5,39,86.3314112482722,144.0,0.17,0.212,0.1855
4133,688,../environments/smooth.17.csv,dist_only,4,-1,1,1,0,0,1,1,1177807013,884777651,599,False,18,8,48,69.44515406624049,174.0,0.17028380634390652,0.2003338898163606,0.18530884808013356
4134,689,../environments/smooth.17.csv,dist_only,4,-1,1,1,0,0,1,1,1177807013,2299003041,100,False,3,0,5,43.15715367548919,27.0,0.16,0.26,0.1975
4135,689,../environments/smooth.17.csv,dist_only,4,-1,1,1,0,0,1,1,1177807013,2299003041,200,False,5,1,12,56.7156586724524,56.0,0.18,0.23,0.20375
4136,689,../environments/smooth.17.csv,dist_only,4,-1,1,1,0,0,1,1,1177807013,2299003041,300,False,10,2,23,49.72306270133639,86.0,0.18666666666666668,0.23333333333333334,0.20333333333333334
4137,689,../environments/smooth.17.csv,dist_only,4,-1,1,1,0,0,1,1,1177807013,2299003041,400,False,11,5,30,71.6147315836347,114.0,0.19,0.21,0.200625
4138,689,../environments/smooth.17.csv,dist_only,4,-1,1,1,0,0,1,1,1177807013,2299003041,500,False,12,7,36,69.08094523740307,143.0,0.198,0.21,0.2025
4139,689,../environments/smooth.17.csv,dist_only,4,-1,1,1,0,0,1,1,1177807013,2299003041,599,False,15,8,41,91.58114313373613,171.0,0.19365609348914858,0.20534223706176963,0.19782971619365608
4140,690,../environments/smooth.17.csv,dist_only,4,-1,1,1,0,0,1,1,2622444117,3334515826,100,False,3,0,5,46.53743468397973,27.0,0.17,0.21,0.1925
4141,690,../environments/smooth.17.csv,dist_only,4,-1,1,1,0,0,1,1,2622444117,3334515826,200,False,4,1,9,53.89086620850898,57.0,0.155,0.235,0.19
4142,690,../environments/smooth.17.csv,dist_only,4,-1,1,1,0,0,1,1,2622444117,3334515826,300,False,10,4,22,92.06482358420826,85.0,0.16,0.21666666666666667,0.18916666666666668
4143,690,../environments/smooth.17.csv,dist_only,4,-1,1,1,0,0,1,1,2622444117,3334515826,400,False,10,5,29,85.10950626281496,116.0,0.1725,0.205,0.183125
4144,690,../environments/smooth.17.csv,dist_only,4,-1,1,1,0,0,1,1,2622444117,3334515826,500,False,11,6,34,51.65825273366386,143.0,0.168,0.21,0.1885
4145,690,../environments/smooth.17.csv,dist_only,4,-1,1,1,0,0,1,1,2622444117,3334515826,599,False,13,8,41,33.148658606007125,172.0,0.18196994991652754,0.1986644407345576,0.19156928213689484
4146,691,../environments/smooth.17.csv,dist_only,4,-1,1,1,0,0,1,1,2622444117,262994761,100,False,4,0,10,52.87305180966988,28.0,0.16,0.18,0.17
4147,691,../environments/smooth.17.csv,dist_only,4,-1,1,1,0,0,1,1,2622444117,262994761,200,False,9,3,19,75.67175254318717,57.0,0.17,0.205,0.18375
4148,691,../environments/smooth.17.csv,dist_only,4,-1,1,1,0,0,1,1,2622444117,262994761,300,False,9,3,23,70.83624091104092,86.0,0.18,0.19666666666666666,0.18833333333333332
4149,691,../environments/smooth.17.csv,dist_only,4,-1,1,1,0,0,1,1,2622444117,262994761,400,False,13,4,32,70.56936792246756,115.0,0.17,0.2025,0.18875
4150,691,../environments/smooth.17.csv,dist_only,4,-1,1,1,0,0,1,1,2622444117,262994761,500,False,19,6,42,48.961287723418195,144.0,0.166,0.202,0.188
4151,691,../environments/smooth.17.csv,dist_only,4,-1,1,1,0,0,1,1,2622444117,262994761,599,False,19,8,47,54.388480830273394,169.0,0.17195325542570952,0.21035058430717862,0.19532554257095158
4152,692,../environments/smooth.17.csv,dist_only,4,-1,1,1,0,0,1,1,2622444117,3602806192,100,False,5,1,10,79.44842402012051,27.0,0.15,0.25,0.2075
4153,692,../environments/smooth.17.csv,dist_only,4,-1,1,1,0,0,1,1,2622444117,3602806192,200,False,10,2,22,51.39153834038875,57.0,0.165,0.225,0.2025
4154,692,../environments/smooth.17.csv,dist_only,4,-1,1,1,0,0,1,1,2622444117,3602806192,300,False,14,3,30,69.06774087411128,87.0,0.16,0.21666666666666667,0.19583333333333333
4155,692,../environments/smooth.17.csv,dist_only,4,-1,1,1,0,0,1,1,2622444117,3602806192,400,False,14,3,35,58.499972617101314,116.0,0.1575,0.225,0.19625
4156,692,../environments/smooth.17.csv,dist_only,4,-1,1,1,0,0,1,1,2622444117,3602806192,500,False,16,4,42,91.38024770175328,144.0,0.166,0.216,0.1935
4157,692,../environments/smooth.17.csv,dist_only,4,-1,1,1,0,0,1,1,2622444117,3602806192,599,False,18,6,53,61.95270074829574,175.0,0.17529215358931552,0.20534223706176963,0.18864774624373956
4158,693,../environments/smooth.17.csv,dist_only,4,-1,1,1,0,0,1,1,2622444117,3437971635,100,False,3,0,7,37.12372050701387,27.0,0.16,0.2,0.185
4159,693,../environments/smooth.17.csv,dist_only,4,-1,1,1,0,0,1,1,2622444117,3437971635,200,False,7,2,16,50.483902154712695,56.0,0.175,0.195,0.18375
4160,693,../environments/smooth.17.csv,dist_only,4,-1,1,1,0,0,1,1,2622444117,3437971635,300,False,8,3,21,52.7998935312247,83.0,0.17,0.21,0.19666666666666666
4161,693,../environments/smooth.17.csv,dist_only,4,-1,1,1,0,0,1,1,2622444117,3437971635,400,False,11,4,30,11.122417494872465,113.0,0.175,0.2075,0.1975
4162,693,../environments/smooth.17.csv,dist_only,4,-1,1,1,0,0,1,1,2622444117,3437971635,500,False,17,8,46,69.51031365710165,141.0,0.172,0.23,0.2005
4163,693,../environments/smooth.17.csv,dist_only,4,-1,1,1,0,0,1,1,2622444117,3437971635,599,False,17,11,55,54.53963241525035,171.0,0.17362270450751252,0.2270450751252087,0.1986644407345576
4164,694,../environments/smooth.17.csv,dist_only,4,-1,1,1,0,0,1,1,2622444117,4010425793,100,False,4,0,6,61.979186601437306,28.0,0.14,0.24,0.1925
4165,694,../environments/smooth.17.csv,dist_only,4,-1,1,1,0,0,1,1,2622444117,4010425793,200,False,5,2,14,62.10884119360515,57.0,0.145,0.235,0.20125
4166,694,../environments/smooth.17.csv,dist_only,4,-1,1,1,0,0,1,1,2622444117,4010425793,300,False,5,3,17,83.78501252515488,85.0,0.15,0.23333333333333334,0.20916666666666667
4167,694,../environments/smooth.17.csv,dist_only,4,-1,1,1,0,0,1,1,2622444117,4010425793,400,False,8,4,24,84.93979921857806,114.0,0.1375,0.2325,0.20625
4168,694,../environments/smooth.17.csv,dist_only,4,-1,1,1,0,0,1,1,2622444117,4010425793,500,False,10,6,35,58.31427731259837,142.0,0.148,0.232,0.206
4169,694,../environments/smooth.17.csv,dist_only,4,-1,1,1,0,0,1,1,2622444117,4010425793,599,False,16,10,49,52.87207602633655,171.0,0.15692821368948248,0.22036727879799667,0.20325542570951585
4170,695,../environments/smooth.17.csv,dist_only,4,-1,1,1,0,0,1,1,2622444117,2734561081,100,False,4,1,9,45.61956890242252,28.0,0.18,0.24,0.215
4171,695,../environments/smooth.17.csv,dist_only,4,-1,1,1,0,0,1,1,2622444117,2734561081,200,False,6,2,15,84.18888411433069,57.0,0.18,0.205,0.19625
4172,695,../environments/smooth.17.csv,dist_only,4,-1,1,1,0,0,1,1,2622444117,2734561081,300,False,10,5,30,70.72526725919913,85.0,0.17666666666666667,0.22,0.20333333333333334
4173,695,../environments/smooth.17.csv,dist_only,4,-1,1,1,0,0,1,1,2622444117,2734561081,400,False,15,6,38,53.22064269906832,115.0,0.1775,0.2325,0.21125
4174,695,../environments/smooth.17.csv,dist_only,4,-1,1,1,0,0,1,1,2622444117,2734561081,500,False,19,6,50,48.73961280075433,143.0,0.178,0.232,0.207
4175,695,../environments/smooth.17.csv,dist_only,4,-1,1,1,0,0,1,1,2622444117,2734561081,599,False,22,8,60,75.01580390793632,172.0,0.18030050083472454,0.2287145242070117,0.20242070116861435
4176,696,../environments/smooth.17.csv,dist_only,4,-1,1,1,0,0,1,1,2622444117,1253946826,100,False,3,0,7,57.638713426535574,28.0,0.16,0.24,0.195
4177,696,../environments/smooth.17.csv,dist_only,4,-1,1,1,0,0,1,1,2622444117,1253946826,200,False,5,1,10,87.96734488831032,58.0,0.165,0.225,0.19
4178,696,../environments/smooth.17.csv,dist_only,4,-1,1,1,0,0,1,1,2622444117,1253946826,300,False,10,3,20,67.67874500632199,88.0,0.16,0.22333333333333333,0.1875
4179,696,../environments/smooth.17.csv,dist_only,4,-1,1,1,0,0,1,1,2622444117,1253946826,400,False,10,7,32,49.875404220638444,117.0,0.1675,0.2175,0.19125
4180,696,../environments/smooth.17.csv,dist_only,4,-1,1,1,0,0,1,1,2622444117,1253946826,500,False,14,7,43,81.37710627332926,145.0,0.178,0.212,0.191
4181,696,../environments/smooth.17.csv,dist_only,4,-1,1,1,0,0,1,1,2622444117,1253946826,599,False,15,12,56,71.40469282877152,175.0,0.19031719532554256,0.2036727879799666,0.19407345575959933
4182,697,../environments/smooth.17.csv,dist_only,4,-1,1,1,0,0,1,1,2622444117,1347984585,100,False,3,1,7,56.85006008814954,27.0,0.21,0.3,0.2375
4183,697,../environments/smooth.17.csv,dist_only,4,-1,1,1,0,0,1,1,2622444117,1347984585,200,False,9,1,16,58.21981418459515,57.0,0.18,0.245,0.1975
4184,697,../environments/smooth.17.csv,dist_only,4,-1,1,1,0,0,1,1,2622444117,1347984585,300,False,14,2,28,63.01241407437507,87.0,0.16,0.24,0.18583333333333332
4185,697,../environments/smooth.17.csv,dist_only,4,-1,1,1,0,0,1,1,2622444117,1347984585,400,False,16,5,41,60.19189385031945,116.0,0.1725,0.2325,0.19
4186,697,../environments/smooth.17.csv,dist_only,4,-1,1,1,0,0,1,1,2622444117,1347984585,500,False,18,5,49,49.876809679219846,144.0,0.17,0.23,0.192
4187,697,../environments/smooth.17.csv,dist_only,4,-1,1,1,0,0,1,1,2622444117,1347984585,599,False,21,6,54,50.88421083954547,171.0,0.17529215358931552,0.2370617696160267,0.19574290484140233
4188,698,../environments/smooth.17.csv,dist_only,4,-1,1,1,0,0,1,1,2622444117,884777651,100,False,5,1,11,31.05263393944493,28.0,0.14,0.23,0.1825
4189,698,../environments/smooth.17.csv,dist_only,4,-1,1,1,0,0,1,1,2622444117,884777651,200,False,8,2,18,49.951258474051315,57.0,0.14,0.235,0.18625
4190,698,../environments/smooth.17.csv,dist_only,4,-1,1,1,0,0,1,1,2622444117,884777651,300,False,12,5,29,39.506891327211235,88.0,0.16,0.23,0.19583333333333333
4191,698,../environments/smooth.17.csv,dist_only,4,-1,1,1,0,0,1,1,2622444117,884777651,400,False,13,5,35,58.11336477694137,113.0,0.1575,0.2225,0.19875
4192,698,../environments/smooth.17.csv,dist_only,4,-1,1,1,0,0,1,1,2622444117,884777651,500,False,16,5,41,70.5113021051107,142.0,0.174,0.222,0.1985
4193,698,../environments/smooth.17.csv,dist_only,4,-1,1,1,0,0,1,1,2622444117,884777651,599,False,19,6,47,55.1352061185126,170.0,0.17863105175292154,0.21368948247078465,0.19782971619365608
4194,699,../environments/smooth.17.csv,dist_only,4,-1,1,1,0,0,1,1,2622444117,2299003041,100,False,4,1,8,57.175491716027125,28.0,0.18,0.24,0.22
4195,699,../environments/smooth.17.csv,dist_only,4,-1,1,1,0,0,1,1,2622444117,2299003041,200,False,7,1,12,44.65189160794418,55.0,0.195,0.235,0.22
4196,699,../environments/smooth.17.csv,dist_only,4,-1,1,1,0,0,1,1,2622444117,2299003041,300,False,12,1,19,43.951524914794376,84.0,0.18333333333333332,0.23333333333333334,0.215
4197,699,../environments/smooth.17.csv,dist_only,4,-1,1,1,0,0,1,1,2622444117,2299003041,400,False,12,2,28,52.301477072859925,111.0,0.18,0.2225,0.21
4198,699,../environments/smooth.17.csv,dist_only,4,-1,1,1,0,0,1,1,2622444117,2299003041,500,False,12,4,37,46.53411138937854,141.0,0.2,0.218,0.207
4199,699,../environments/smooth.17.csv,dist_only,4,-1,1,1,0,0,1,1,2622444117,2299003041,599,False,17,6,49,47.59545066746717,168.0,0.19365609348914858,0.21368948247078465,0.20158597662771285
4200,700,../environments/random.12.csv,dist_only,4,-1,1,1,0,0,1,1,2271760180,3334515826,100,False,3,0,5,83.29298117920413,28.0,0.17,0.19,0.1825
4201,700,../environments/random.12.csv,dist_only,4,-1,1,1,0,0,1,1,2271760180,3334515826,200,False,5,2,11,38.33806565936417,57.0,0.18,0.23,0.2075
4202,700,../environments/random.12.csv,dist_only,4,-1,1,1,0,0,1,1,2271760180,3334515826,300,False,8,3,21,68.65901499845377,84.0,0.19666666666666666,0.21333333333333335,0.20333333333333334
4203,700,../environments/random.12.csv,dist_only,4,-1,1,1,0,0,1,1,2271760180,3334515826,400,False,9,5,26,78.64652383301748,114.0,0.1825,0.2225,0.19875
4204,700,../environments/random.12.csv,dist_only,4,-1,1,1,0,0,1,1,2271760180,3334515826,500,False,11,5,31,68.92296389356858,142.0,0.188,0.232,0.2045
4205,700,../environments/random.12.csv,dist_only,4,-1,1,1,0,0,1,1,2271760180,3334515826,599,False,14,6,38,68.31414930036672,167.0,0.18196994991652754,0.21869782971619364,0.2020033388981636
4206,701,../environments/random.12.csv,dist_only,4,-1,1,1,0,0,1,1,2271760180,262994761,100,False,2,2,8,54.25711080770667,28.0,0.17,0.24,0.19
4207,701,../environments/random.12.csv,dist_only,4,-1,1,1,0,0,1,1,2271760180,262994761,200,False,4,3,14,46.312838897707515,57.0,0.17,0.2,0.18375
4208,701,../environments/random.12.csv,dist_only,4,-1,1,1,0,0,1,1,2271760180,262994761,300,False,6,4,20,38.46937508800971,86.0,0.16666666666666666,0.19666666666666666,0.18
4209,701,../environments/random.12.csv,dist_only,4,-1,1,1,0,0,1,1,2271760180,262994761,400,False,8,4,25,50.00291098980852,115.0,0.1725,0.205,0.185625
4210,701,../environments/random.12.csv,dist_only,4,-1,1,1,0,0,1,1,2271760180,262994761,500,False,13,6,33,63.407971349921915,145.0,0.166,0.206,0.1875
4211,701,../environments/random.12.csv,dist_only,4,-1,1,1,0,0,1,1,2271760180,262994761,599,False,16,6,40,46.02064347998406,173.0,0.17529215358931552,0.21535893155258765,0.19031719532554256
4212,702,../environments/random.12.csv,dist_only,4,-1,1,1,0,0,1,1,2271760180,3602806192,100,False,3,1,8,55.90905529808925,28.0,0.17,0.24,0.21
4213,702,../environments/random.12.csv,dist_only,4,-1,1,1,0,0,1,1,2271760180,3602806192,200,False,5,4,18,81.96897070785985,57.0,0.17,0.215,0.1975
4214,702,../environments/random.12.csv,dist_only,4,-1,1,1,0,0,1,1,2271760180,3602806192,300,False,7,4,22,75.61257522989993,87.0,0.19666666666666666,0.23,0.205
4215,702,../environments/random.12.csv,dist_only,4,-1,1,1,0,0,1,1,2271760180,3602806192,400,False,7,5,25,78.07503120040622,115.0,0.19,0.215,0.200625
4216,702,../environments/random.12.csv,dist_only,4,-1,1,1,0,0,1,1,2271760180,3602806192,500,False,10,7,35,68.0153414370654,145.0,0.188,0.21,0.1985
4217,702,../environments/random.12.csv,dist_only,4,-1,1,1,0,0,1,1,2271760180,3602806192,599,False,13,10,46,63.62328392977475,173.0,0.19365609348914858,0.21035058430717862,0.2020033388981636
4218,703,../environments/random.12.csv,dist_only,4,-1,1,1,0,0,1,1,2271760180,3437971635,100,False,3,2,9,71.39453139053313,28.0,0.18,0.19,0.1875
4219,703,../environments/random.12.csv,dist_only,4,-1,1,1,0,0,1,1,2271760180,3437971635,200,False,6,4,19,36.19806617113579,57.0,0.175,0.205,0.19125
4220,703,../environments/random.12.csv,dist_only,4,-1,1,1,0,0,1,1,2271760180,3437971635,300,False,10,5,25,57.55231548853051,86.0,0.18666666666666668,0.21666666666666667,0.19916666666666666
4221,703,../environments/random.12.csv,dist_only,4,-1,1,1,0,0,1,1,2271760180,3437971635,400,False,11,8,35,58.291776515810454,114.0,0.195,0.21,0.2025
4222,703,../environments/random.12.csv,dist_only,4,-1,1,1,0,0,1,1,2271760180,3437971635,500,False,12,10,42,67.06001973927279,143.0,0.19,0.21,0.2035
4223,703,../environments/random.12.csv,dist_only,4,-1,1,1,0,0,1,1,2271760180,3437971635,599,False,14,11,48,59.235005404105706,172.0,0.19365609348914858,0.20534223706176963,0.20158597662771285
4224,704,../environments/random.12.csv,dist_only,4,-1,1,1,0,0,1,1,2271760180,4010425793,100,False,3,1,8,54.62697338702117,26.0,0.16,0.24,0.2
4225,704,../environments/random.12.csv,dist_only,4,-1,1,1,0,0,1,1,2271760180,4010425793,200,False,7,2,17,42.42973597501169,54.0,0.185,0.21,0.19625
4226,704,../environments/random.12.csv,dist_only,4,-1,1,1,0,0,1,1,2271760180,4010425793,300,False,10,4,27,72.80218281841347,85.0,0.18666666666666668,0.21,0.19583333333333333
4227,704,../environments/random.12.csv,dist_only,4,-1,1,1,0,0,1,1,2271760180,4010425793,400,False,11,5,32,61.948139136512864,114.0,0.185,0.205,0.195625
4228,704,../environments/random.12.csv,dist_only,4,-1,1,1,0,0,1,1,2271760180,4010425793,500,False,12,6,37,79.746723619908,142.0,0.19,0.21,0.199
4229,704,../environments/random.12.csv,dist_only,4,-1,1,1,0,0,1,1,2271760180,4010425793,599,False,15,10,47,73.26067291681453,172.0,0.19031719532554256,0.2036727879799666,0.19574290484140233
4230,705,../environments/random.12.csv,dist_only,4,-1,1,1,0,0,1,1,2271760180,2734561081,100,False,4,1,9,52.862428508685106,28.0,0.16,0.23,0.195
4231,705,../environments/random.12.csv,dist_only,4,-1,1,1,0,0,1,1,2271760180,2734561081,200,False,7,2,16,41.24675433803556,57.0,0.18,0.235,0.19875
4232,705,../environments/random.12.csv,dist_only,4,-1,1,1,0,0,1,1,2271760180,2734561081,300,False,8,4,22,51.373492301497876,86.0,0.19333333333333333,0.22666666666666666,0.20416666666666666
4233,705,../environments/random.12.csv,dist_only,4,-1,1,1,0,0,1,1,2271760180,2734561081,400,False,10,5,26,45.15236820575181,115.0,0.1875,0.2325,0.205625
4234,705,../environments/random.12.csv,dist_only,4,-1,1,1,0,0,1,1,2271760180,2734561081,500,False,13,6,35,70.82262032210029,143.0,0.192,0.226,0.2055
4235,705,../environments/random.12.csv,dist_only,4,-1,1,1,0,0,1,1,2271760180,2734561081,599,False,16,8,46,70.56780188108567,173.0,0.18363939899833054,0.21702838063439064,0.19657762938230383
4236,706,../environments/random.12.csv,dist_only,4,-1,1,1,0,0,1,1,2271760180,1253946826,100,False,2,1,5,69.480924855307,28.0,0.13,0.25,0.205
4237,706,../environments/random.12.csv,dist_only,4,-1,1,1,0,0,1,1,2271760180,1253946826,200,False,5,3,16,62.28549388934746,56.0,0.185,0.235,0.20625
4238,706,../environments/random.12.csv,dist_only,4,-1,1,1,0,0,1,1,2271760180,1253946826,300,False,7,3,21,81.26146082984694,85.0,0.19,0.21,0.20166666666666666
4239,706,../environments/random.12.csv,dist_only,4,-1,1,1,0,0,1,1,2271760180,1253946826,400,False,10,5,29,49.875404220638444,115.0,0.1875,0.215,0.20125
4240,706,../environments/random.12.csv,dist_only,4,-1,1,1,0,0,1,1,2271760180,1253946826,500,False,12,5,32,66.32390486764166,144.0,0.188,0.206,0.1985
4241,706,../environments/random.12.csv,dist_only,4,-1,1,1,0,0,1,1,2271760180,1253946826,599,False,12,6,36,69.93346946463784,173.0,0.19365609348914858,0.21535893155258765,0.19908180300500836
4242,707,../environments/random.12.csv,dist_only,4,-1,1,1,0,0,1,1,2271760180,1347984585,100,False,2,0,4,51.60460158894384,25.0,0.17,0.25,0.23
4243,707,../environments/random.12.csv,dist_only,4,-1,1,1,0,0,1,1,2271760180,1347984585,200,False,4,3,13,50.91673181153522,57.0,0.18,0.235,0.21625
4244,707,../environments/random.12.csv,dist_only,4,-1,1,1,0,0,1,1,2271760180,1347984585,300,False,5,3,16,57.14766796727221,85.0,0.19666666666666666,0.23,0.21333333333333335
4245,707,../environments/random.12.csv,dist_only,4,-1,1,1,0,0,1,1,2271760180,1347984585,400,False,7,4,20,74.88643047737582,114.0,0.2025,0.22,0.20875
4246,707,../environments/random.12.csv,dist_only,4,-1,1,1,0,0,1,1,2271760180,1347984585,500,False,8,4,26,73.19053116932119,142.0,0.204,0.216,0.2095
4247,707,../environments/random.12.csv,dist_only,4,-1,1,1,0,0,1,1,2271760180,1347984585,599,False,10,5,32,87.26954959028674,173.0,0.19365609348914858,0.21202003338898165,0.20617696160267113
4248,708,../environments/random.12.csv,dist_only,4,-1,1,1,0,0,1,1,2271760180,884777651,100,False,4,1,9,54.09145746439995,28.0,0.19,0.23,0.215
4249,708,../environments/random.12.csv,dist_only,4,-1,1,1,0,0,1,1,2271760180,884777651,200,False,5,1,13,52.86738761835332,57.0,0.18,0.235,0.205
4250,708,../environments/random.12.csv,dist_only,4,-1,1,1,0,0,1,1,2271760180,884777651,300,False,6,4,21,94.4578499853495,87.0,0.18,0.23333333333333334,0.2
4251,708,../environments/random.12.csv,dist_only,4,-1,1,1,0,0,1,1,2271760180,884777651,400,False,8,5,27,38.120065449639796,115.0,0.1875,0.225,0.203125
4252,708,../environments/random.12.csv,dist_only,4,-1,1,1,0,0,1,1,2271760180,884777651,500,False,10,7,34,39.165959710957594,142.0,0.196,0.218,0.204
4253,708,../environments/random.12.csv,dist_only,4,-1,1,1,0,0,1,1,2271760180,884777651,599,False,11,8,36,65.49840167872092,171.0,0.19198664440734559,0.22370617696160267,0.2045075125208681
4254,709,../environments/random.12.csv,dist_only,4,-1,1,1,0,0,1,1,2271760180,2299003041,100,False,3,1,9,59.61157327661817,28.0,0.13,0.26,0.1925
4255,709,../environments/random.12.csv,dist_only,4,-1,1,1,0,0,1,1,2271760180,2299003041,200,False,5,3,16,72.75925102642518,57.0,0.17,0.22,0.19625
4256,709,../environments/random.12.csv,dist_only,4,-1,1,1,0,0,1,1,2271760180,2299003041,300,False,7,4,22,82.90139542752974,87.0,0.18,0.22,0.19666666666666666
4257,709,../environments/random.12.csv,dist_only,4,-1,1,1,0,0,1,1,2271760180,2299003041,400,False,10,5,29,57.84720447552296,116.0,0.1725,0.2225,0.19625
4258,709,../environments/random.12.csv,dist_only,4,-1,1,1,0,0,1,1,2271760180,2299003041,500,False,10,8,36,44.0688317472662,144.0,0.174,0.212,0.1915
4259,709,../environments/random.12.csv,dist_only,4,-1,1,1,0,0,1,1,2271760180,2299003041,599,False,12,11,45,68.17226957626184,175.0,0.17529215358931552,0.21202003338898165,0.18948247078464106
4260,710,../environments/random.12.csv,dist_only,4,-1,1,1,0,0,1,1,2515763587,3334515826,100,False,3,0,7,51.94220774991609,27.0,0.15,0.24,0.205
4261,710,../environments/random.12.csv,dist_only,4,-1,1,1,0,0,1,1,2515763587,3334515826,200,False,5,0,11,62.97348862955204,54.0,0.185,0.24,0.2125
4262,710,../environments/random.12.csv,dist_only,4,-1,1,1,0,0,1,1,2515763587,3334515826,300,False,6,1,16,43.286178256129595,83.0,0.19,0.20666666666666667,0.2025
4263,710,../environments/random.12.csv,dist_only,4,-1,1,1,0,0,1,1,2515763587,3334515826,400,False,9,3,25,55.53224957511167,113.0,0.2,0.215,0.204375
4264,710,../environments/random.12.csv,dist_only,4,-1,1,1,0,0,1,1,2515763587,3334515826,500,False,10,6,31,67.56729217238805,140.0,0.19,0.214,0.206
4265,710,../environments/random.12.csv,dist_only,4,-1,1,1,0,0,1,1,2515763587,3334515826,599,False,12,7,39,54.65463685383234,168.0,0.19532554257095158,0.21535893155258765,0.20784641068447413
4266,711,../environments/random.12.csv,dist_only,4,-1,1,1,0,0,1,1,2515763587,262994761,100,False,3,1,7,65.92903749183756,27.0,0.17,0.3,0.2225
4267,711,../environments/random.12.csv,dist_only,4,-1,1,1,0,0,1,1,2515763587,262994761,200,False,5,2,15,42.02096184087115,54.0,0.185,0.265,0.20625
4268,711,../environments/random.12.csv,dist_only,4,-1,1,1,0,0,1,1,2515763587,262994761,300,False,8,3,20,60.86742061889766,85.0,0.18333333333333332,0.23,0.20083333333333334
4269,711,../environments/random.12.csv,dist_only,4,-1,1,1,0,0,1,1,2515763587,262994761,400,False,10,5,29,39.014308417373044,114.0,0.18,0.225,0.198125
4270,711,../environments/random.12.csv,dist_only,4,-1,1,1,0,0,1,1,2515763587,262994761,500,False,11,6,35,40.84027787036074,143.0,0.188,0.212,0.2
4271,711,../environments/random.12.csv,dist_only,4,-1,1,1,0,0,1,1,2515763587,262994761,599,False,12,8,40,55.45062865415786,171.0,0.18864774624373956,0.21368948247078465,0.20242070116861435
4272,712,../environments/random.12.csv,dist_only,4,-1,1,1,0,0,1,1,2515763587,3602806192,100,False,2,1,6,75.93963094747428,28.0,0.15,0.22,0.18
4273,712,../environments/random.12.csv,dist_only,4,-1,1,1,0,0,1,1,2515763587,3602806192,200,False,4,2,11,63.801605875815824,58.0,0.155,0.21,0.185
4274,712,../environments/random.12.csv,dist_only,4,-1,1,1,0,0,1,1,2515763587,3602806192,300,False,6,3,17,49.93936985828421,86.0,0.15666666666666668,0.2,0.18166666666666667
4275,712,../environments/random.12.csv,dist_only,4,-1,1,1,0,0,1,1,2515763587,3602806192,400,False,8,4,23,48.91636033179303,116.0,0.17,0.2,0.18625
4276,712,../environments/random.12.csv,dist_only,4,-1,1,1,0,0,1,1,2515763587,3602806192,500,False,10,7,32,71.99177848429493,144.0,0.178,0.208,0.194
4277,712,../environments/random.12.csv,dist_only,4,-1,1,1,0,0,1,1,2515763587,3602806192,599,False,12,8,38,60.84091742026695,172.0,0.17195325542570952,0.21202003338898165,0.19323873121869783
4278,713,../environments/random.12.csv,dist_only,4,-1,1,1,0,0,1,1,2515763587,3437971635,100,False,2,1,5,70.84966257467826,28.0,0.16,0.21,0.185
4279,713,../environments/random.12.csv,dist_only,4,-1,1,1,0,0,1,1,2515763587,3437971635,200,False,6,2,14,51.44420783401819,58.0,0.18,0.2,0.18875
4280,713,../environments/random.12.csv,dist_only,4,-1,1,1,0,0,1,1,2515763587,3437971635,300,False,9,3,20,57.90867954593035,87.0,0.18,0.21666666666666667,0.19416666666666665
4281,713,../environments/random.12.csv,dist_only,4,-1,1,1,0,0,1,1,2515763587,3437971635,400,False,11,4,30,74.16285810475709,117.0,0.1725,0.2075,0.190625
4282,713,../environments/random.12.csv,dist_only,4,-1,1,1,0,0,1,1,2515763587,3437971635,500,False,13,6,37,41.564731226550236,145.0,0.186,0.21,0.197
4283,713,../environments/random.12.csv,dist_only,4,-1,1,1,0,0,1,1,2515763587,3437971635,599,False,14,6,43,39.46924698301706,175.0,0.17529215358931552,0.20534223706176963,0.19490818030050083
4284,714,../environments/random.12.csv,dist_only,4,-1,1,1,0,0,1,1,2515763587,4010425793,100,False,2,0,4,69.68773161098808,27.0,0.16,0.27,0.2125
4285,714,../environments/random.12.csv,dist_only,4,-1,1,1,0,0,1,1,2515763587,4010425793,200,False,4,0,7,23.335024943088413,56.0,0.155,0.225,0.19875
4286,714,../environments/random.12.csv,dist_only,4,-1,1,1,0,0,1,1,2515763587,4010425793,300,False,5,2,13,42.3991362254446,86.0,0.16333333333333333,0.21,0.19083333333333333
4287,714,../environments/random.12.csv,dist_only,4,-1,1,1,0,0,1,1,2515763587,4010425793,400,False,7,2,19,64.44752491907387,115.0,0.1725,0.22,0.195625
4288,714,../environments/random.12.csv,dist_only,4,-1,1,1,0,0,1,1,2515763587,4010425793,500,False,8,5,27,84.29838444073962,145.0,0.166,0.21,0.195
4289,714,../environments/random.12.csv,dist_only,4,-1,1,1,0,0,1,1,2515763587,4010425793,599,False,10,6,32,63.8819447545252,173.0,0.1652754590984975,0.21202003338898165,0.19616026711185308
4290,715,../environments/random.12.csv,dist_only,4,-1,1,1,0,0,1,1,2515763587,2734561081,100,False,2,0,4,55.9422045038898,28.0,0.18,0.24,0.1975
4291,715,../environments/random.12.csv,dist_only,4,-1,1,1,0,0,1,1,2515763587,2734561081,200,False,4,1,12,72.21771850346383,58.0,0.18,0.23,0.20375
4292,715,../environments/random.12.csv,dist_only,4,-1,1,1,0,0,1,1,2515763587,2734561081,300,False,9,2,19,55.57770117590792,86.0,0.17,0.22333333333333333,0.20083333333333334
4293,715,../environments/random.12.csv,dist_only,4,-1,1,1,0,0,1,1,2515763587,2734561081,400,False,11,5,28,29.31370849898476,115.0,0.1775,0.23,0.205
4294,715,../environments/random.12.csv,dist_only,4,-1,1,1,0,0,1,1,2515763587,2734561081,500,False,11,5,30,66.1006133813769,144.0,0.184,0.224,0.2015
4295,715,../environments/random.12.csv,dist_only,4,-1,1,1,0,0,1,1,2515763587,2734561081,599,False,13,5,34,75.65437278701262,173.0,0.17529215358931552,0.21202003338898165,0.19824707846410686
4296,716,../environments/random.12.csv,dist_only,4,-1,1,1,0,0,1,1,2515763587,1253946826,100,False,4,0,9,86.84730938020834,28.0,0.13,0.26,0.2125
4297,716,../environments/random.12.csv,dist_only,4,-1,1,1,0,0,1,1,2515763587,1253946826,200,False,6,1,16,85.66186216880884,57.0,0.155,0.235,0.2075
4298,716,../environments/random.12.csv,dist_only,4,-1,1,1,0,0,1,1,2515763587,1253946826,300,False,8,2,22,64.79933949215093,87.0,0.16,0.23333333333333334,0.2
4299,716,../environments/random.12.csv,dist_only,4,-1,1,1,0,0,1,1,2515763587,1253946826,400,False,10,3,27,66.83160172244419,116.0,0.1775,0.21,0.195625
4300,716,../environments/random.12.csv,dist_only,4,-1,1,1,0,0,1,1,2515763587,1253946826,500,False,10,5,33,80.37974080186643,144.0,0.19,0.198,0.1945
4301,716,../environments/random.12.csv,dist_only,4,-1,1,1,0,0,1,1,2515763587,1253946826,599,False,12,6,37,59.95546893794691,174.0,0.19198664440734559,0.20534223706176963,0.19657762938230383
4302,717,../environments/random.12.csv,dist_only,4,-1,1,1,0,0,1,1,2515763587,1347984585,100,False,5,0,9,67.04657381007979,28.0,0.22,0.24,0.235
4303,717,../environments/random.12.csv,dist_only,4,-1,1,1,0,0,1,1,2515763587,1347984585,200,False,7,0,16,78.63875240696078,55.0,0.2,0.24,0.22125
4304,717,../environments/random.12.csv,dist_only,4,-1,1,1,0,0,1,1,2515763587,1347984585,300,False,9,2,24,64.12149532024489,86.0,0.19333333333333333,0.23,0.20583333333333334
4305,717,../environments/random.12.csv,dist_only,4,-1,1,1,0,0,1,1,2515763587,1347984585,400,False,10,4,28,58.57269494858717,116.0,0.1775,0.215,0.200625
4306,717,../environments/random.12.csv,dist_only,4,-1,1,1,0,0,1,1,2515763587,1347984585,500,False,14,6,40,87.81836222917082,144.0,0.188,0.22,0.2065
4307,717,../environments/random.12.csv,dist_only,4,-1,1,1,0,0,1,1,2515763587,1347984585,599,False,14,9,48,59.31305197982957,171.0,0.17863105175292154,0.24207011686143573,0.20325542570951585
4308,718,../environments/random.12.csv,dist_only,4,-1,1,1,0,0,1,1,2515763587,884777651,100,False,2,1,6,69.27511758500222,27.0,0.2,0.25,0.2325
4309,718,../environments/random.12.csv,dist_only,4,-1,1,1,0,0,1,1,2515763587,884777651,200,False,4,3,14,43.995008305604195,57.0,0.18,0.235,0.20375
4310,718,../environments/random.12.csv,dist_only,4,-1,1,1,0,0,1,1,2515763587,884777651,300,False,8,6,28,42.145536147289214,86.0,0.19,0.24,0.205
4311,718,../environments/random.12.csv,dist_only,4,-1,1,1,0,0,1,1,2515763587,884777651,400,False,12,7,38,64.44743289088098,115.0,0.175,0.2375,0.19625
4312,718,../environments/random.12.csv,dist_only,4,-1,1,1,0,0,1,1,2515763587,884777651,500,False,13,9,46,75.38044909461199,144.0,0.18,0.232,0.196
4313,718,../environments/random.12.csv,dist_only,4,-1,1,1,0,0,1,1,2515763587,884777651,599,False,16,9,52,74.25543893566166,173.0,0.17529215358931552,0.2287145242070117,0.19490818030050083
4314,719,../environments/random.12.csv,dist_only,4,-1,1,1,0,0,1,1,2515763587,2299003041,100,False,2,0,5,68.14197494258156,28.0,0.13,0.26,0.2025
4315,719,../environments/random.12.csv,dist_only,4,-1,1,1,0,0,1,1,2515763587,2299003041,200,False,4,3,15,40.87596894526253,56.0,0.175,0.235,0.2125
4316,719,../environments/random.12.csv,dist_only,4,-1,1,1,0,0,1,1,2515763587,2299003041,300,False,6,4,20,62.57627075441165,83.0,0.18,0.23333333333333334,0.21416666666666667
4317,719,../environments/random.12.csv,dist_only,4,-1,1,1,0,0,1,1,2515763587,2299003041,400,False,7,5,24,43.95136218864701,111.0,0.185,0.2325,0.211875
4318,719,../environments/random.12.csv,dist_only,4,-1,1,1,0,0,1,1,2515763587,2299003041,500,False,9,6,31,43.304580595028334,141.0,0.188,0.232,0.2105
4319,719,../environments/random.12.csv,dist_only,4,-1,1,1,0,0,1,1,2515763587,2299003041,599,False,12,8,40,66.42594824055766,170.0,0.19031719532554256,0.22203672787979967,0.20617696160267113
4320,720,../environments/random.12.csv,dist_only,4,-1,1,1,0,0,1,1,3622058494,3334515826,100,False,2,1,5,58.80480869092491,28.0,0.13,0.26,0.1825
4321,720,../environments/random.12.csv,dist_only,4,-1,1,1,0,0,1,1,3622058494,3334515826,200,False,4,2,11,56.265251506473184,56.0,0.185,0.235,0.2175
4322,720,../environments/random.12.csv,dist_only,4,-1,1,1,0,0,1,1,3622058494,3334515826,300,False,6,2,17,58.12499873966151,85.0,0.19666666666666666,0.23333333333333334,0.215
4323,720,../environments/random.12.csv,dist_only,4,-1,1,1,0,0,1,1,3622058494,3334515826,400,False,8,4,25,63.77452542579578,112.0,0.2,0.2275,0.21125
4324,720,../environments/random.12.csv,dist_only,4,-1,1,1,0,0,1,1,3622058494,3334515826,500,False,10,6,35,53.34494012870552,142.0,0.188,0.222,0.208
4325,720,../environments/random.12.csv,dist_only,4,-1,1,1,0,0,1,1,3622058494,3334515826,599,False,12,8,42,43.29949003972451,171.0,0.19031719532554256,0.22036727879799667,0.20868113522537562
4326,721,../environments/random.12.csv,dist_only,4,-1,1,1,0,0,1,1,3622058494,262994761,100,False,3,1,9,57.897239357360704,28.0,0.18,0.23,0.2
4327,721,../environments/random.12.csv,dist_only,4,-1,1,1,0,0,1,1,3622058494,262994761,200,False,6,3,17,56.005981856884816,56.0,0.18,0.21,0.18875
4328,721,../environments/random.12.csv,dist_only,4,-1,1,1,0,0,1,1,3622058494,262994761,300,False,7,4,20,56.44905591948263,83.0,0.17333333333333334,0.21333333333333335,0.19583333333333333
4329,721,../environments/random.12.csv,dist_only,4,-1,1,1,0,0,1,1,3622058494,262994761,400,False,10,6,29,55.385028373454894,114.0,0.1775,0.205,0.19125
4330,721,../environments/random.12.csv,dist_only,4,-1,1,1,0,0,1,1,3622058494,262994761,500,False,12,7,36,50.812373621061845,144.0,0.186,0.206,0.1915
4331,721,../environments/random.12.csv,dist_only,4,-1,1,1,0,0,1,1,3622058494,262994761,599,False,12,8,40,49.42182873598307,170.0,0.17863105175292154,0.21035058430717862,0.19782971619365608
4332,722,../environments/random.12.csv,dist_only,4,-1,1,1,0,0,1,1,3622058494,3602806192,100,False,3,1,7,67.27370934031225,27.0,0.17,0.23,0.205
4333,722,../environments/random.12.csv,dist_only,4,-1,1,1,0,0,1,1,3622058494,3602806192,200,False,5,2,15,35.363445690119015,56.0,0.155,0.22,0.19875
4334,722,../environments/random.12.csv,dist_only,4,-1,1,1,0,0,1,1,3622058494,3602806192,300,False,9,2,22,58.60272874546868,86.0,0.16,0.2,0.18916666666666668
4335,722,../environments/random.12.csv,dist_only,4,-1,1,1,0,0,1,1,3622058494,3602806192,400,False,9,5,29,64.99982520202343,116.0,0.1575,0.2025,0.18625
4336,722,../environments/random.12.csv,dist_only,4,-1,1,1,0,0,1,1,3622058494,3602806192,500,False,10,8,37,61.35868122429035,145.0,0.166,0.196,0.1855
4337,722,../environments/random.12.csv,dist_only,4,-1,1,1,0,0,1,1,3622058494,3602806192,599,False,12,9,45,78.28243426934645,172.0,0.17696160267111852,0.2036727879799666,0.19031719532554256
4338,723,../environments/random.12.csv,dist_only,4,-1,1,1,0,0,1,1,3622058494,3437971635,100,False,4,1,8,43.080673058201306,28.0,0.19,0.24,0.21
4339,723,../environments/random.12.csv,dist_only,4,-1,1,1,0,0,1,1,3622058494,3437971635,200,False,7,3,19,52.020371963040354,57.0,0.175,0.22,0.19875
4340,723,../environments/random.12.csv,dist_only,4,-1,1,1,0,0,1,1,3622058494,3437971635,300,False,8,5,26,65.42119671703324,86.0,0.17,0.23333333333333334,0.20416666666666666
4341,723,../environments/random.12.csv,dist_only,4,-1,1,1,0,0,1,1,3622058494,3437971635,400,False,12,7,34,74.78979262453021,114.0,0.18,0.2075,0.195625
4342,723,../environments/random.12.csv,dist_only,4,-1,1,1,0,0,1,1,3622058494,3437971635,500,False,15,8,45,75.77628071550961,145.0,0.184,0.208,0.2005
4343,723,../environments/random.12.csv,dist_only,4,-1,1,1,0,0,1,1,3622058494,3437971635,599,False,19,8,54,64.8102658880204,174.0,0.17362270450751252,0.20868113522537562,0.19616026711185308
4344,724,../environments/random.12.csv,dist_only,4,-1,1,1,0,0,1,1,3622058494,4010425793,100,False,3,1,8,57.30969577763653,28.0,0.15,0.24,0.19
4345,724,../environments/random.12.csv,dist_only,4,-1,1,1,0,0,1,1,3622058494,4010425793,200,False,5,3,17,62.00361576245349,57.0,0.155,0.21,0.185
4346,724,../environments/random.12.csv,dist_only,4,-1,1,1,0,0,1,1,3622058494,4010425793,300,False,7,3,20,76.48378926598303,86.0,0.17,0.21,0.185
4347,724,../environments/random.12.csv,dist_only,4,-1,1,1,0,0,1,1,3622058494,4010425793,400,False,8,3,24,47.88226807605504,116.0,0.1775,0.205,0.193125
4348,724,../environments/random.12.csv,dist_only,4,-1,1,1,0,0,1,1,3622058494,4010425793,500,False,10,5,29,73.10406528126678,145.0,0.176,0.21,0.192
4349,724,../environments/random.12.csv,dist_only,4,-1,1,1,0,0,1,1,3622058494,4010425793,599,False,10,8,37,59.313026374518955,173.0,0.18530884808013356,0.20534223706176963,0.19449081803005008
4350,725,../environments/random.12.csv,dist_only,4,-1,1,1,0,0,1,1,3622058494,2734561081,100,False,3,2,10,75.10496119116559,28.0,0.18,0.24,0.21
4351,725,../environments/random.12.csv,dist_only,4,-1,1,1,0,0,1,1,3622058494,2734561081,200,False,4,2,12,75.06037601410586,57.0,0.18,0.22,0.2
4352,725,../environments/random.12.csv,dist_only,4,-1,1,1,0,0,1,1,3622058494,2734561081,300,False,8,3,22,32.55551757659121,87.0,0.18666666666666668,0.21666666666666667,0.19916666666666666
4353,725,../environments/random.12.csv,dist_only,4,-1,1,1,0,0,1,1,3622058494,2734561081,400,False,9,5,27,41.62400179013743,113.0,0.185,0.23,0.20125
4354,725,../environments/random.12.csv,dist_only,4,-1,1,1,0,0,1,1,3622058494,2734561081,500,False,10,8,36,43.348476958419056,141.0,0.188,0.224,0.1975
4355,725,../environments/random.12.csv,dist_only,4,-1,1,1,0,0,1,1,3622058494,2734561081,599,False,11,9,40,32.93258573177905,170.0,0.18363939899833054,0.21535893155258765,0.19574290484140233
4356,726,../environments/random.12.csv,dist_only,4,-1,1,1,0,0,1,1,3622058494,1253946826,100,False,1,0,2,53.610662379084445,27.0,0.19,0.28,0.235
4357,726,../environments/random.12.csv,dist_only,4,-1,1,1,0,0,1,1,3622058494,1253946826,200,False,4,1,10,66.52266050177116,55.0,0.2,0.265,0.22625
4358,726,../environments/random.12.csv,dist_only,4,-1,1,1,0,0,1,1,3622058494,1253946826,300,False,7,5,23,57.7519883421942,83.0,0.2,0.23666666666666666,0.21833333333333332
4359,726,../environments/random.12.csv,dist_only,4,-1,1,1,0,0,1,1,3622058494,1253946826,400,False,10,5,30,71.16878044602,114.0,0.205,0.2325,0.215
4360,726,../environments/random.12.csv,dist_only,4,-1,1,1,0,0,1,1,3622058494,1253946826,500,False,11,6,34,54.766577186530306,142.0,0.204,0.224,0.2125
4361,726,../environments/random.12.csv,dist_only,4,-1,1,1,0,0,1,1,3622058494,1253946826,599,False,14,7,43,75.60221572211066,171.0,0.1986644407345576,0.21535893155258765,0.20617696160267113
4362,727,../environments/random.12.csv,dist_only,4,-1,1,1,0,0,1,1,3622058494,1347984585,100,False,3,1,7,51.636010636622856,27.0,0.14,0.33,0.2375
4363,727,../environments/random.12.csv,dist_only,4,-1,1,1,0,0,1,1,3622058494,1347984585,200,False,5,2,13,77.05496241023215,57.0,0.18,0.235,0.20875
4364,727,../environments/random.12.csv,dist_only,4,-1,1,1,0,0,1,1,3622058494,1347984585,300,False,7,4,20,70.04178073229988,86.0,0.16,0.23333333333333334,0.20666666666666667
4365,727,../environments/random.12.csv,dist_only,4,-1,1,1,0,0,1,1,3622058494,1347984585,400,False,8,5,25,62.798735505325524,115.0,0.17,0.22,0.199375
4366,727,../environments/random.12.csv,dist_only,4,-1,1,1,0,0,1,1,3622058494,1347984585,500,False,12,5,33,67.68482829146095,143.0,0.178,0.218,0.199
4367,727,../environments/random.12.csv,dist_only,4,-1,1,1,0,0,1,1,3622058494,1347984585,599,False,16,5,39,58.25649835213624,172.0,0.17529215358931552,0.21368948247078465,0.19908180300500836
4368,728,../environments/random.12.csv,dist_only,4,-1,1,1,0,0,1,1,3622058494,884777651,100,False,4,1,10,67.31387529601308,28.0,0.18,0.23,0.205
4369,728,../environments/random.12.csv,dist_only,4,-1,1,1,0,0,1,1,3622058494,884777651,200,False,5,3,17,95.42788644953615,58.0,0.17,0.21,0.19
4370,728,../environments/random.12.csv,dist_only,4,-1,1,1,0,0,1,1,3622058494,884777651,300,False,7,5,26,64.25319562462202,87.0,0.17333333333333334,0.20333333333333334,0.19166666666666668
4371,728,../environments/random.12.csv,dist_only,4,-1,1,1,0,0,1,1,3622058494,884777651,400,False,11,6,34,78.60291358399509,118.0,0.1775,0.205,0.186875
4372,728,../environments/random.12.csv,dist_only,4,-1,1,1,0,0,1,1,3622058494,884777651,500,False,12,8,41,67.10992872074316,145.0,0.178,0.208,0.1935
4373,728,../environments/random.12.csv,dist_only,4,-1,1,1,0,0,1,1,3622058494,884777651,599,False,14,10,49,44.83291895526096,173.0,0.18196994991652754,0.2003338898163606,0.19407345575959933
4374,729,../environments/random.12.csv,dist_only,4,-1,1,1,0,0,1,1,3622058494,2299003041,100,False,3,1,9,61.16199608381084,29.0,0.13,0.17,0.1575
4375,729,../environments/random.12.csv,dist_only,4,-1,1,1,0,0,1,1,3622058494,2299003041,200,False,7,2,20,77.05019767486948,59.0,0.155,0.2,0.17875
4376,729,../environments/random.12.csv,dist_only,4,-1,1,1,0,0,1,1,3622058494,2299003041,300,False,9,2,25,47.53244891461731,86.0,0.16,0.22,0.19333333333333333
4377,729,../environments/random.12.csv,dist_only,4,-1,1,1,0,0,1,1,3622058494,2299003041,400,False,10,3,32,78.52431222678996,113.0,0.18,0.2075,0.196875
4378,729,../environments/random.12.csv,dist_only,4,-1,1,1,0,0,1,1,3622058494,2299003041,500,False,13,5,42,49.245146288179455,143.0,0.188,0.21,0.1955
4379,729,../environments/random.12.csv,dist_only,4,-1,1,1,0,0,1,1,3622058494,2299003041,599,False,15,5,48,77.09732570851897,174.0,0.18196994991652754,0.20701168614357263,0.19407345575959933
4380,730,../environments/random.12.csv,dist_only,4,-1,1,1,0,0,1,1,3859649351,3334515826,100,False,3,0,9,69.54568953109396,28.0,0.16,0.22,0.1925
4381,730,../environments/random.12.csv,dist_only,4,-1,1,1,0,0,1,1,3859649351,3334515826,200,False,7,2,18,44.32933563700108,57.0,0.18,0.235,0.2025
4382,730,../environments/random.12.csv,dist_only,4,-1,1,1,0,0,1,1,3859649351,3334515826,300,False,9,6,29,34.08636274336041,87.0,0.18,0.22666666666666666,0.2
4383,730,../environments/random.12.csv,dist_only,4,-1,1,1,0,0,1,1,3859649351,3334515826,400,False,10,7,34,52.23341420442594,113.0,0.185,0.2175,0.201875
4384,730,../environments/random.12.csv,dist_only,4,-1,1,1,0,0,1,1,3859649351,3334515826,500,False,13,8,43,66.56769831215433,142.0,0.19,0.21,0.205
4385,730,../environments/random.12.csv,dist_only,4,-1,1,1,0,0,1,1,3859649351,3334515826,599,False,16,11,50,28.654307035331943,170.0,0.2036727879799666,0.21035058430717862,0.20742904841402338
4386,731,../environments/random.12.csv,dist_only,4,-1,1,1,0,0,1,1,3859649351,262994761,100,False,4,1,8,74.24374207383023,30.0,0.13,0.17,0.145
4387,731,../environments/random.12.csv,dist_only,4,-1,1,1,0,0,1,1,3859649351,262994761,200,False,5,1,13,41.48723594359835,59.0,0.15,0.18,0.1675
4388,731,../environments/random.12.csv,dist_only,4,-1,1,1,0,0,1,1,3859649351,262994761,300,False,7,2,20,59.801987943967305,87.0,0.17,0.18333333333333332,0.17666666666666667
4389,731,../environments/random.12.csv,dist_only,4,-1,1,1,0,0,1,1,3859649351,262994761,400,False,8,3,25,54.2204948067489,117.0,0.165,0.1925,0.179375
4390,731,../environments/random.12.csv,dist_only,4,-1,1,1,0,0,1,1,3859649351,262994761,500,False,10,6,31,56.008881034282176,143.0,0.184,0.202,0.1895
4391,731,../environments/random.12.csv,dist_only,4,-1,1,1,0,0,1,1,3859649351,262994761,599,False,11,6,39,62.006970991226474,171.0,0.18030050083472454,0.19699499165275458,0.1890651085141903
4392,732,../environments/random.12.csv,dist_only,4,-1,1,1,0,0,1,1,3859649351,3602806192,100,False,4,1,8,89.2460920971815,27.0,0.17,0.28,0.225
4393,732,../environments/random.12.csv,dist_only,4,-1,1,1,0,0,1,1,3859649351,3602806192,200,False,5,2,13,50.630459437231366,57.0,0.175,0.23,0.21
4394,732,../environments/random.12.csv,dist_only,4,-1,1,1,0,0,1,1,3859649351,3602806192,300,False,7,2,20,44.58887769764321,85.0,0.17,0.23333333333333334,0.20333333333333334
4395,732,../environments/random.12.csv,dist_only,4,-1,1,1,0,0,1,1,3859649351,3602806192,400,False,9,4,30,61.76901411569043,114.0,0.17,0.225,0.208125
4396,732,../environments/random.12.csv,dist_only,4,-1,1,1,0,0,1,1,3859649351,3602806192,500,False,12,4,36,80.07365696431933,143.0,0.174,0.222,0.2045
4397,732,../environments/random.12.csv,dist_only,4,-1,1,1,0,0,1,1,3859649351,3602806192,599,False,15,5,44,51.50000994117013,172.0,0.17529215358931552,0.21869782971619364,0.2011686143572621
4398,733,../environments/random.12.csv,dist_only,4,-1,1,1,0,0,1,1,3859649351,3437971635,100,False,3,1,6,80.13097343229143,28.0,0.15,0.19,0.175
4399,733,../environments/random.12.csv,dist_only,4,-1,1,1,0,0,1,1,3859649351,3437971635,200,False,6,2,13,45.951232369962995,58.0,0.165,0.19,0.17625
4400,733,../environments/random.12.csv,dist_only,4,-1,1,1,0,0,1,1,3859649351,3437971635,300,False,8,2,18,16.64455688890349,84.0,0.17333333333333334,0.19666666666666666,0.18583333333333332
4401,733,../environments/random.12.csv,dist_only,4,-1,1,1,0,0,1,1,3859649351,3437971635,400,False,8,3,24,25.896558686009868,114.0,0.17,0.185,0.17875
4402,733,../environments/random.12.csv,dist_only,4,-1,1,1,0,0,1,1,3859649351,3437971635,500,False,9,7,32,28.170153381929282,141.0,0.182,0.19,0.1875
4403,733,../environments/random.12.csv,dist_only,4,-1,1,1,0,0,1,1,3859649351,3437971635,599,False,11,9,40,70.81509260538817,171.0,0.17863105175292154,0.19365609348914858,0.18864774624373956
4404,734,../environments/random.12.csv,dist_only,4,-1,1,1,0,0,1,1,3859649351,4010425793,100,False,3,1,8,75.16177535968171,30.0,0.12,0.24,0.1825
4405,734,../environments/random.12.csv,dist_only,4,-1,1,1,0,0,1,1,3859649351,4010425793,200,False,4,2,13,86.66446762178985,57.0,0.13,0.27,0.18125
4406,734,../environments/random.12.csv,dist_only,4,-1,1,1,0,0,1,1,3859649351,4010425793,300,False,7,4,22,63.186525532642214,87.0,0.15,0.23666666666666666,0.185
4407,734,../environments/random.12.csv,dist_only,4,-1,1,1,0,0,1,1,3859649351,4010425793,400,False,9,7,31,26.366769332710895,116.0,0.1775,0.2325,0.19625
4408,734,../environments/random.12.csv,dist_only,4,-1,1,1,0,0,1,1,3859649351,4010425793,500,False,11,9,41,24.511656101008334,145.0,0.178,0.218,0.1935
4409,734,../environments/random.12.csv,dist_only,4,-1,1,1,0,0,1,1,3859649351,4010425793,599,False,14,10,48,41.32748869389952,169.0,0.17696160267111852,0.23205342237061768,0.19991652754590986
4410,735,../environments/random.12.csv,dist_only,4,-1,1,1,0,0,1,1,3859649351,2734561081,100,False,3,0,6,67.35964478199354,28.0,0.19,0.24,0.2225
4411,735,../environments/random.12.csv,dist_only,4,-1,1,1,0,0,1,1,3859649351,2734561081,200,False,6,1,13,75.27832087120143,58.0,0.18,0.23,0.19375
4412,735,../environments/random.12.csv,dist_only,4,-1,1,1,0,0,1,1,3859649351,2734561081,300,False,8,2,19,71.58276645848859,86.0,0.19,0.21,0.20083333333333334
4413,735,../environments/random.12.csv,dist_only,4,-1,1,1,0,0,1,1,3859649351,2734561081,400,False,10,2,27,53.674785733011966,114.0,0.2,0.2225,0.211875
4414,735,../environments/random.12.csv,dist_only,4,-1,1,1,0,0,1,1,3859649351,2734561081,500,False,12,4,32,46.90623561049091,141.0,0.188,0.228,0.208
4415,735,../environments/random.12.csv,dist_only,4,-1,1,1,0,0,1,1,3859649351,2734561081,599,False,13,7,39,69.58017848315357,171.0,0.19031719532554256,0.21869782971619364,0.2011686143572621
4416,736,../environments/random.12.csv,dist_only,4,-1,1,1,0,0,1,1,3859649351,1253946826,100,False,4,1,10,67.48322288815345,28.0,0.15,0.2,0.1675
4417,736,../environments/random.12.csv,dist_only,4,-1,1,1,0,0,1,1,3859649351,1253946826,200,False,5,2,15,74.10821038755483,58.0,0.18,0.19,0.18375
4418,736,../environments/random.12.csv,dist_only,4,-1,1,1,0,0,1,1,3859649351,1253946826,300,False,7,4,21,59.971794260147334,88.0,0.18333333333333332,0.19666666666666666,0.1925
4419,736,../environments/random.12.csv,dist_only,4,-1,1,1,0,0,1,1,3859649351,1253946826,400,False,9,8,34,72.92346209926968,115.0,0.1825,0.21,0.193125
4420,736,../environments/random.12.csv,dist_only,4,-1,1,1,0,0,1,1,3859649351,1253946826,500,False,12,10,43,52.885620125230716,145.0,0.188,0.202,0.192
4421,736,../environments/random.12.csv,dist_only,4,-1,1,1,0,0,1,1,3859649351,1253946826,599,False,14,10,50,64.72715779106376,173.0,0.18697829716193656,0.2036727879799666,0.19449081803005008
4422,737,../environments/random.12.csv,dist_only,4,-1,1,1,0,0,1,1,3859649351,1347984585,100,False,2,1,6,39.14867763045116,27.0,0.17,0.28,0.23
4423,737,../environments/random.12.csv,dist_only,4,-1,1,1,0,0,1,1,3859649351,1347984585,200,False,5,2,14,71.24439391100982,56.0,0.18,0.27,0.20875
4424,737,../environments/random.12.csv,dist_only,4,-1,1,1,0,0,1,1,3859649351,1347984585,300,False,6,6,24,58.36461285267704,86.0,0.18666666666666668,0.25333333333333335,0.205
4425,737,../environments/random.12.csv,dist_only,4,-1,1,1,0,0,1,1,3859649351,1347984585,400,False,8,7,29,45.654503580583565,114.0,0.18,0.23,0.1975
4426,737,../environments/random.12.csv,dist_only,4,-1,1,1,0,0,1,1,3859649351,1347984585,500,False,10,8,35,76.07502429077141,143.0,0.188,0.218,0.2
4427,737,../environments/random.12.csv,dist_only,4,-1,1,1,0,0,1,1,3859649351,1347984585,599,False,12,10,46,73.88417728314595,171.0,0.19365609348914858,0.21368948247078465,0.20325542570951585
4428,738,../environments/random.12.csv,dist_only,4,-1,1,1,0,0,1,1,3859649351,884777651,100,False,3,0,6,72.97088978989454,29.0,0.13,0.23,0.2
4429,738,../environments/random.12.csv,dist_only,4,-1,1,1,0,0,1,1,3859649351,884777651,200,False,5,2,14,77.86521854704696,57.0,0.175,0.22,0.19875
4430,738,../environments/random.12.csv,dist_only,4,-1,1,1,0,0,1,1,3859649351,884777651,300,False,8,3,22,66.61180858815634,86.0,0.18666666666666668,0.22,0.20166666666666666
4431,738,../environments/random.12.csv,dist_only,4,-1,1,1,0,0,1,1,3859649351,884777651,400,False,10,3,28,67.32812249916296,115.0,0.19,0.2225,0.203125
4432,738,../environments/random.12.csv,dist_only,4,-1,1,1,0,0,1,1,3859649351,884777651,500,False,13,5,36,66.7194759199314,142.0,0.186,0.228,0.2045
4433,738,../environments/random.12.csv,dist_only,4,-1,1,1,0,0,1,1,3859649351,884777651,599,False,15,6,42,53.828317359881694,169.0,0.19365609348914858,0.21535893155258765,0.2028380634390651
4434,739,../environments/random.12.csv,dist_only,4,-1,1,1,0,0,1,1,3859649351,2299003041,100,False,3,2,9,69.84885697816578,27.0,0.14,0.25,0.1975
4435,739,../environments/random.12.csv,dist_only,4,-1,1,1,0,0,1,1,3859649351,2299003041,200,False,5,3,16,52.61521276392182,57.0,0.18,0.24,0.20125
4436,739,../environments/random.12.csv,dist_only,4,-1,1,1,0,0,1,1,3859649351,2299003041,300,False,7,6,26,87.9344305935297,85.0,0.18666666666666668,0.23666666666666666,0.20583333333333334
4437,739,../environments/random.12.csv,dist_only,4,-1,1,1,0,0,1,1,3859649351,2299003041,400,False,8,8,32,54.99363475067723,115.0,0.17,0.2225,0.2
4438,739,../environments/random.12.csv,dist_only,4,-1,1,1,0,0,1,1,3859649351,2299003041,500,False,12,8,38,60.9836448590278,143.0,0.174,0.218,0.1965
4439,739,../environments/random.12.csv,dist_only,4,-1,1,1,0,0,1,1,3859649351,2299003041,599,False,14,9,45,84.06975778174149,173.0,0.17028380634390652,0.21869782971619364,0.19574290484140233
4440,740,../environments/random.12.csv,dist_only,4,-1,1,1,0,0,1,1,3788962293,3334515826,100,False,3,0,7,56.692127630134465,28.0,0.14,0.2,0.1675
4441,740,../environments/random.12.csv,dist_only,4,-1,1,1,0,0,1,1,3788962293,3334515826,200,False,5,2,14,76.56717115951605,57.0,0.175,0.24,0.19375
4442,740,../environments/random.12.csv,dist_only,4,-1,1,1,0,0,1,1,3788962293,3334515826,300,False,9,3,23,60.72605255963819,86.0,0.17,0.22666666666666666,0.1925
4443,740,../environments/random.12.csv,dist_only,4,-1,1,1,0,0,1,1,3788962293,3334515826,400,False,10,5,32,54.9821255269682,115.0,0.16,0.2325,0.19125
4444,740,../environments/random.12.csv,dist_only,4,-1,1,1,0,0,1,1,3788962293,3334515826,500,False,13,8,41,62.8924439894498,144.0,0.18,0.232,0.1995
4445,740,../environments/random.12.csv,dist_only,4,-1,1,1,0,0,1,1,3788962293,3334515826,599,False,15,8,45,53.82626108067866,172.0,0.18196994991652754,0.22036727879799667,0.19741235392320533
4446,741,../environments/random.12.csv,dist_only,4,-1,1,1,0,0,1,1,3788962293,262994761,100,False,3,1,7,59.498826190624975,26.0,0.18,0.26,0.2175
4447,741,../environments/random.12.csv,dist_only,4,-1,1,1,0,0,1,1,3788962293,262994761,200,False,4,3,14,55.898997888314085,56.0,0.18,0.235,0.21625
4448,741,../environments/random.12.csv,dist_only,4,-1,1,1,0,0,1,1,3788962293,262994761,300,False,6,4,20,77.99185677077558,85.0,0.17333333333333334,0.23333333333333334,0.20833333333333334
4449,741,../environments/random.12.csv,dist_only,4,-1,1,1,0,0,1,1,3788962293,262994761,400,False,10,5,31,59.89490776035365,114.0,0.1675,0.2325,0.199375
4450,741,../environments/random.12.csv,dist_only,4,-1,1,1,0,0,1,1,3788962293,262994761,500,False,11,6,35,73.00408140799698,145.0,0.166,0.232,0.1955
4451,741,../environments/random.12.csv,dist_only,4,-1,1,1,0,0,1,1,3788962293,262994761,599,False,14,8,45,65.75842784208425,171.0,0.17028380634390652,0.23205342237061768,0.20158597662771285
4452,742,../environments/random.12.csv,dist_only,4,-1,1,1,0,0,1,1,3788962293,3602806192,100,False,1,0,3,81.92642779342994,28.0,0.13,0.24,0.195
4453,742,../environments/random.12.csv,dist_only,4,-1,1,1,0,0,1,1,3788962293,3602806192,200,False,3,2,10,66.50165436943985,56.0,0.16,0.21,0.19125
4454,742,../environments/random.12.csv,dist_only,4,-1,1,1,0,0,1,1,3788962293,3602806192,300,False,7,3,19,65.40863408070308,86.0,0.16333333333333333,0.21333333333333335,0.18833333333333332
4455,742,../environments/random.12.csv,dist_only,4,-1,1,1,0,0,1,1,3788962293,3602806192,400,False,8,4,26,37.561623147291215,116.0,0.1775,0.205,0.191875
4456,742,../environments/random.12.csv,dist_only,4,-1,1,1,0,0,1,1,3788962293,3602806192,500,False,11,5,36,73.68708543960358,145.0,0.18,0.2,0.191
4457,742,../environments/random.12.csv,dist_only,4,-1,1,1,0,0,1,1,3788962293,3602806192,599,False,15,6,47,77.77671031948643,175.0,0.18196994991652754,0.19365609348914858,0.18614357262103506
4458,743,../environments/random.12.csv,dist_only,4,-1,1,1,0,0,1,1,3788962293,3437971635,100,False,3,0,6,60.23184924893009,27.0,0.16,0.2,0.1825
4459,743,../environments/random.12.csv,dist_only,4,-1,1,1,0,0,1,1,3788962293,3437971635,200,False,6,1,15,77.2677871713278,56.0,0.18,0.205,0.19375
4460,743,../environments/random.12.csv,dist_only,4,-1,1,1,0,0,1,1,3788962293,3437971635,300,False,8,1,22,79.06209489308387,86.0,0.17666666666666667,0.20666666666666667,0.18916666666666668
4461,743,../environments/random.12.csv,dist_only,4,-1,1,1,0,0,1,1,3788962293,3437971635,400,False,9,5,28,62.45871161422944,116.0,0.1775,0.2,0.191875
4462,743,../environments/random.12.csv,dist_only,4,-1,1,1,0,0,1,1,3788962293,3437971635,500,False,12,5,37,71.89895277223104,143.0,0.188,0.212,0.201
4463,743,../environments/random.12.csv,dist_only,4,-1,1,1,0,0,1,1,3788962293,3437971635,599,False,17,6,50,70.52570093430484,173.0,0.19031719532554256,0.21202003338898165,0.19782971619365608
4464,744,../environments/random.12.csv,dist_only,4,-1,1,1,0,0,1,1,3788962293,4010425793,100,False,4,1,9,48.513398692564195,28.0,0.19,0.24,0.2175
4465,744,../environments/random.12.csv,dist_only,4,-1,1,1,0,0,1,1,3788962293,4010425793,200,False,6,3,17,60.8078456024804,57.0,0.16,0.235,0.1975
4466,744,../environments/random.12.csv,dist_only,4,-1,1,1,0,0,1,1,3788962293,4010425793,300,False,9,5,29,67.00183701675014,88.0,0.16,0.22333333333333333,0.18916666666666668
4467,744,../environments/random.12.csv,dist_only,4,-1,1,1,0,0,1,1,3788962293,4010425793,400,False,11,6,34,44.174492619478876,114.0,0.155,0.215,0.1925
4468,744,../environments/random.12.csv,dist_only,4,-1,1,1,0,0,1,1,3788962293,4010425793,500,False,11,8,38,65.836207444109,140.0,0.172,0.212,0.196
4469,744,../environments/random.12.csv,dist_only,4,-1,1,1,0,0,1,1,3788962293,4010425793,599,False,12,9,42,60.64450419202042,171.0,0.17362270450751252,0.21202003338898165,0.19490818030050083
4470,745,../environments/random.12.csv,dist_only,4,-1,1,1,0,0,1,1,3788962293,2734561081,100,False,1,0,3,64.49669849394145,28.0,0.19,0.23,0.215
4471,745,../environments/random.12.csv,dist_only,4,-1,1,1,0,0,1,1,3788962293,2734561081,200,False,4,2,12,89.67645266758038,57.0,0.18,0.215,0.20125
4472,745,../environments/random.12.csv,dist_only,4,-1,1,1,0,0,1,1,3788962293,2734561081,300,False,6,3,17,42.8905731798004,86.0,0.17666666666666667,0.21333333333333335,0.19916666666666666
4473,745,../environments/random.12.csv,dist_only,4,-1,1,1,0,0,1,1,3788962293,2734561081,400,False,9,5,26,40.63938455700243,114.0,0.18,0.225,0.20375
4474,745,../environments/random.12.csv,dist_only,4,-1,1,1,0,0,1,1,3788962293,2734561081,500,False,12,8,36,39.52935502693508,142.0,0.196,0.214,0.2005
4475,745,../environments/random.12.csv,dist_only,4,-1,1,1,0,0,1,1,3788962293,2734561081,599,False,14,9,41,75.03543518340288,171.0,0.19365609348914858,0.20701168614357263,0.1994991652754591
4476,746,../environments/random.12.csv,dist_only,4,-1,1,1,0,0,1,1,3788962293,1253946826,100,False,3,0,6,64.97279996915086,28.0,0.13,0.27,0.2175
4477,746,../environments/random.12.csv,dist_only,4,-1,1,1,0,0,1,1,3788962293,1253946826,200,False,9,2,17,91.81190446118967,56.0,0.18,0.24,0.21125
4478,746,../environments/random.12.csv,dist_only,4,-1,1,1,0,0,1,1,3788962293,1253946826,300,False,10,3,26,94.38736662818945,85.0,0.16666666666666666,0.22666666666666666,0.20083333333333334
4479,746,../environments/random.12.csv,dist_only,4,-1,1,1,0,0,1,1,3788962293,1253946826,400,False,10,5,32,53.087505678695294,114.0,0.175,0.2175,0.204375
4480,746,../environments/random.12.csv,dist_only,4,-1,1,1,0,0,1,1,3788962293,1253946826,500,False,13,8,41,58.10934285938262,144.0,0.18,0.216,0.199
4481,746,../environments/random.12.csv,dist_only,4,-1,1,1,0,0,1,1,3788962293,1253946826,599,False,14,9,46,75.53704092395193,172.0,0.17529215358931552,0.22036727879799667,0.2036727879799666
4482,747,../environments/random.12.csv,dist_only,4,-1,1,1,0,0,1,1,3788962293,1347984585,100,False,4,1,9,53.80402755332687,27.0,0.19,0.25,0.2275
4483,747,../environments/random.12.csv,dist_only,4,-1,1,1,0,0,1,1,3788962293,1347984585,200,False,6,1,14,21.395623132202232,56.0,0.175,0.24,0.215
4484,747,../environments/random.12.csv,dist_only,4,-1,1,1,0,0,1,1,3788962293,1347984585,300,False,8,3,20,56.26530244714327,84.0,0.17,0.23333333333333334,0.2125
4485,747,../environments/random.12.csv,dist_only,4,-1,1,1,0,0,1,1,3788962293,1347984585,400,False,9,5,27,61.43181206402805,113.0,0.1875,0.2325,0.209375
4486,747,../environments/random.12.csv,dist_only,4,-1,1,1,0,0,1,1,3788962293,1347984585,500,False,12,5,36,80.42104208743471,141.0,0.186,0.22,0.2075
4487,747,../environments/random.12.csv,dist_only,4,-1,1,1,0,0,1,1,3788962293,1347984585,599,False,13,6,41,59.181675728302665,169.0,0.19365609348914858,0.22036727879799667,0.20993322203672787
4488,748,../environments/random.12.csv,dist_only,4,-1,1,1,0,0,1,1,3788962293,884777651,100,False,2,1,6,61.88981403251923,28.0,0.19,0.24,0.215
4489,748,../environments/random.12.csv,dist_only,4,-1,1,1,0,0,1,1,3788962293,884777651,200,False,7,2,17,53.031516436044,57.0,0.18,0.215,0.1975
4490,748,../environments/random.12.csv,dist_only,4,-1,1,1,0,0,1,1,3788962293,884777651,300,False,7,3,21,80.80343686822536,86.0,0.19,0.21,0.1975
4491,748,../environments/random.12.csv,dist_only,4,-1,1,1,0,0,1,1,3788962293,884777651,400,False,10,6,33,52.76388453222523,118.0,0.1775,0.205,0.18875
4492,748,../environments/random.12.csv,dist_only,4,-1,1,1,0,0,1,1,3788962293,884777651,500,False,13,9,42,36.70953511978006,143.0,0.178,0.21,0.193
4493,748,../environments/random.12.csv,dist_only,4,-1,1,1,0,0,1,1,3788962293,884777651,599,False,14,11,50,51.24842808094966,172.0,0.19031719532554256,0.2020033388981636,0.19407345575959933
4494,749,../environments/random.12.csv,dist_only,4,-1,1,1,0,0,1,1,3788962293,2299003041,100,False,3,0,8,70.21811399045046,27.0,0.16,0.22,0.1825
4495,749,../environments/random.12.csv,dist_only,4,-1,1,1,0,0,1,1,3788962293,2299003041,200,False,7,1,20,85.59518525296399,58.0,0.17,0.205,0.18375
4496,749,../environments/random.12.csv,dist_only,4,-1,1,1,0,0,1,1,3788962293,2299003041,300,False,10,3,29,90.24687269513302,86.0,0.17666666666666667,0.2,0.1925
4497,749,../environments/random.12.csv,dist_only,4,-1,1,1,0,0,1,1,3788962293,2299003041,400,False,12,5,36,59.90486709713008,116.0,0.1775,0.2025,0.1925
4498,749,../environments/random.12.csv,dist_only,4,-1,1,1,0,0,1,1,3788962293,2299003041,500,False,14,6,42,69.41947243620974,144.0,0.188,0.202,0.196
4499,749,../environments/random.12.csv,dist_only,4,-1,1,1,0,0,1,1,3788962293,2299003041,599,False,14,7,46,63.98818299963469,175.0,0.17529215358931552,0.2036727879799666,0.19156928213689484
4500,750,../environments/random.12.csv,dist_only,4,-1,1,1,0,0,1,1,4075238685,3334515826,100,False,2,1,7,66.74069503000914,28.0,0.15,0.22,0.1875
4501,750,../environments/random.12.csv,dist_only,4,-1,1,1,0,0,1,1,4075238685,3334515826,200,False,5,2,15,82.72784622302794,55.0,0.165,0.24,0.21
4502,750,../environments/random.12.csv,dist_only,4,-1,1,1,0,0,1,1,4075238685,3334515826,300,False,7,4,22,77.94951552440794,83.0,0.16333333333333333,0.23,0.205
4503,750,../environments/random.12.csv,dist_only,4,-1,1,1,0,0,1,1,4075238685,3334515826,400,False,9,5,27,51.64003241283241,112.0,0.1775,0.225,0.204375
4504,750,../environments/random.12.csv,dist_only,4,-1,1,1,0,0,1,1,4075238685,3334515826,500,False,12,6,36,35.82120922369582,140.0,0.188,0.232,0.2065
4505,750,../environments/random.12.csv,dist_only,4,-1,1,1,0,0,1,1,4075238685,3334515826,599,False,13,8,43,56.30185098293481,168.0,0.2036727879799666,0.21702838063439064,0.20742904841402338
4506,751,../environments/random.12.csv,dist_only,4,-1,1,1,0,0,1,1,4075238685,262994761,100,False,4,1,8,63.192435474683414,28.0,0.14,0.21,0.17
4507,751,../environments/random.12.csv,dist_only,4,-1,1,1,0,0,1,1,4075238685,262994761,200,False,5,2,14,83.0475870082465,58.0,0.16,0.225,0.18625
4508,751,../environments/random.12.csv,dist_only,4,-1,1,1,0,0,1,1,4075238685,262994761,300,False,7,3,21,38.471114306057196,88.0,0.17666666666666667,0.19666666666666666,0.19166666666666668
4509,751,../environments/random.12.csv,dist_only,4,-1,1,1,0,0,1,1,4075238685,262994761,400,False,8,6,26,59.48427637626047,116.0,0.1775,0.205,0.1925
4510,751,../environments/random.12.csv,dist_only,4,-1,1,1,0,0,1,1,4075238685,262994761,500,False,10,7,35,68.75154141864805,145.0,0.178,0.206,0.191
4511,751,../environments/random.12.csv,dist_only,4,-1,1,1,0,0,1,1,4075238685,262994761,599,False,13,9,45,63.1227564044989,173.0,0.17529215358931552,0.21202003338898165,0.1890651085141903
4512,752,../environments/random.12.csv,dist_only,4,-1,1,1,0,0,1,1,4075238685,3602806192,100,False,2,1,6,39.54453697703366,26.0,0.17,0.27,0.225
4513,752,../environments/random.12.csv,dist_only,4,-1,1,1,0,0,1,1,4075238685,3602806192,200,False,5,3,18,70.00952846254754,53.0,0.19,0.235,0.21625
4514,752,../environments/random.12.csv,dist_only,4,-1,1,1,0,0,1,1,4075238685,3602806192,300,False,8,5,25,63.70250446016793,82.0,0.19333333333333333,0.22333333333333333,0.20666666666666667
4515,752,../environments/random.12.csv,dist_only,4,-1,1,1,0,0,1,1,4075238685,3602806192,400,False,8,6,29,40.888159731519636,111.0,0.195,0.2175,0.205625
4516,752,../environments/random.12.csv,dist_only,4,-1,1,1,0,0,1,1,4075238685,3602806192,500,False,11,8,38,53.71752622784269,137.0,0.192,0.216,0.2025
4517,752,../environments/random.12.csv,dist_only,4,-1,1,1,0,0,1,1,4075238685,3602806192,599,False,12,9,42,58.30268394347857,165.0,0.19532554257095158,0.21035058430717862,0.20158597662771285
4518,753,../environments/random.12.csv,dist_only,4,-1,1,1,0,0,1,1,4075238685,3437971635,100,False,2,1,7,70.34924893979138,28.0,0.18,0.24,0.21
4519,753,../environments/random.12.csv,dist_only,4,-1,1,1,0,0,1,1,4075238685,3437971635,200,False,4,2,11,53.34551442524922,56.0,0.195,0.21,0.2025
4520,753,../environments/random.12.csv,dist_only,4,-1,1,1,0,0,1,1,4075238685,3437971635,300,False,8,4,23,41.763106178808776,86.0,0.18666666666666668,0.21,0.2
4521,753,../environments/random.12.csv,dist_only,4,-1,1,1,0,0,1,1,4075238685,3437971635,400,False,10,5,28,57.475107088245224,115.0,0.1825,0.2125,0.198125
4522,753,../environments/random.12.csv,dist_only,4,-1,1,1,0,0,1,1,4075238685,3437971635,500,False,12,5,33,74.09052712116309,145.0,0.188,0.208,0.197
4523,753,../environments/random.12.csv,dist_only,4,-1,1,1,0,0,1,1,4075238685,3437971635,599,False,13,7,36,73.57577190312722,174.0,0.18530884808013356,0.2003338898163606,0.19323873121869783
4524,754,../environments/random.12.csv,dist_only,4,-1,1,1,0,0,1,1,4075238685,4010425793,100,False,3,1,7,50.6347756722773,28.0,0.17,0.24,0.1975
4525,754,../environments/random.12.csv,dist_only,4,-1,1,1,0,0,1,1,4075238685,4010425793,200,False,6,5,22,66.42220596349287,57.0,0.16,0.195,0.18125
4526,754,../environments/random.12.csv,dist_only,4,-1,1,1,0,0,1,1,4075238685,4010425793,300,False,9,6,30,64.41032714406445,86.0,0.17666666666666667,0.2,0.1875
4527,754,../environments/random.12.csv,dist_only,4,-1,1,1,0,0,1,1,4075238685,4010425793,400,False,9,8,35,46.149673634667735,115.0,0.1825,0.205,0.194375
4528,754,../environments/random.12.csv,dist_only,4,-1,1,1,0,0,1,1,4075238685,4010425793,500,False,10,10,40,58.770648844535415,144.0,0.18,0.21,0.195
4529,754,../environments/random.12.csv,dist_only,4,-1,1,1,0,0,1,1,4075238685,4010425793,599,False,14,11,49,66.05126830518384,173.0,0.17696160267111852,0.21035058430717862,0.19282136894824708
4530,755,../environments/random.12.csv,dist_only,4,-1,1,1,0,0,1,1,4075238685,2734561081,100,False,3,1,7,76.05676382213838,27.0,0.15,0.25,0.2125
4531,755,../environments/random.12.csv,dist_only,4,-1,1,1,0,0,1,1,4075238685,2734561081,200,False,7,4,20,55.727340406489496,56.0,0.185,0.235,0.20625
4532,755,../environments/random.12.csv,dist_only,4,-1,1,1,0,0,1,1,4075238685,2734561081,300,False,8,4,24,54.33594694365397,85.0,0.19666666666666666,0.22333333333333333,0.20833333333333334
4533,755,../environments/random.12.csv,dist_only,4,-1,1,1,0,0,1,1,4075238685,2734561081,400,False,11,6,32,51.46020687189756,115.0,0.1875,0.2325,0.20625
4534,755,../environments/random.12.csv,dist_only,4,-1,1,1,0,0,1,1,4075238685,2734561081,500,False,11,7,37,34.73928645173821,140.0,0.192,0.22,0.1995
4535,755,../environments/random.12.csv,dist_only,4,-1,1,1,0,0,1,1,4075238685,2734561081,599,False,13,9,45,79.167744774715,168.0,0.19031719532554256,0.21869782971619364,0.19908180300500836
4536,756,../environments/random.12.csv,dist_only,4,-1,1,1,0,0,1,1,4075238685,1253946826,100,False,3,1,8,72.01547496432534,27.0,0.16,0.32,0.2225
4537,756,../environments/random.12.csv,dist_only,4,-1,1,1,0,0,1,1,4075238685,1253946826,200,False,5,2,14,68.66269899170857,55.0,0.19,0.25,0.2125
4538,756,../environments/random.12.csv,dist_only,4,-1,1,1,0,0,1,1,4075238685,1253946826,300,False,7,5,23,67.94007281731766,86.0,0.19333333333333333,0.22,0.20333333333333334
4539,756,../environments/random.12.csv,dist_only,4,-1,1,1,0,0,1,1,4075238685,1253946826,400,False,9,5,27,80.93126866718254,115.0,0.18,0.215,0.19625
4540,756,../environments/random.12.csv,dist_only,4,-1,1,1,0,0,1,1,4075238685,1253946826,500,False,10,5,31,87.85261147752038,145.0,0.174,0.214,0.192
4541,756,../environments/random.12.csv,dist_only,4,-1,1,1,0,0,1,1,4075238685,1253946826,599,False,11,10,43,50.72637603513094,174.0,0.17529215358931552,0.22036727879799667,0.19449081803005008
4542,757,../environments/random.12.csv,dist_only,4,-1,1,1,0,0,1,1,4075238685,1347984585,100,False,3,1,7,56.63042889796447,27.0,0.18,0.26,0.225
4543,757,../environments/random.12.csv,dist_only,4,-1,1,1,0,0,1,1,4075238685,1347984585,200,False,5,2,13,67.63251730062555,57.0,0.18,0.225,0.20375
4544,757,../environments/random.12.csv,dist_only,4,-1,1,1,0,0,1,1,4075238685,1347984585,300,False,5,3,15,63.21637175007259,85.0,0.19666666666666666,0.23333333333333334,0.2075
4545,757,../environments/random.12.csv,dist_only,4,-1,1,1,0,0,1,1,4075238685,1347984585,400,False,6,4,22,59.4446457349344,114.0,0.19,0.2325,0.205
4546,757,../environments/random.12.csv,dist_only,4,-1,1,1,0,0,1,1,4075238685,1347984585,500,False,10,4,30,80.35195830251058,141.0,0.19,0.234,0.2065
4547,757,../environments/random.12.csv,dist_only,4,-1,1,1,0,0,1,1,4075238685,1347984585,599,False,12,5,38,28.527689104069385,170.0,0.1986644407345576,0.2287145242070117,0.20701168614357263
4548,758,../environments/random.12.csv,dist_only,4,-1,1,1,0,0,1,1,4075238685,884777651,100,False,4,0,8,84.29840201522292,28.0,0.14,0.24,0.2025
4549,758,../environments/random.12.csv,dist_only,4,-1,1,1,0,0,1,1,4075238685,884777651,200,False,5,1,10,63.78627495221834,57.0,0.18,0.22,0.2025
4550,758,../environments/random.12.csv,dist_only,4,-1,1,1,0,0,1,1,4075238685,884777651,300,False,6,2,14,62.00368893544767,85.0,0.19666666666666666,0.22666666666666666,0.2075
4551,758,../environments/random.12.csv,dist_only,4,-1,1,1,0,0,1,1,4075238685,884777651,400,False,7,2,20,52.729787197047,115.0,0.1925,0.23,0.205
4552,758,../environments/random.12.csv,dist_only,4,-1,1,1,0,0,1,1,4075238685,884777651,500,False,8,3,27,83.03889332841456,145.0,0.188,0.222,0.202
4553,758,../environments/random.12.csv,dist_only,4,-1,1,1,0,0,1,1,4075238685,884777651,599,False,13,6,39,66.77353458780905,173.0,0.18697829716193656,0.22370617696160267,0.2020033388981636
4554,759,../environments/random.12.csv,dist_only,4,-1,1,1,0,0,1,1,4075238685,2299003041,100,False,3,0,5,63.36094031413648,28.0,0.14,0.24,0.1725
4555,759,../environments/random.12.csv,dist_only,4,-1,1,1,0,0,1,1,4075238685,2299003041,200,False,6,1,11,64.11540780464156,57.0,0.17,0.255,0.20375
4556,759,../environments/random.12.csv,dist_only,4,-1,1,1,0,0,1,1,4075238685,2299003041,300,False,8,3,19,75.07233195295595,87.0,0.16,0.23333333333333334,0.20333333333333334
4557,759,../environments/random.12.csv,dist_only,4,-1,1,1,0,0,1,1,4075238685,2299003041,400,False,9,5,27,46.94162006336954,115.0,0.1725,0.2175,0.194375
4558,759,../environments/random.12.csv,dist_only,4,-1,1,1,0,0,1,1,4075238685,2299003041,500,False,10,6,33,54.93695398772232,146.0,0.174,0.21,0.1945
4559,759,../environments/random.12.csv,dist_only,4,-1,1,1,0,0,1,1,4075238685,2299003041,599,False,13,8,42,70.59514408511122,174.0,0.17362270450751252,0.21202003338898165,0.19031719532554256
4560,760,../environments/random.12.csv,dist_only,4,-1,1,1,0,0,1,1,1315049272,3334515826,100,False,2,0,5,53.13608780907357,28.0,0.17,0.19,0.18
4561,760,../environments/random.12.csv,dist_only,4,-1,1,1,0,0,1,1,1315049272,3334515826,200,False,4,0,12,82.8165403891636,59.0,0.175,0.235,0.19125
4562,760,../environments/random.12.csv,dist_only,4,-1,1,1,0,0,1,1,1315049272,3334515826,300,False,8,3,24,67.18781975698101,87.0,0.16666666666666666,0.21333333333333335,0.18333333333333332
4563,760,../environments/random.12.csv,dist_only,4,-1,1,1,0,0,1,1,1315049272,3334515826,400,False,11,6,38,88.19043387996595,118.0,0.17,0.215,0.185
4564,760,../environments/random.12.csv,dist_only,4,-1,1,1,0,0,1,1,1315049272,3334515826,500,False,14,6,44,35.57526169357969,146.0,0.178,0.224,0.192
4565,760,../environments/random.12.csv,dist_only,4,-1,1,1,0,0,1,1,1315049272,3334515826,599,False,15,6,46,56.8715228500459,175.0,0.17529215358931552,0.21702838063439064,0.19407345575959933
4566,761,../environments/random.12.csv,dist_only,4,-1,1,1,0,0,1,1,1315049272,262994761,100,False,3,1,6,82.8037601847823,28.0,0.14,0.24,0.18
4567,761,../environments/random.12.csv,dist_only,4,-1,1,1,0,0,1,1,1315049272,262994761,200,False,6,1,13,65.30263287607445,58.0,0.16,0.21,0.1875
4568,761,../environments/random.12.csv,dist_only,4,-1,1,1,0,0,1,1,1315049272,262994761,300,False,7,3,21,58.97401312814024,86.0,0.18,0.2,0.18833333333333332
4569,761,../environments/random.12.csv,dist_only,4,-1,1,1,0,0,1,1,1315049272,262994761,400,False,11,4,30,38.41938367689572,114.0,0.1775,0.21,0.193125
4570,761,../environments/random.12.csv,dist_only,4,-1,1,1,0,0,1,1,1315049272,262994761,500,False,12,5,36,67.93761606988323,142.0,0.184,0.214,0.1955
4571,761,../environments/random.12.csv,dist_only,4,-1,1,1,0,0,1,1,1315049272,262994761,599,False,13,7,41,33.99905009392312,167.0,0.19031719532554256,0.21202003338898165,0.2036727879799666
4572,762,../environments/random.12.csv,dist_only,4,-1,1,1,0,0,1,1,1315049272,3602806192,100,False,4,1,10,89.88269218168448,28.0,0.15,0.22,0.1775
4573,762,../environments/random.12.csv,dist_only,4,-1,1,1,0,0,1,1,1315049272,3602806192,200,False,5,2,15,62.71056006975104,58.0,0.15,0.205,0.18375
4574,762,../environments/random.12.csv,dist_only,4,-1,1,1,0,0,1,1,1315049272,3602806192,300,False,7,4,21,51.40278953177228,87.0,0.16,0.20666666666666667,0.19083333333333333
4575,762,../environments/random.12.csv,dist_only,4,-1,1,1,0,0,1,1,1315049272,3602806192,400,False,10,5,30,54.22350973017872,114.0,0.17,0.215,0.20125
4576,762,../environments/random.12.csv,dist_only,4,-1,1,1,0,0,1,1,1315049272,3602806192,500,False,13,7,40,47.818129866633555,144.0,0.166,0.23,0.2025
4577,762,../environments/random.12.csv,dist_only,4,-1,1,1,0,0,1,1,1315049272,3602806192,599,False,14,8,43,75.95709649948184,173.0,0.1652754590984975,0.2303839732888147,0.2020033388981636
4578,763,../environments/random.12.csv,dist_only,4,-1,1,1,0,0,1,1,1315049272,3437971635,100,False,4,0,8,55.666772343464345,28.0,0.17,0.19,0.18
4579,763,../environments/random.12.csv,dist_only,4,-1,1,1,0,0,1,1,1315049272,3437971635,200,False,6,1,16,37.36672962122206,58.0,0.18,0.2,0.18625
4580,763,../environments/random.12.csv,dist_only,4,-1,1,1,0,0,1,1,1315049272,3437971635,300,False,7,4,21,36.76470161853385,86.0,0.19,0.22666666666666666,0.20333333333333334
4581,763,../environments/random.12.csv,dist_only,4,-1,1,1,0,0,1,1,1315049272,3437971635,400,False,9,5,26,51.668570237444655,114.0,0.1825,0.2075,0.19625
4582,763,../environments/random.12.csv,dist_only,4,-1,1,1,0,0,1,1,1315049272,3437971635,500,False,9,5,29,60.44650259142991,143.0,0.196,0.212,0.206
4583,763,../environments/random.12.csv,dist_only,4,-1,1,1,0,0,1,1,1315049272,3437971635,599,False,12,9,39,63.50908753290601,171.0,0.19532554257095158,0.20534223706176963,0.2003338898163606
4584,764,../environments/random.12.csv,dist_only,4,-1,1,1,0,0,1,1,1315049272,4010425793,100,False,2,1,7,78.55995523274862,29.0,0.13,0.24,0.1875
4585,764,../environments/random.12.csv,dist_only,4,-1,1,1,0,0,1,1,1315049272,4010425793,200,False,5,2,14,47.594214359954776,58.0,0.15,0.215,0.17875
4586,764,../environments/random.12.csv,dist_only,4,-1,1,1,0,0,1,1,1315049272,4010425793,300,False,7,3,20,47.37009733944956,87.0,0.16333333333333333,0.2,0.1775
4587,764,../environments/random.12.csv,dist_only,4,-1,1,1,0,0,1,1,1315049272,4010425793,400,False,10,3,28,44.48631911605857,116.0,0.1725,0.2225,0.189375
4588,764,../environments/random.12.csv,dist_only,4,-1,1,1,0,0,1,1,1315049272,4010425793,500,False,11,5,38,73.15808825119257,146.0,0.176,0.214,0.189
4589,764,../environments/random.12.csv,dist_only,4,-1,1,1,0,0,1,1,1315049272,4010425793,599,False,12,11,47,58.36360911061485,176.0,0.17529215358931552,0.21035058430717862,0.1873956594323873
4590,765,../environments/random.12.csv,dist_only,4,-1,1,1,0,0,1,1,1315049272,2734561081,100,False,3,1,8,66.62663898696286,28.0,0.16,0.23,0.2025
4591,765,../environments/random.12.csv,dist_only,4,-1,1,1,0,0,1,1,1315049272,2734561081,200,False,6,2,14,69.51380593231295,56.0,0.19,0.23,0.20125
4592,765,../environments/random.12.csv,dist_only,4,-1,1,1,0,0,1,1,1315049272,2734561081,300,False,8,3,20,70.47786386795656,85.0,0.19333333333333333,0.22333333333333333,0.2075
4593,765,../environments/random.12.csv,dist_only,4,-1,1,1,0,0,1,1,1315049272,2734561081,400,False,8,3,24,63.40398642689491,113.0,0.1975,0.2325,0.21
4594,765,../environments/random.12.csv,dist_only,4,-1,1,1,0,0,1,1,1315049272,2734561081,500,False,9,5,28,42.370262257045056,142.0,0.192,0.214,0.2035
4595,765,../environments/random.12.csv,dist_only,4,-1,1,1,0,0,1,1,1315049272,2734561081,599,False,12,6,34,42.19281205905352,172.0,0.19365609348914858,0.20868113522537562,0.2020033388981636
4596,766,../environments/random.12.csv,dist_only,4,-1,1,1,0,0,1,1,1315049272,1253946826,100,False,3,0,5,73.46149407605918,27.0,0.16,0.27,0.2175
4597,766,../environments/random.12.csv,dist_only,4,-1,1,1,0,0,1,1,1315049272,1253946826,200,False,6,2,17,68.32002562061214,55.0,0.185,0.26,0.2125
4598,766,../environments/random.12.csv,dist_only,4,-1,1,1,0,0,1,1,1315049272,1253946826,300,False,9,3,26,70.7096275283719,86.0,0.16333333333333333,0.23333333333333334,0.20083333333333334
4599,766,../environments/random.12.csv,dist_only,4,-1,1,1,0,0,1,1,1315049272,1253946826,400,False,10,6,32,85.21918258303779,114.0,0.1775,0.2225,0.200625
4600,766,../environments/random.12.csv,dist_only,4,-1,1,1,0,0,1,1,1315049272,1253946826,500,False,12,9,43,53.90746265313218,143.0,0.18,0.218,0.1995
4601,766,../environments/random.12.csv,dist_only,4,-1,1,1,0,0,1,1,1315049272,1253946826,599,False,14,11,50,52.095339763962045,173.0,0.17863105175292154,0.21202003338898165,0.19699499165275458
4602,767,../environments/random.12.csv,dist_only,4,-1,1,1,0,0,1,1,1315049272,1347984585,100,False,2,0,4,59.74856670229298,27.0,0.19,0.27,0.22
4603,767,../environments/random.12.csv,dist_only,4,-1,1,1,0,0,1,1,1315049272,1347984585,200,False,5,1,12,66.12339372978053,58.0,0.165,0.235,0.19125
4604,767,../environments/random.12.csv,dist_only,4,-1,1,1,0,0,1,1,1315049272,1347984585,300,False,7,4,20,56.49528509260121,87.0,0.18666666666666668,0.23,0.2025
4605,767,../environments/random.12.csv,dist_only,4,-1,1,1,0,0,1,1,1315049272,1347984585,400,False,10,6,33,85.0693517588415,115.0,0.18,0.2075,0.196875
4606,767,../environments/random.12.csv,dist_only,4,-1,1,1,0,0,1,1,1315049272,1347984585,500,False,11,8,39,64.76204138177945,143.0,0.188,0.198,0.1935
4607,767,../environments/random.12.csv,dist_only,4,-1,1,1,0,0,1,1,1315049272,1347984585,599,False,15,10,48,67.84697481746664,172.0,0.18697829716193656,0.21202003338898165,0.19699499165275458
4608,768,../environments/random.12.csv,dist_only,4,-1,1,1,0,0,1,1,1315049272,884777651,100,False,3,0,6,64.51123399707984,28.0,0.14,0.24,0.1975
4609,768,../environments/random.12.csv,dist_only,4,-1,1,1,0,0,1,1,1315049272,884777651,200,False,5,1,14,71.48844032815047,58.0,0.18,0.235,0.20375
4610,768,../environments/random.12.csv,dist_only,4,-1,1,1,0,0,1,1,1315049272,884777651,300,False,5,2,17,74.64243195473182,85.0,0.18666666666666668,0.22,0.205
4611,768,../environments/random.12.csv,dist_only,4,-1,1,1,0,0,1,1,1315049272,884777651,400,False,7,4,23,53.23416744482446,116.0,0.1925,0.205,0.2
4612,768,../environments/random.12.csv,dist_only,4,-1,1,1,0,0,1,1,1315049272,884777651,500,False,11,7,33,46.42196052633149,146.0,0.188,0.208,0.1975
4613,768,../environments/random.12.csv,dist_only,4,-1,1,1,0,0,1,1,1315049272,884777651,599,False,13,8,41,87.33575767407686,173.0,0.18363939899833054,0.2036727879799666,0.19657762938230383
4614,769,../environments/random.12.csv,dist_only,4,-1,1,1,0,0,1,1,1315049272,2299003041,100,False,4,0,7,50.39448876498051,28.0,0.16,0.24,0.2
4615,769,../environments/random.12.csv,dist_only,4,-1,1,1,0,0,1,1,1315049272,2299003041,200,False,5,1,14,49.390726877145426,57.0,0.175,0.255,0.20125
4616,769,../environments/random.12.csv,dist_only,4,-1,1,1,0,0,1,1,1315049272,2299003041,300,False,7,4,23,72.55047616843218,87.0,0.18333333333333332,0.23333333333333334,0.2025
4617,769,../environments/random.12.csv,dist_only,4,-1,1,1,0,0,1,1,1315049272,2299003041,400,False,8,6,28,77.31670401541618,115.0,0.18,0.215,0.2
4618,769,../environments/random.12.csv,dist_only,4,-1,1,1,0,0,1,1,1315049272,2299003041,500,False,10,8,36,76.18969714957466,144.0,0.182,0.21,0.194
4619,769,../environments/random.12.csv,dist_only,4,-1,1,1,0,0,1,1,1315049272,2299003041,599,False,12,9,41,48.751427634926735,174.0,0.18363939899833054,0.2003338898163606,0.1911519198664441
4620,770,../environments/random.12.csv,dist_only,4,-1,1,1,0,0,1,1,664961228,3334515826,100,False,2,1,6,67.96566882895324,28.0,0.17,0.24,0.21
4621,770,../environments/random.12.csv,dist_only,4,-1,1,1,0,0,1,1,664961228,3334515826,200,False,4,3,14,78.69495057442492,56.0,0.15,0.24,0.2
4622,770,../environments/random.12.csv,dist_only,4,-1,1,1,0,0,1,1,664961228,3334515826,300,False,6,4,19,35.08643493361626,86.0,0.16,0.23333333333333334,0.20083333333333334
4623,770,../environments/random.12.csv,dist_only,4,-1,1,1,0,0,1,1,664961228,3334515826,400,False,8,6,29,54.6630831722417,114.0,0.2,0.22,0.21
4624,770,../environments/random.12.csv,dist_only,4,-1,1,1,0,0,1,1,664961228,3334515826,500,False,10,7,34,67.68889959297618,142.0,0.192,0.224,0.21
4625,770,../environments/random.12.csv,dist_only,4,-1,1,1,0,0,1,1,664961228,3334515826,599,False,12,9,44,60.93832888235789,171.0,0.18697829716193656,0.2303839732888147,0.2124373956594324
4626,771,../environments/random.12.csv,dist_only,4,-1,1,1,0,0,1,1,664961228,262994761,100,False,2,1,7,67.27179742515898,28.0,0.15,0.22,0.1825
4627,771,../environments/random.12.csv,dist_only,4,-1,1,1,0,0,1,1,664961228,262994761,200,False,5,2,13,43.56123605037307,58.0,0.17,0.205,0.18875
4628,771,../environments/random.12.csv,dist_only,4,-1,1,1,0,0,1,1,664961228,262994761,300,False,8,4,22,50.97194211237485,88.0,0.17,0.19,0.18083333333333335
4629,771,../environments/random.12.csv,dist_only,4,-1,1,1,0,0,1,1,664961228,262994761,400,False,8,6,28,62.01480679255961,117.0,0.17,0.1975,0.185625
4630,771,../environments/random.12.csv,dist_only,4,-1,1,1,0,0,1,1,664961228,262994761,500,False,12,8,40,68.36996515625927,147.0,0.16,0.208,0.1865
4631,771,../environments/random.12.csv,dist_only,4,-1,1,1,0,0,1,1,664961228,262994761,599,False,13,9,42,79.8119812946054,176.0,0.16193656093489148,0.2036727879799666,0.1832220367278798
4632,772,../environments/random.12.csv,dist_only,4,-1,1,1,0,0,1,1,664961228,3602806192,100,False,3,1,8,57.56994165161092,28.0,0.16,0.24,0.195
4633,772,../environments/random.12.csv,dist_only,4,-1,1,1,0,0,1,1,664961228,3602806192,200,False,6,2,15,42.38688198428627,56.0,0.175,0.23,0.2125
4634,772,../environments/random.12.csv,dist_only,4,-1,1,1,0,0,1,1,664961228,3602806192,300,False,7,2,19,57.857715484539526,85.0,0.16333333333333333,0.22,0.19916666666666666
4635,772,../environments/random.12.csv,dist_only,4,-1,1,1,0,0,1,1,664961228,3602806192,400,False,11,4,27,39.1578256900852,113.0,0.1925,0.215,0.205625
4636,772,../environments/random.12.csv,dist_only,4,-1,1,1,0,0,1,1,664961228,3602806192,500,False,14,6,36,65.7378350205255,144.0,0.188,0.216,0.1985
4637,772,../environments/random.12.csv,dist_only,4,-1,1,1,0,0,1,1,664961228,3602806192,599,False,17,6,42,66.3662576886189,172.0,0.19198664440734559,0.21702838063439064,0.2011686143572621
4638,773,../environments/random.12.csv,dist_only,4,-1,1,1,0,0,1,1,664961228,3437971635,100,False,3,1,9,37.96546092202092,28.0,0.16,0.18,0.1725
4639,773,../environments/random.12.csv,dist_only,4,-1,1,1,0,0,1,1,664961228,3437971635,200,False,5,3,16,66.85549498110466,58.0,0.17,0.205,0.185
4640,773,../environments/random.12.csv,dist_only,4,-1,1,1,0,0,1,1,664961228,3437971635,300,False,7,6,26,73.90640570008824,86.0,0.17,0.20666666666666667,0.18916666666666668
4641,773,../environments/random.12.csv,dist_only,4,-1,1,1,0,0,1,1,664961228,3437971635,400,False,9,8,34,30.504967632154177,118.0,0.165,0.205,0.186875
4642,773,../environments/random.12.csv,dist_only,4,-1,1,1,0,0,1,1,664961228,3437971635,500,False,11,8,40,100.6785505254467,144.0,0.172,0.206,0.1915
4643,773,../environments/random.12.csv,dist_only,4,-1,1,1,0,0,1,1,664961228,3437971635,599,False,14,9,48,76.9028045421127,173.0,0.17529215358931552,0.21202003338898165,0.19365609348914858
4644,774,../environments/random.12.csv,dist_only,4,-1,1,1,0,0,1,1,664961228,4010425793,100,False,4,2,12,70.42123055082531,28.0,0.14,0.24,0.1925
4645,774,../environments/random.12.csv,dist_only,4,-1,1,1,0,0,1,1,664961228,4010425793,200,False,6,3,15,75.79954837525196,57.0,0.145,0.225,0.18625
4646,774,../environments/random.12.csv,dist_only,4,-1,1,1,0,0,1,1,664961228,4010425793,300,False,7,4,20,50.363032912165295,88.0,0.16,0.21333333333333335,0.18083333333333335
4647,774,../environments/random.12.csv,dist_only,4,-1,1,1,0,0,1,1,664961228,4010425793,400,False,8,6,29,68.35121088302498,118.0,0.165,0.215,0.18125
4648,774,../environments/random.12.csv,dist_only,4,-1,1,1,0,0,1,1,664961228,4010425793,500,False,11,7,37,61.1607181390616,146.0,0.168,0.204,0.184
4649,774,../environments/random.12.csv,dist_only,4,-1,1,1,0,0,1,1,664961228,4010425793,599,False,15,9,46,65.96532518767661,177.0,0.17362270450751252,0.19699499165275458,0.18280467445742904
4650,775,../environments/random.12.csv,dist_only,4,-1,1,1,0,0,1,1,664961228,2734561081,100,False,3,2,9,67.54734430923949,28.0,0.19,0.23,0.21
4651,775,../environments/random.12.csv,dist_only,4,-1,1,1,0,0,1,1,664961228,2734561081,200,False,5,2,16,73.05144841943829,57.0,0.18,0.23,0.2025
4652,775,../environments/random.12.csv,dist_only,4,-1,1,1,0,0,1,1,664961228,2734561081,300,False,7,5,25,41.002711871654,85.0,0.18333333333333332,0.22,0.2
4653,775,../environments/random.12.csv,dist_only,4,-1,1,1,0,0,1,1,664961228,2734561081,400,False,11,7,33,83.66123268168224,114.0,0.1875,0.2075,0.1975
4654,775,../environments/random.12.csv,dist_only,4,-1,1,1,0,0,1,1,664961228,2734561081,500,False,14,7,37,61.98141840719857,143.0,0.19,0.21,0.1985
4655,775,../environments/random.12.csv,dist_only,4,-1,1,1,0,0,1,1,664961228,2734561081,599,False,16,7,45,70.1260641181242,173.0,0.19365609348914858,0.20534223706176963,0.19782971619365608
4656,776,../environments/random.12.csv,dist_only,4,-1,1,1,0,0,1,1,664961228,1253946826,100,False,3,0,7,79.04272045846008,27.0,0.18,0.26,0.2
4657,776,../environments/random.12.csv,dist_only,4,-1,1,1,0,0,1,1,664961228,1253946826,200,False,5,3,15,71.73131169771192,56.0,0.18,0.255,0.2075
4658,776,../environments/random.12.csv,dist_only,4,-1,1,1,0,0,1,1,664961228,1253946826,300,False,7,4,21,74.97180667011614,84.0,0.17333333333333334,0.24333333333333335,0.20666666666666667
4659,776,../environments/random.12.csv,dist_only,4,-1,1,1,0,0,1,1,664961228,1253946826,400,False,8,5,24,54.06965263884703,114.0,0.1725,0.235,0.20375
4660,776,../environments/random.12.csv,dist_only,4,-1,1,1,0,0,1,1,664961228,1253946826,500,False,9,7,32,77.77234952030626,144.0,0.182,0.22,0.201
4661,776,../environments/random.12.csv,dist_only,4,-1,1,1,0,0,1,1,664961228,1253946826,599,False,11,8,40,73.59500026636461,172.0,0.17863105175292154,0.21035058430717862,0.19657762938230383
4662,777,../environments/random.12.csv,dist_only,4,-1,1,1,0,0,1,1,664961228,1347984585,100,False,3,0,6,55.54597553409602,26.0,0.2,0.25,0.235
4663,777,../environments/random.12.csv,dist_only,4,-1,1,1,0,0,1,1,664961228,1347984585,200,False,8,1,17,90.61068616666688,57.0,0.17,0.225,0.205
4664,777,../environments/random.12.csv,dist_only,4,-1,1,1,0,0,1,1,664961228,1347984585,300,False,8,1,22,62.421528584368744,86.0,0.19666666666666666,0.22,0.20416666666666666
4665,777,../environments/random.12.csv,dist_only,4,-1,1,1,0,0,1,1,664961228,1347984585,400,False,10,3,28,70.64043587454263,115.0,0.1925,0.21,0.2
4666,777,../environments/random.12.csv,dist_only,4,-1,1,1,0,0,1,1,664961228,1347984585,500,False,11,4,32,57.14181744133448,144.0,0.196,0.21,0.202
4667,777,../environments/random.12.csv,dist_only,4,-1,1,1,0,0,1,1,664961228,1347984585,599,False,12,8,41,64.21006340145435,171.0,0.19699499165275458,0.21702838063439064,0.2045075125208681
4668,778,../environments/random.12.csv,dist_only,4,-1,1,1,0,0,1,1,664961228,884777651,100,False,3,1,8,76.67326275998559,26.0,0.18,0.24,0.225
4669,778,../environments/random.12.csv,dist_only,4,-1,1,1,0,0,1,1,664961228,884777651,200,False,6,4,20,53.79117127774033,55.0,0.18,0.235,0.21625
4670,778,../environments/random.12.csv,dist_only,4,-1,1,1,0,0,1,1,664961228,884777651,300,False,8,4,26,60.03329112563077,83.0,0.19,0.23333333333333334,0.20916666666666667
4671,778,../environments/random.12.csv,dist_only,4,-1,1,1,0,0,1,1,664961228,884777651,400,False,9,5,31,80.90124071054173,113.0,0.1875,0.22,0.201875
4672,778,../environments/random.12.csv,dist_only,4,-1,1,1,0,0,1,1,664961228,884777651,500,False,11,8,38,41.16948779281944,142.0,0.19,0.21,0.202
4673,778,../environments/random.12.csv,dist_only,4,-1,1,1,0,0,1,1,664961228,884777651,599,False,14,11,48,63.10335942649707,168.0,0.19031719532554256,0.20701168614357263,0.19991652754590986
4674,779,../environments/random.12.csv,dist_only,4,-1,1,1,0,0,1,1,664961228,2299003041,100,False,3,2,10,58.34690770340371,27.0,0.14,0.29,0.2
4675,779,../environments/random.12.csv,dist_only,4,-1,1,1,0,0,1,1,664961228,2299003041,200,False,6,3,16,65.42397420122244,57.0,0.18,0.235,0.20125
4676,779,../environments/random.12.csv,dist_only,4,-1,1,1,0,0,1,1,664961228,2299003041,300,False,7,3,20,55.424476516054526,83.0,0.19333333333333333,0.24666666666666667,0.21416666666666667
4677,779,../environments/random.12.csv,dist_only,4,-1,1,1,0,0,1,1,664961228,2299003041,400,False,9,5,29,58.20786369024198,112.0,0.1925,0.23,0.209375
4678,779,../environments/random.12.csv,dist_only,4,-1,1,1,0,0,1,1,664961228,2299003041,500,False,10,6,34,73.58974513378915,143.0,0.188,0.222,0.2065
4679,779,../environments/random.12.csv,dist_only,4,-1,1,1,0,0,1,1,664961228,2299003041,599,False,12,7,38,79.64183560019205,173.0,0.19365609348914858,0.20701168614357263,0.19908180300500836
4680,780,../environments/random.12.csv,dist_only,4,-1,1,1,0,0,1,1,1177807013,3334515826,100,False,5,1,9,62.97328738662442,28.0,0.14,0.2,0.1675
4681,780,../environments/random.12.csv,dist_only,4,-1,1,1,0,0,1,1,1177807013,3334515826,200,False,7,3,18,67.05639903616242,58.0,0.14,0.205,0.17875
4682,780,../environments/random.12.csv,dist_only,4,-1,1,1,0,0,1,1,1177807013,3334515826,300,False,8,4,23,46.57713403506453,86.0,0.16,0.23,0.2
4683,780,../environments/random.12.csv,dist_only,4,-1,1,1,0,0,1,1,1177807013,3334515826,400,False,8,6,29,22.513992687554314,114.0,0.1575,0.22,0.198125
4684,780,../environments/random.12.csv,dist_only,4,-1,1,1,0,0,1,1,1177807013,3334515826,500,False,9,8,34,49.374530138312785,144.0,0.178,0.22,0.2005
4685,780,../environments/random.12.csv,dist_only,4,-1,1,1,0,0,1,1,1177807013,3334515826,599,False,11,9,41,78.70411164534218,174.0,0.17529215358931552,0.21202003338898165,0.19908180300500836
4686,781,../environments/random.12.csv,dist_only,4,-1,1,1,0,0,1,1,1177807013,262994761,100,False,3,1,8,66.97476925943235,28.0,0.15,0.24,0.185
4687,781,../environments/random.12.csv,dist_only,4,-1,1,1,0,0,1,1,1177807013,262994761,200,False,5,1,15,68.46099710769153,57.0,0.17,0.24,0.19375
4688,781,../environments/random.12.csv,dist_only,4,-1,1,1,0,0,1,1,1177807013,262994761,300,False,7,2,20,71.70890118496426,87.0,0.16,0.21333333333333335,0.1875
4689,781,../environments/random.12.csv,dist_only,4,-1,1,1,0,0,1,1,1177807013,262994761,400,False,8,6,28,74.70163616585796,117.0,0.1675,0.205,0.1825
4690,781,../environments/random.12.csv,dist_only,4,-1,1,1,0,0,1,1,1177807013,262994761,500,False,10,7,33,45.41085224246386,146.0,0.172,0.204,0.186
4691,781,../environments/random.12.csv,dist_only,4,-1,1,1,0,0,1,1,1177807013,262994761,599,False,12,10,42,65.64794828071126,175.0,0.17529215358931552,0.19699499165275458,0.1890651085141903
4692,782,../environments/random.12.csv,dist_only,4,-1,1,1,0,0,1,1,1177807013,3602806192,100,False,3,0,9,64.41845541047755,27.0,0.14,0.28,0.2075
4693,782,../environments/random.12.csv,dist_only,4,-1,1,1,0,0,1,1,1177807013,3602806192,200,False,6,0,15,54.68009495550716,56.0,0.165,0.23,0.20125
4694,782,../environments/random.12.csv,dist_only,4,-1,1,1,0,0,1,1,1177807013,3602806192,300,False,9,2,24,73.68048900726012,86.0,0.18333333333333332,0.21,0.19666666666666666
4695,782,../environments/random.12.csv,dist_only,4,-1,1,1,0,0,1,1,1177807013,3602806192,400,False,10,2,28,47.59768394811447,113.0,0.18,0.2325,0.20125
4696,782,../environments/random.12.csv,dist_only,4,-1,1,1,0,0,1,1,1177807013,3602806192,500,False,11,3,34,70.65096033269498,143.0,0.18,0.228,0.1995
4697,782,../environments/random.12.csv,dist_only,4,-1,1,1,0,0,1,1,1177807013,3602806192,599,False,13,6,41,74.74871726064089,171.0,0.1686143572621035,0.23205342237061768,0.1994991652754591
4698,783,../environments/random.12.csv,dist_only,4,-1,1,1,0,0,1,1,1177807013,3437971635,100,False,3,1,6,84.15096217081171,28.0,0.16,0.19,0.175
4699,783,../environments/random.12.csv,dist_only,4,-1,1,1,0,0,1,1,1177807013,3437971635,200,False,6,3,16,58.83613805626673,58.0,0.175,0.19,0.18125
4700,783,../environments/random.12.csv,dist_only,4,-1,1,1,0,0,1,1,1177807013,3437971635,300,False,8,3,20,67.5967482052667,85.0,0.17333333333333334,0.21,0.19333333333333333
4701,783,../environments/random.12.csv,dist_only,4,-1,1,1,0,0,1,1,1177807013,3437971635,400,False,9,5,24,34.836446158765995,115.0,0.175,0.215,0.193125
4702,783,../environments/random.12.csv,dist_only,4,-1,1,1,0,0,1,1,1177807013,3437971635,500,False,12,5,32,33.92502588432632,142.0,0.184,0.224,0.203
4703,783,../environments/random.12.csv,dist_only,4,-1,1,1,0,0,1,1,1177807013,3437971635,599,False,15,7,42,43.55808520834072,170.0,0.18030050083472454,0.22203672787979967,0.20075125208681135
4704,784,../environments/random.12.csv,dist_only,4,-1,1,1,0,0,1,1,1177807013,4010425793,100,False,4,0,9,72.13342891740277,27.0,0.18,0.26,0.225
4705,784,../environments/random.12.csv,dist_only,4,-1,1,1,0,0,1,1,1177807013,4010425793,200,False,6,0,13,71.59367425494905,57.0,0.175,0.235,0.21625
4706,784,../environments/random.12.csv,dist_only,4,-1,1,1,0,0,1,1,1177807013,4010425793,300,False,8,2,20,49.20820487542235,86.0,0.15333333333333332,0.21333333333333335,0.19833333333333333
4707,784,../environments/random.12.csv,dist_only,4,-1,1,1,0,0,1,1,1177807013,4010425793,400,False,10,2,26,62.73505433079893,115.0,0.15,0.2375,0.203125
4708,784,../environments/random.12.csv,dist_only,4,-1,1,1,0,0,1,1,1177807013,4010425793,500,False,12,3,36,47.32474735823601,145.0,0.15,0.224,0.1985
4709,784,../environments/random.12.csv,dist_only,4,-1,1,1,0,0,1,1,1177807013,4010425793,599,False,13,5,40,49.82724888766718,174.0,0.15692821368948248,0.22370617696160267,0.19908180300500836
4710,785,../environments/random.12.csv,dist_only,4,-1,1,1,0,0,1,1,1177807013,2734561081,100,False,4,1,9,26.72948496530835,28.0,0.19,0.23,0.21
4711,785,../environments/random.12.csv,dist_only,4,-1,1,1,0,0,1,1,1177807013,2734561081,200,False,8,2,19,62.92081431787456,58.0,0.18,0.22,0.19125
4712,785,../environments/random.12.csv,dist_only,4,-1,1,1,0,0,1,1,1177807013,2734561081,300,False,9,4,26,46.27147322859966,87.0,0.18666666666666668,0.22,0.19833333333333333
4713,785,../environments/random.12.csv,dist_only,4,-1,1,1,0,0,1,1,1177807013,2734561081,400,False,10,6,31,42.62143388566016,115.0,0.1875,0.2175,0.198125
4714,785,../environments/random.12.csv,dist_only,4,-1,1,1,0,0,1,1,1177807013,2734561081,500,False,12,8,40,29.481967524300412,144.0,0.188,0.226,0.202
4715,785,../environments/random.12.csv,dist_only,4,-1,1,1,0,0,1,1,1177807013,2734561081,599,False,13,11,49,63.50642210502616,174.0,0.18363939899833054,0.21202003338898165,0.19741235392320533
4716,786,../environments/random.12.csv,dist_only,4,-1,1,1,0,0,1,1,1177807013,1253946826,100,False,2,1,6,35.60735600281596,26.0,0.16,0.25,0.1975
4717,786,../environments/random.12.csv,dist_only,4,-1,1,1,0,0,1,1,1177807013,1253946826,200,False,6,2,14,57.1354180375428,55.0,0.175,0.25,0.20375
4718,786,../environments/random.12.csv,dist_only,4,-1,1,1,0,0,1,1,1177807013,1253946826,300,False,6,4,20,80.20282834355743,82.0,0.16666666666666666,0.25,0.1975
4719,786,../environments/random.12.csv,dist_only,4,-1,1,1,0,0,1,1,1177807013,1253946826,400,False,8,5,25,57.99193964244378,111.0,0.1775,0.2475,0.2025
4720,786,../environments/random.12.csv,dist_only,4,-1,1,1,0,0,1,1,1177807013,1253946826,500,False,11,5,35,79.17663681914794,139.0,0.182,0.242,0.2015
4721,786,../environments/random.12.csv,dist_only,4,-1,1,1,0,0,1,1,1177807013,1253946826,599,False,13,10,45,67.68176859824537,168.0,0.18530884808013356,0.2303839732888147,0.19908180300500836
4722,787,../environments/random.12.csv,dist_only,4,-1,1,1,0,0,1,1,1177807013,1347984585,100,False,3,1,9,63.77950429984861,28.0,0.2,0.23,0.215
4723,787,../environments/random.12.csv,dist_only,4,-1,1,1,0,0,1,1,1177807013,1347984585,200,False,5,1,14,53.79836201656694,58.0,0.18,0.215,0.19625
4724,787,../environments/random.12.csv,dist_only,4,-1,1,1,0,0,1,1,1177807013,1347984585,300,False,7,1,18,57.820245588122056,86.0,0.18,0.21,0.19333333333333333
4725,787,../environments/random.12.csv,dist_only,4,-1,1,1,0,0,1,1,1177807013,1347984585,400,False,9,3,27,61.13743254942008,116.0,0.175,0.205,0.18875
4726,787,../environments/random.12.csv,dist_only,4,-1,1,1,0,0,1,1,1177807013,1347984585,500,False,11,5,37,70.30210316938535,145.0,0.166,0.214,0.1915
4727,787,../environments/random.12.csv,dist_only,4,-1,1,1,0,0,1,1,1177807013,1347984585,599,False,14,6,43,48.7090298634116,173.0,0.18697829716193656,0.2036727879799666,0.19532554257095158
4728,788,../environments/random.12.csv,dist_only,4,-1,1,1,0,0,1,1,1177807013,884777651,100,False,4,0,8,52.18993073221787,27.0,0.16,0.26,0.205
4729,788,../environments/random.12.csv,dist_only,4,-1,1,1,0,0,1,1,1177807013,884777651,200,False,9,2,16,59.22911534862123,56.0,0.18,0.255,0.21
4730,788,../environments/random.12.csv,dist_only,4,-1,1,1,0,0,1,1,1177807013,884777651,300,False,11,3,23,67.85832831470901,83.0,0.18,0.26,0.20666666666666667
4731,788,../environments/random.12.csv,dist_only,4,-1,1,1,0,0,1,1,1177807013,884777651,400,False,12,4,27,77.86167689004361,114.0,0.1775,0.2325,0.19875
4732,788,../environments/random.12.csv,dist_only,4,-1,1,1,0,0,1,1,1177807013,884777651,500,False,14,5,34,79.96002644605562,142.0,0.182,0.222,0.198
4733,788,../environments/random.12.csv,dist_only,4,-1,1,1,0,0,1,1,1177807013,884777651,599,False,14,5,40,62.157276390657884,169.0,0.17696160267111852,0.22036727879799667,0.19449081803005008
4734,789,../environments/random.12.csv,dist_only,4,-1,1,1,0,0,1,1,1177807013,2299003041,100,False,2,1,7,50.411176273691694,28.0,0.16,0.22,0.1875
4735,789,../environments/random.12.csv,dist_only,4,-1,1,1,0,0,1,1,1177807013,2299003041,200,False,7,2,18,81.20219465940822,58.0,0.16,0.19,0.18
4736,789,../environments/random.12.csv,dist_only,4,-1,1,1,0,0,1,1,1177807013,2299003041,300,False,8,3,23,69.99559211308213,87.0,0.16666666666666666,0.2,0.1775
4737,789,../environments/random.12.csv,dist_only,4,-1,1,1,0,0,1,1,1177807013,2299003041,400,False,11,3,28,58.3352387320552,119.0,0.1625,0.1975,0.17625
4738,789,../environments/random.12.csv,dist_only,4,-1,1,1,0,0,1,1,1177807013,2299003041,500,False,12,4,34,72.39444946136922,149.0,0.166,0.184,0.174
4739,789,../environments/random.12.csv,dist_only,4,-1,1,1,0,0,1,1,1177807013,2299003041,599,False,13,6,43,64.84005390002667,178.0,0.16026711185308848,0.18697829716193656,0.17278797996661102
4740,790,../environments/random.12.csv,dist_only,4,-1,1,1,0,0,1,1,2622444117,3334515826,100,False,3,0,5,63.08197019560166,27.0,0.15,0.21,0.1875
4741,790,../environments/random.12.csv,dist_only,4,-1,1,1,0,0,1,1,2622444117,3334515826,200,False,4,3,13,45.01642419050849,56.0,0.14,0.235,0.18625
4742,790,../environments/random.12.csv,dist_only,4,-1,1,1,0,0,1,1,2622444117,3334515826,300,False,8,5,26,62.49610467638553,85.0,0.14666666666666667,0.21,0.18833333333333332
4743,790,../environments/random.12.csv,dist_only,4,-1,1,1,0,0,1,1,2622444117,3334515826,400,False,9,7,31,65.94814093229354,113.0,0.155,0.2175,0.1925
4744,790,../environments/random.12.csv,dist_only,4,-1,1,1,0,0,1,1,2622444117,3334515826,500,False,11,8,39,45.29822128134704,143.0,0.166,0.216,0.1985
4745,790,../environments/random.12.csv,dist_only,4,-1,1,1,0,0,1,1,2622444117,3334515826,599,False,15,9,47,47.13729768778425,172.0,0.1652754590984975,0.21202003338898165,0.19449081803005008
4746,791,../environments/random.12.csv,dist_only,4,-1,1,1,0,0,1,1,2622444117,262994761,100,False,3,0,5,23.08052295485581,28.0,0.16,0.23,0.1925
4747,791,../environments/random.12.csv,dist_only,4,-1,1,1,0,0,1,1,2622444117,262994761,200,False,3,1,7,64.16602653108727,57.0,0.175,0.205,0.19125
4748,791,../environments/random.12.csv,dist_only,4,-1,1,1,0,0,1,1,2622444117,262994761,300,False,7,1,16,63.39968873195858,87.0,0.17,0.21666666666666667,0.19
4749,791,../environments/random.12.csv,dist_only,4,-1,1,1,0,0,1,1,2622444117,262994761,400,False,9,4,27,60.14625854512792,117.0,0.1725,0.2075,0.183125
4750,791,../environments/random.12.csv,dist_only,4,-1,1,1,0,0,1,1,2622444117,262994761,500,False,11,5,34,75.12669062631717,147.0,0.17,0.202,0.1855
4751,791,../environments/random.12.csv,dist_only,4,-1,1,1,0,0,1,1,2622444117,262994761,599,False,12,6,40,62.91288509753047,174.0,0.17863105175292154,0.19532554257095158,0.1873956594323873
4752,792,../environments/random.12.csv,dist_only,4,-1,1,1,0,0,1,1,2622444117,3602806192,100,False,2,1,7,67.01546936401344,27.0,0.18,0.25,0.2125
4753,792,../environments/random.12.csv,dist_only,4,-1,1,1,0,0,1,1,2622444117,3602806192,200,False,5,1,14,78.21909339674542,57.0,0.17,0.23,0.205
4754,792,../environments/random.12.csv,dist_only,4,-1,1,1,0,0,1,1,2622444117,3602806192,300,False,7,2,21,52.749149347120095,87.0,0.15333333333333332,0.22,0.195
4755,792,../environments/random.12.csv,dist_only,4,-1,1,1,0,0,1,1,2622444117,3602806192,400,False,9,5,28,63.1169691419255,114.0,0.18,0.22,0.201875
4756,792,../environments/random.12.csv,dist_only,4,-1,1,1,0,0,1,1,2622444117,3602806192,500,False,11,5,35,85.67097838185695,143.0,0.182,0.214,0.205
4757,792,../environments/random.12.csv,dist_only,4,-1,1,1,0,0,1,1,2622444117,3602806192,599,False,14,7,42,54.003959226562245,172.0,0.18864774624373956,0.21368948247078465,0.20659432387312188
4758,793,../environments/random.12.csv,dist_only,4,-1,1,1,0,0,1,1,2622444117,3437971635,100,False,5,1,11,65.93864506426507,28.0,0.15,0.22,0.1875
4759,793,../environments/random.12.csv,dist_only,4,-1,1,1,0,0,1,1,2622444117,3437971635,200,False,7,3,20,60.02384860179842,57.0,0.17,0.195,0.17875
4760,793,../environments/random.12.csv,dist_only,4,-1,1,1,0,0,1,1,2622444117,3437971635,300,False,8,6,28,58.517499478230604,86.0,0.16666666666666666,0.19666666666666666,0.1825
4761,793,../environments/random.12.csv,dist_only,4,-1,1,1,0,0,1,1,2622444117,3437971635,400,False,10,7,35,73.59220734624972,115.0,0.17,0.205,0.1875
4762,793,../environments/random.12.csv,dist_only,4,-1,1,1,0,0,1,1,2622444117,3437971635,500,False,11,8,38,82.35192597384311,144.0,0.166,0.21,0.1855
4763,793,../environments/random.12.csv,dist_only,4,-1,1,1,0,0,1,1,2622444117,3437971635,599,False,12,8,41,47.447308726016985,173.0,0.17529215358931552,0.20534223706176963,0.18948247078464106
4764,794,../environments/random.12.csv,dist_only,4,-1,1,1,0,0,1,1,2622444117,4010425793,100,False,2,1,7,58.617727623866934,28.0,0.14,0.24,0.1925
4765,794,../environments/random.12.csv,dist_only,4,-1,1,1,0,0,1,1,2622444117,4010425793,200,False,5,3,15,74.5315254978698,57.0,0.165,0.235,0.2025
4766,794,../environments/random.12.csv,dist_only,4,-1,1,1,0,0,1,1,2622444117,4010425793,300,False,7,3,17,44.78942442172484,85.0,0.16333333333333333,0.22333333333333333,0.195
4767,794,../environments/random.12.csv,dist_only,4,-1,1,1,0,0,1,1,2622444117,4010425793,400,False,7,5,23,72.69416802437729,114.0,0.1725,0.2325,0.200625
4768,794,../environments/random.12.csv,dist_only,4,-1,1,1,0,0,1,1,2622444117,4010425793,500,False,10,5,30,58.587982568088115,143.0,0.184,0.21,0.1975
4769,794,../environments/random.12.csv,dist_only,4,-1,1,1,0,0,1,1,2622444117,4010425793,599,False,12,7,37,65.1172370124125,171.0,0.19031719532554256,0.21035058430717862,0.19991652754590986
4770,795,../environments/random.12.csv,dist_only,4,-1,1,1,0,0,1,1,2622444117,2734561081,100,False,5,0,9,58.01356520682134,28.0,0.15,0.22,0.1975
4771,795,../environments/random.12.csv,dist_only,4,-1,1,1,0,0,1,1,2622444117,2734561081,200,False,6,2,15,68.77103650085948,58.0,0.18,0.215,0.19
4772,795,../environments/random.12.csv,dist_only,4,-1,1,1,0,0,1,1,2622444117,2734561081,300,False,9,3,25,71.5111612357382,87.0,0.17666666666666667,0.21666666666666667,0.19083333333333333
4773,795,../environments/random.12.csv,dist_only,4,-1,1,1,0,0,1,1,2622444117,2734561081,400,False,11,5,34,50.18458679988178,116.0,0.1775,0.225,0.195625
4774,795,../environments/random.12.csv,dist_only,4,-1,1,1,0,0,1,1,2622444117,2734561081,500,False,13,5,38,60.1398019503489,145.0,0.188,0.21,0.196
4775,795,../environments/random.12.csv,dist_only,4,-1,1,1,0,0,1,1,2622444117,2734561081,599,False,16,7,48,69.3373661202586,174.0,0.19031719532554256,0.21202003338898165,0.19699499165275458
4776,796,../environments/random.12.csv,dist_only,4,-1,1,1,0,0,1,1,2622444117,1253946826,100,False,5,2,12,55.60623276765838,28.0,0.15,0.24,0.2
4777,796,../environments/random.12.csv,dist_only,4,-1,1,1,0,0,1,1,2622444117,1253946826,200,False,8,2,19,85.9347637773869,56.0,0.2,0.225,0.20875
4778,796,../environments/random.12.csv,dist_only,4,-1,1,1,0,0,1,1,2622444117,1253946826,300,False,11,4,28,84.63612522051635,87.0,0.19,0.21333333333333335,0.19916666666666666
4779,796,../environments/random.12.csv,dist_only,4,-1,1,1,0,0,1,1,2622444117,1253946826,400,False,12,7,34,61.03255978640908,113.0,0.1875,0.2125,0.199375
4780,796,../environments/random.12.csv,dist_only,4,-1,1,1,0,0,1,1,2622444117,1253946826,500,False,13,7,37,77.26982036133161,143.0,0.184,0.214,0.1965
4781,796,../environments/random.12.csv,dist_only,4,-1,1,1,0,0,1,1,2622444117,1253946826,599,False,14,8,40,73.55120873785086,173.0,0.18864774624373956,0.21202003338898165,0.19824707846410686
4782,797,../environments/random.12.csv,dist_only,4,-1,1,1,0,0,1,1,2622444117,1347984585,100,False,3,2,10,58.72686695814416,27.0,0.18,0.32,0.24
4783,797,../environments/random.12.csv,dist_only,4,-1,1,1,0,0,1,1,2622444117,1347984585,200,False,6,4,19,67.35128011136175,55.0,0.18,0.29,0.21875
4784,797,../environments/random.12.csv,dist_only,4,-1,1,1,0,0,1,1,2622444117,1347984585,300,False,9,5,28,60.19340692991203,85.0,0.18333333333333332,0.25333333333333335,0.20833333333333334
4785,797,../environments/random.12.csv,dist_only,4,-1,1,1,0,0,1,1,2622444117,1347984585,400,False,12,6,35,70.57542489918298,114.0,0.185,0.23,0.201875
4786,797,../environments/random.12.csv,dist_only,4,-1,1,1,0,0,1,1,2622444117,1347984585,500,False,14,6,42,101.29549427192839,143.0,0.188,0.214,0.199
4787,797,../environments/random.12.csv,dist_only,4,-1,1,1,0,0,1,1,2622444117,1347984585,599,False,17,7,51,45.218046460781956,173.0,0.19031719532554256,0.20868113522537562,0.2003338898163606
4788,798,../environments/random.12.csv,dist_only,4,-1,1,1,0,0,1,1,2622444117,884777651,100,False,2,1,7,55.1373779679204,28.0,0.16,0.2,0.1775
4789,798,../environments/random.12.csv,dist_only,4,-1,1,1,0,0,1,1,2622444117,884777651,200,False,6,3,16,68.84333718219219,58.0,0.165,0.19,0.18
4790,798,../environments/random.12.csv,dist_only,4,-1,1,1,0,0,1,1,2622444117,884777651,300,False,7,3,20,75.98803865800087,87.0,0.16,0.20666666666666667,0.18666666666666668
4791,798,../environments/random.12.csv,dist_only,4,-1,1,1,0,0,1,1,2622444117,884777651,400,False,9,5,30,55.005536827205916,117.0,0.1675,0.205,0.1825
4792,798,../environments/random.12.csv,dist_only,4,-1,1,1,0,0,1,1,2622444117,884777651,500,False,11,8,39,65.29509703665677,147.0,0.166,0.21,0.1845
4793,798,../environments/random.12.csv,dist_only,4,-1,1,1,0,0,1,1,2622444117,884777651,599,False,13,9,45,65.33249383569353,173.0,0.1686143572621035,0.21368948247078465,0.18614357262103506
4794,799,../environments/random.12.csv,dist_only,4,-1,1,1,0,0,1,1,2622444117,2299003041,100,False,3,2,10,59.841721548662285,27.0,0.16,0.26,0.1925
4795,799,../environments/random.12.csv,dist_only,4,-1,1,1,0,0,1,1,2622444117,2299003041,200,False,6,4,21,83.00643874379567,58.0,0.15,0.225,0.185
4796,799,../environments/random.12.csv,dist_only,4,-1,1,1,0,0,1,1,2622444117,2299003041,300,False,7,6,27,79.09982836996059,85.0,0.16666666666666666,0.23333333333333334,0.19166666666666668
4797,799,../environments/random.12.csv,dist_only,4,-1,1,1,0,0,1,1,2622444117,2299003041,400,False,11,9,39,39.97977878138871,115.0,0.1625,0.225,0.1925
4798,799,../environments/random.12.csv,dist_only,4,-1,1,1,0,0,1,1,2622444117,2299003041,500,False,14,9,45,55.66945220314199,145.0,0.164,0.218,0.193
4799,799,../environments/random.12.csv,dist_only,4,-1,1,1,0,0,1,1,2622444117,2299003041,599,False,15,10,52,63.106900134637186,174.0,0.16193656093489148,0.21535893155258765,0.1890651085141903
4800,800,../environments/smooth.17.csv,dist_only_social_success,4,-1,1,1,0,1,1,1,2271760180,3334515826,100,False,3,0,4,68.6278674498663,28.0,0.18,0.24,0.2075
4801,800,../environments/smooth.17.csv,dist_only_social_success,4,-1,1,1,0,1,1,1,2271760180,3334515826,200,False,5,0,13,83.6472472138332,57.0,0.18,0.245,0.20625
4802,800,../environments/smooth.17.csv,dist_only_social_success,4,-1,1,1,0,1,1,1,2271760180,3334515826,300,False,7,4,23,85.96556103573779,83.0,0.18333333333333332,0.25666666666666665,0.2125
4803,800,../environments/smooth.17.csv,dist_only_social_success,4,-1,1,1,0,1,1,1,2271760180,3334515826,400,False,11,7,35,23.551339380435046,110.0,0.195,0.2575,0.22625
4804,800,../environments/smooth.17.csv,dist_only_social_success,4,-1,1,1,0,1,1,1,2271760180,3334515826,500,False,13,9,43,47.06384888110527,137.0,0.21,0.254,0.2285
4805,800,../environments/smooth.17.csv,dist_only_social_success,4,-1,1,1,0,1,1,1,2271760180,3334515826,599,False,18,12,57,46.4131461828112,165.0,0.2020033388981636,0.25208681135225375,0.22287145242070117
4806,801,../environments/smooth.17.csv,dist_only_social_success,4,-1,1,1,0,1,1,1,2271760180,262994761,100,False,4,1,9,60.90194500411652,25.0,0.17,0.33,0.2625
4807,801,../environments/smooth.17.csv,dist_only_social_success,4,-1,1,1,0,1,1,1,2271760180,262994761,200,False,6,2,18,61.9586074274895,52.0,0.23,0.305,0.25875
4808,801,../environments/smooth.17.csv,dist_only_social_success,4,-1,1,1,0,1,1,1,2271760180,262994761,300,False,12,2,27,63.35764489688007,81.0,0.20666666666666667,0.30666666666666664,0.245
4809,801,../environments/smooth.17.csv,dist_only_social_success,4,-1,1,1,0,1,1,1,2271760180,262994761,400,False,14,3,35,37.909136529673994,104.0,0.205,0.2675,0.24125
4810,801,../environments/smooth.17.csv,dist_only_social_success,4,-1,1,1,0,1,1,1,2271760180,262994761,500,False,16,3,40,51.716882981592924,128.0,0.196,0.274,0.2425
4811,801,../environments/smooth.17.csv,dist_only_social_success,4,-1,1,1,0,1,1,1,2271760180,262994761,599,False,17,5,47,44.811074035429215,154.0,0.21202003338898165,0.27712854757929883,0.24582637729549248
4812,802,../environments/smooth.17.csv,dist_only_social_success,4,-1,1,1,0,1,1,1,2271760180,3602806192,100,False,4,0,6,70.69712734306009,25.0,0.17,0.35,0.265
4813,802,../environments/smooth.17.csv,dist_only_social_success,4,-1,1,1,0,1,1,1,2271760180,3602806192,200,False,6,0,8,55.304855384096044,52.0,0.185,0.335,0.26125
4814,802,../environments/smooth.17.csv,dist_only_social_success,4,-1,1,1,0,1,1,1,2271760180,3602806192,300,False,9,3,21,35.07514517083783,79.0,0.19333333333333333,0.29333333333333333,0.2475
4815,802,../environments/smooth.17.csv,dist_only_social_success,4,-1,1,1,0,1,1,1,2271760180,3602806192,400,False,9,6,30,44.83830919471529,107.0,0.2025,0.27,0.234375
4816,802,../environments/smooth.17.csv,dist_only_social_success,4,-1,1,1,0,1,1,1,2271760180,3602806192,500,False,10,6,33,63.07678098549573,132.0,0.23,0.26,0.238
4817,802,../environments/smooth.17.csv,dist_only_social_success,4,-1,1,1,0,1,1,1,2271760180,3602806192,599,False,13,8,42,41.97174689457601,157.0,0.2303839732888147,0.2671118530884808,0.248330550918197
4818,803,../environments/smooth.17.csv,dist_only_social_success,4,-1,1,1,0,1,1,1,2271760180,3437971635,100,False,3,0,8,29.48110816796639,25.0,0.22,0.31,0.26
4819,803,../environments/smooth.17.csv,dist_only_social_success,4,-1,1,1,0,1,1,1,2271760180,3437971635,200,False,6,0,14,41.0954354921163,53.0,0.215,0.27,0.2425
4820,803,../environments/smooth.17.csv,dist_only_social_success,4,-1,1,1,0,1,1,1,2271760180,3437971635,300,False,12,3,26,31.94143091338822,82.0,0.23,0.24333333333333335,0.23416666666666666
4821,803,../environments/smooth.17.csv,dist_only_social_success,4,-1,1,1,0,1,1,1,2271760180,3437971635,400,False,12,5,29,46.69948806153417,109.0,0.2125,0.2175,0.21625
4822,803,../environments/smooth.17.csv,dist_only_social_success,4,-1,1,1,0,1,1,1,2271760180,3437971635,500,False,15,6,35,56.507280037249195,136.0,0.21,0.234,0.219
4823,803,../environments/smooth.17.csv,dist_only_social_success,4,-1,1,1,0,1,1,1,2271760180,3437971635,599,False,18,8,46,6.0,163.0,0.21869782971619364,0.23205342237061768,0.22537562604340566
4824,804,../environments/smooth.17.csv,dist_only_social_success,4,-1,1,1,0,1,1,1,2271760180,4010425793,100,False,3,0,5,48.30333073370581,25.0,0.16,0.26,0.22
4825,804,../environments/smooth.17.csv,dist_only_social_success,4,-1,1,1,0,1,1,1,2271760180,4010425793,200,False,4,2,11,41.77504718962135,53.0,0.19,0.235,0.2075
4826,804,../environments/smooth.17.csv,dist_only_social_success,4,-1,1,1,0,1,1,1,2271760180,4010425793,300,False,5,2,15,25.558134565963602,78.0,0.20333333333333334,0.21,0.20666666666666667
4827,804,../environments/smooth.17.csv,dist_only_social_success,4,-1,1,1,0,1,1,1,2271760180,4010425793,400,False,6,3,20,62.14809071416944,108.0,0.2025,0.2225,0.209375
4828,804,../environments/smooth.17.csv,dist_only_social_success,4,-1,1,1,0,1,1,1,2271760180,4010425793,500,False,10,5,31,44.54414368117452,134.0,0.21,0.214,0.212
4829,804,../environments/smooth.17.csv,dist_only_social_success,4,-1,1,1,0,1,1,1,2271760180,4010425793,599,False,11,8,38,42.93021454871891,161.0,0.20868113522537562,0.21869782971619364,0.21368948247078465
4830,805,../environments/smooth.17.csv,dist_only_social_success,4,-1,1,1,0,1,1,1,2271760180,2734561081,100,False,3,1,6,47.52051453841547,26.0,0.2,0.26,0.23
4831,805,../environments/smooth.17.csv,dist_only_social_success,4,-1,1,1,0,1,1,1,2271760180,2734561081,200,False,5,2,14,60.11464616604348,54.0,0.205,0.27,0.23125
4832,805,../environments/smooth.17.csv,dist_only_social_success,4,-1,1,1,0,1,1,1,2271760180,2734561081,300,False,10,5,26,10.358485472372255,79.0,0.21666666666666667,0.24666666666666667,0.23416666666666666
4833,805,../environments/smooth.17.csv,dist_only_social_success,4,-1,1,1,0,1,1,1,2271760180,2734561081,400,False,11,6,32,27.15827532404806,105.0,0.22,0.23,0.225
4834,805,../environments/smooth.17.csv,dist_only_social_success,4,-1,1,1,0,1,1,1,2271760180,2734561081,500,False,12,7,39,32.919258609890996,130.0,0.212,0.222,0.2165
4835,805,../environments/smooth.17.csv,dist_only_social_success,4,-1,1,1,0,1,1,1,2271760180,2734561081,599,False,15,9,48,47.75432423358565,160.0,0.20701168614357263,0.22370617696160267,0.2132721202003339
4836,806,../environments/smooth.17.csv,dist_only_social_success,4,-1,1,1,0,1,1,1,2271760180,1253946826,100,False,6,1,11,17.773387165490547,25.0,0.17,0.3,0.2425
4837,806,../environments/smooth.17.csv,dist_only_social_success,4,-1,1,1,0,1,1,1,2271760180,1253946826,200,False,12,2,20,62.04535937997001,53.0,0.19,0.24,0.21625
4838,806,../environments/smooth.17.csv,dist_only_social_success,4,-1,1,1,0,1,1,1,2271760180,1253946826,300,False,18,2,29,72.32906007650149,82.0,0.17666666666666667,0.23333333333333334,0.20333333333333334
4839,806,../environments/smooth.17.csv,dist_only_social_success,4,-1,1,1,0,1,1,1,2271760180,1253946826,400,False,24,2,40,45.88744888347066,109.0,0.1775,0.255,0.224375
4840,806,../environments/smooth.17.csv,dist_only_social_success,4,-1,1,1,0,1,1,1,2271760180,1253946826,500,False,26,4,49,64.26061181107289,135.0,0.188,0.272,0.235
4841,806,../environments/smooth.17.csv,dist_only_social_success,4,-1,1,1,0,1,1,1,2271760180,1253946826,599,False,27,4,51,58.090778967025614,163.0,0.21035058430717862,0.24874791318864775,0.23205342237061768
4842,807,../environments/smooth.17.csv,dist_only_social_success,4,-1,1,1,0,1,1,1,2271760180,1347984585,100,False,4,0,5,43.15567310272654,24.0,0.21,0.37,0.265
4843,807,../environments/smooth.17.csv,dist_only_social_success,4,-1,1,1,0,1,1,1,2271760180,1347984585,200,False,5,0,8,77.00222080085571,56.0,0.175,0.26,0.2125
4844,807,../environments/smooth.17.csv,dist_only_social_success,4,-1,1,1,0,1,1,1,2271760180,1347984585,300,False,6,2,18,64.14053799412409,82.0,0.20666666666666667,0.25666666666666665,0.23083333333333333
4845,807,../environments/smooth.17.csv,dist_only_social_success,4,-1,1,1,0,1,1,1,2271760180,1347984585,400,False,11,4,26,34.58057929017566,105.0,0.205,0.2575,0.233125
4846,807,../environments/smooth.17.csv,dist_only_social_success,4,-1,1,1,0,1,1,1,2271760180,1347984585,500,False,15,5,36,30.56757118132545,130.0,0.214,0.254,0.2385
4847,807,../environments/smooth.17.csv,dist_only_social_success,4,-1,1,1,0,1,1,1,2271760180,1347984585,599,False,17,8,48,36.92059968701219,158.0,0.22203672787979967,0.24874791318864775,0.2395659432387312
4848,808,../environments/smooth.17.csv,dist_only_social_success,4,-1,1,1,0,1,1,1,2271760180,884777651,100,False,1,0,3,44.528335194049745,26.0,0.19,0.26,0.215
4849,808,../environments/smooth.17.csv,dist_only_social_success,4,-1,1,1,0,1,1,1,2271760180,884777651,200,False,4,1,9,44.286047440728204,56.0,0.18,0.22,0.19875
4850,808,../environments/smooth.17.csv,dist_only_social_success,4,-1,1,1,0,1,1,1,2271760180,884777651,300,False,5,2,14,65.6027411225416,85.0,0.19333333333333333,0.22,0.20333333333333334
4851,808,../environments/smooth.17.csv,dist_only_social_success,4,-1,1,1,0,1,1,1,2271760180,884777651,400,False,6,4,20,47.61973047827111,111.0,0.19,0.2375,0.21
4852,808,../environments/smooth.17.csv,dist_only_social_success,4,-1,1,1,0,1,1,1,2271760180,884777651,500,False,8,6,28,42.27115255718168,138.0,0.194,0.226,0.2145
4853,808,../environments/smooth.17.csv,dist_only_social_success,4,-1,1,1,0,1,1,1,2271760180,884777651,599,False,11,7,36,48.49722802244675,168.0,0.19365609348914858,0.22537562604340566,0.21160267111853087
4854,809,../environments/smooth.17.csv,dist_only_social_success,4,-1,1,1,0,1,1,1,2271760180,2299003041,100,False,2,0,4,60.36297954023567,28.0,0.13,0.28,0.2125
4855,809,../environments/smooth.17.csv,dist_only_social_success,4,-1,1,1,0,1,1,1,2271760180,2299003041,200,False,3,1,10,38.30757866203189,53.0,0.225,0.26,0.24
4856,809,../environments/smooth.17.csv,dist_only_social_success,4,-1,1,1,0,1,1,1,2271760180,2299003041,300,False,8,2,19,49.26452636928896,80.0,0.21333333333333335,0.26666666666666666,0.23916666666666667
4857,809,../environments/smooth.17.csv,dist_only_social_success,4,-1,1,1,0,1,1,1,2271760180,2299003041,400,False,9,4,25,32.47443469119884,108.0,0.205,0.2525,0.229375
4858,809,../environments/smooth.17.csv,dist_only_social_success,4,-1,1,1,0,1,1,1,2271760180,2299003041,500,False,12,6,37,27.56350570905911,135.0,0.206,0.238,0.226
4859,809,../environments/smooth.17.csv,dist_only_social_success,4,-1,1,1,0,1,1,1,2271760180,2299003041,599,False,12,7,40,31.864959401035737,163.0,0.20701168614357263,0.2370617696160267,0.22287145242070117
4860,810,../environments/smooth.17.csv,dist_only_social_success,4,-1,1,1,0,1,1,1,2515763587,3334515826,100,False,5,0,8,71.5695781365079,26.0,0.14,0.28,0.205
4861,810,../environments/smooth.17.csv,dist_only_social_success,4,-1,1,1,0,1,1,1,2515763587,3334515826,200,False,7,1,13,33.152486777485876,53.0,0.22,0.245,0.23
4862,810,../environments/smooth.17.csv,dist_only_social_success,4,-1,1,1,0,1,1,1,2515763587,3334515826,300,False,10,2,19,57.12411835106887,79.0,0.21,0.25666666666666665,0.2375
4863,810,../environments/smooth.17.csv,dist_only_social_success,4,-1,1,1,0,1,1,1,2515763587,3334515826,400,False,11,5,27,26.485281374238568,106.0,0.2025,0.275,0.238125
4864,810,../environments/smooth.17.csv,dist_only_social_success,4,-1,1,1,0,1,1,1,2515763587,3334515826,500,False,14,6,35,45.424973967583455,132.0,0.212,0.268,0.242
4865,810,../environments/smooth.17.csv,dist_only_social_success,4,-1,1,1,0,1,1,1,2515763587,3334515826,599,False,15,7,43,63.23053251447377,159.0,0.2303839732888147,0.2671118530884808,0.24707846410684475
4866,811,../environments/smooth.17.csv,dist_only_social_success,4,-1,1,1,0,1,1,1,2515763587,262994761,100,False,6,0,9,37.545414046828526,25.0,0.22,0.36,0.2825
4867,811,../environments/smooth.17.csv,dist_only_social_success,4,-1,1,1,0,1,1,1,2515763587,262994761,200,False,8,2,19,23.939750144227187,52.0,0.19,0.33,0.2475
4868,811,../environments/smooth.17.csv,dist_only_social_success,4,-1,1,1,0,1,1,1,2515763587,262994761,300,False,8,3,22,29.31964234623978,79.0,0.18666666666666668,0.2866666666666667,0.22666666666666666
4869,811,../environments/smooth.17.csv,dist_only_social_success,4,-1,1,1,0,1,1,1,2515763587,262994761,400,False,9,4,26,52.01752032120412,107.0,0.185,0.2625,0.218125
4870,811,../environments/smooth.17.csv,dist_only_social_success,4,-1,1,1,0,1,1,1,2515763587,262994761,500,False,13,6,41,19.086784710182176,131.0,0.186,0.286,0.2255
4871,811,../environments/smooth.17.csv,dist_only_social_success,4,-1,1,1,0,1,1,1,2515763587,262994761,599,False,14,7,45,12.0,155.0,0.2003338898163606,0.2654424040066778,0.22913188647746244
4872,812,../environments/smooth.17.csv,dist_only_social_success,4,-1,1,1,0,1,1,1,2515763587,3602806192,100,False,4,2,11,27.395416411344968,26.0,0.17,0.42,0.2675
4873,812,../environments/smooth.17.csv,dist_only_social_success,4,-1,1,1,0,1,1,1,2515763587,3602806192,200,False,7,2,16,50.174440324028524,56.0,0.175,0.285,0.21625
4874,812,../environments/smooth.17.csv,dist_only_social_success,4,-1,1,1,0,1,1,1,2515763587,3602806192,300,False,11,2,23,44.81101188468458,84.0,0.18,0.2633333333333333,0.21666666666666667
4875,812,../environments/smooth.17.csv,dist_only_social_success,4,-1,1,1,0,1,1,1,2515763587,3602806192,400,False,12,4,33,50.17317318918873,113.0,0.1975,0.2475,0.220625
4876,812,../environments/smooth.17.csv,dist_only_social_success,4,-1,1,1,0,1,1,1,2515763587,3602806192,500,False,16,5,44,51.85776774732588,137.0,0.21,0.242,0.2315
4877,812,../environments/smooth.17.csv,dist_only_social_success,4,-1,1,1,0,1,1,1,2515763587,3602806192,599,False,17,7,49,46.92306673281868,165.0,0.20868113522537562,0.24707846410684475,0.2295492487479132
4878,813,../environments/smooth.17.csv,dist_only_social_success,4,-1,1,1,0,1,1,1,2515763587,3437971635,100,False,5,0,7,45.18194381083199,27.0,0.19,0.24,0.215
4879,813,../environments/smooth.17.csv,dist_only_social_success,4,-1,1,1,0,1,1,1,2515763587,3437971635,200,False,6,0,12,57.501406171532444,53.0,0.19,0.245,0.21625
4880,813,../environments/smooth.17.csv,dist_only_social_success,4,-1,1,1,0,1,1,1,2515763587,3437971635,300,False,9,1,17,54.99192424287306,83.0,0.19666666666666666,0.23333333333333334,0.22
4881,813,../environments/smooth.17.csv,dist_only_social_success,4,-1,1,1,0,1,1,1,2515763587,3437971635,400,False,11,1,20,48.488780746868365,109.0,0.205,0.235,0.22
4882,813,../environments/smooth.17.csv,dist_only_social_success,4,-1,1,1,0,1,1,1,2515763587,3437971635,500,False,13,1,28,66.51899239766516,138.0,0.2,0.234,0.215
4883,813,../environments/smooth.17.csv,dist_only_social_success,4,-1,1,1,0,1,1,1,2515763587,3437971635,599,False,18,2,38,38.017937099999855,165.0,0.1986644407345576,0.24874791318864775,0.21953255425709517
4884,814,../environments/smooth.17.csv,dist_only_social_success,4,-1,1,1,0,1,1,1,2515763587,4010425793,100,False,6,1,12,55.86984536971865,27.0,0.21,0.33,0.25
4885,814,../environments/smooth.17.csv,dist_only_social_success,4,-1,1,1,0,1,1,1,2515763587,4010425793,200,False,9,4,23,34.887630090212205,54.0,0.185,0.25,0.22125
4886,814,../environments/smooth.17.csv,dist_only_social_success,4,-1,1,1,0,1,1,1,2515763587,4010425793,300,False,12,6,34,44.32802978985815,83.0,0.18666666666666668,0.25666666666666665,0.2175
4887,814,../environments/smooth.17.csv,dist_only_social_success,4,-1,1,1,0,1,1,1,2515763587,4010425793,400,False,12,6,38,77.52572195535919,112.0,0.1775,0.2475,0.210625
4888,814,../environments/smooth.17.csv,dist_only_social_success,4,-1,1,1,0,1,1,1,2515763587,4010425793,500,False,16,6,46,55.933274358454256,141.0,0.18,0.248,0.215
4889,814,../environments/smooth.17.csv,dist_only_social_success,4,-1,1,1,0,1,1,1,2515763587,4010425793,599,False,19,6,54,29.369639046389604,167.0,0.19031719532554256,0.24373956594323873,0.2174457429048414
4890,815,../environments/smooth.17.csv,dist_only_social_success,4,-1,1,1,0,1,1,1,2515763587,2734561081,100,False,4,2,11,77.62860487005021,27.0,0.16,0.32,0.225
4891,815,../environments/smooth.17.csv,dist_only_social_success,4,-1,1,1,0,1,1,1,2515763587,2734561081,200,False,6,2,18,52.352422634360025,55.0,0.195,0.26,0.225
4892,815,../environments/smooth.17.csv,dist_only_social_success,4,-1,1,1,0,1,1,1,2515763587,2734561081,300,False,10,3,26,53.52496018823426,83.0,0.21333333333333335,0.27,0.23166666666666666
4893,815,../environments/smooth.17.csv,dist_only_social_success,4,-1,1,1,0,1,1,1,2515763587,2734561081,400,False,14,6,40,60.99553889362009,109.0,0.2125,0.2475,0.230625
4894,815,../environments/smooth.17.csv,dist_only_social_success,4,-1,1,1,0,1,1,1,2515763587,2734561081,500,False,18,6,47,23.21110255092798,137.0,0.21,0.256,0.236
4895,815,../environments/smooth.17.csv,dist_only_social_success,4,-1,1,1,0,1,1,1,2515763587,2734561081,599,False,22,7,54,82.56489616526198,163.0,0.1986644407345576,0.24707846410684475,0.2270450751252087
4896,816,../environments/smooth.17.csv,dist_only_social_success,4,-1,1,1,0,1,1,1,2515763587,1253946826,100,False,3,0,6,65.65009283860854,27.0,0.22,0.35,0.2575
4897,816,../environments/smooth.17.csv,dist_only_social_success,4,-1,1,1,0,1,1,1,2515763587,1253946826,200,False,6,0,12,62.447991986952196,54.0,0.225,0.26,0.2425
4898,816,../environments/smooth.17.csv,dist_only_social_success,4,-1,1,1,0,1,1,1,2515763587,1253946826,300,False,8,2,20,44.525859642176016,81.0,0.22666666666666666,0.24333333333333335,0.23666666666666666
4899,816,../environments/smooth.17.csv,dist_only_social_success,4,-1,1,1,0,1,1,1,2515763587,1253946826,400,False,12,2,30,31.63545283547152,107.0,0.225,0.245,0.233125
4900,816,../environments/smooth.17.csv,dist_only_social_success,4,-1,1,1,0,1,1,1,2515763587,1253946826,500,False,15,6,45,46.53909589233665,134.0,0.226,0.246,0.2335
4901,816,../environments/smooth.17.csv,dist_only_social_success,4,-1,1,1,0,1,1,1,2515763587,1253946826,599,False,19,9,57,47.89470236813741,162.0,0.21202003338898165,0.2604340567612688,0.23247078464106843
4902,817,../environments/smooth.17.csv,dist_only_social_success,4,-1,1,1,0,1,1,1,2515763587,1347984585,100,False,4,1,8,58.52250868955128,25.0,0.18,0.31,0.27
4903,817,../environments/smooth.17.csv,dist_only_social_success,4,-1,1,1,0,1,1,1,2515763587,1347984585,200,False,6,2,13,58.95139536879724,53.0,0.195,0.255,0.2325
4904,817,../environments/smooth.17.csv,dist_only_social_success,4,-1,1,1,0,1,1,1,2515763587,1347984585,300,False,7,5,26,47.68854830020133,83.0,0.17333333333333334,0.24666666666666667,0.22
4905,817,../environments/smooth.17.csv,dist_only_social_success,4,-1,1,1,0,1,1,1,2515763587,1347984585,400,False,11,6,37,35.14622329778055,108.0,0.1975,0.2775,0.225
4906,817,../environments/smooth.17.csv,dist_only_social_success,4,-1,1,1,0,1,1,1,2515763587,1347984585,500,False,13,9,46,33.1094141260986,136.0,0.2,0.27,0.226
4907,817,../environments/smooth.17.csv,dist_only_social_success,4,-1,1,1,0,1,1,1,2515763587,1347984585,599,False,15,10,52,18.32897378153354,159.0,0.2036727879799666,0.25041736227045075,0.22245409015025042
4908,818,../environments/smooth.17.csv,dist_only_social_success,4,-1,1,1,0,1,1,1,2515763587,884777651,100,False,4,0,8,65.84728569318163,26.0,0.19,0.3,0.255
4909,818,../environments/smooth.17.csv,dist_only_social_success,4,-1,1,1,0,1,1,1,2515763587,884777651,200,False,8,2,18,73.13986013922994,55.0,0.18,0.29,0.22375
4910,818,../environments/smooth.17.csv,dist_only_social_success,4,-1,1,1,0,1,1,1,2515763587,884777651,300,False,9,5,27,74.44684004638329,82.0,0.18666666666666668,0.2633333333333333,0.22833333333333333
4911,818,../environments/smooth.17.csv,dist_only_social_success,4,-1,1,1,0,1,1,1,2515763587,884777651,400,False,10,6,34,12.048627177541054,107.0,0.1825,0.2775,0.2375
4912,818,../environments/smooth.17.csv,dist_only_social_success,4,-1,1,1,0,1,1,1,2515763587,884777651,500,False,12,7,37,20.802124216294438,133.0,0.182,0.266,0.2335
4913,818,../environments/smooth.17.csv,dist_only_social_success,4,-1,1,1,0,1,1,1,2515763587,884777651,599,False,15,7,44,64.29426901904878,160.0,0.19198664440734559,0.2604340567612688,0.23163606010016694
4914,819,../environments/smooth.17.csv,dist_only_social_success,4,-1,1,1,0,1,1,1,2515763587,2299003041,100,False,6,3,17,51.48751845132031,26.0,0.24,0.34,0.27
4915,819,../environments/smooth.17.csv,dist_only_social_success,4,-1,1,1,0,1,1,1,2515763587,2299003041,200,False,8,4,22,45.94237238540797,54.0,0.21,0.255,0.23375
4916,819,../environments/smooth.17.csv,dist_only_social_success,4,-1,1,1,0,1,1,1,2515763587,2299003041,300,False,9,5,26,45.82306318518491,82.0,0.20666666666666667,0.24333333333333335,0.22083333333333333
4917,819,../environments/smooth.17.csv,dist_only_social_success,4,-1,1,1,0,1,1,1,2515763587,2299003041,400,False,10,6,31,40.74072838019099,110.0,0.2075,0.255,0.225625
4918,819,../environments/smooth.17.csv,dist_only_social_success,4,-1,1,1,0,1,1,1,2515763587,2299003041,500,False,11,7,37,63.484043746923525,139.0,0.2,0.244,0.2185
4919,819,../environments/smooth.17.csv,dist_only_social_success,4,-1,1,1,0,1,1,1,2515763587,2299003041,599,False,14,7,41,14.890246430504833,167.0,0.2036727879799666,0.2387312186978297,0.21869782971619364
4920,820,../environments/smooth.17.csv,dist_only_social_success,4,-1,1,1,0,1,1,1,3622058494,3334515826,100,False,3,0,5,64.13408857562688,26.0,0.15,0.35,0.255
4921,820,../environments/smooth.17.csv,dist_only_social_success,4,-1,1,1,0,1,1,1,3622058494,3334515826,200,False,4,0,11,90.01953830111161,54.0,0.205,0.29,0.2425
4922,820,../environments/smooth.17.csv,dist_only_social_success,4,-1,1,1,0,1,1,1,3622058494,3334515826,300,False,6,1,15,72.50199470195875,81.0,0.22,0.2833333333333333,0.2475
4923,820,../environments/smooth.17.csv,dist_only_social_success,4,-1,1,1,0,1,1,1,3622058494,3334515826,400,False,9,2,24,47.58607755310567,109.0,0.21,0.26,0.2375
4924,820,../environments/smooth.17.csv,dist_only_social_success,4,-1,1,1,0,1,1,1,3622058494,3334515826,500,False,11,3,28,67.86509126847386,136.0,0.21,0.248,0.2315
4925,820,../environments/smooth.17.csv,dist_only_social_success,4,-1,1,1,0,1,1,1,3622058494,3334515826,599,False,14,8,41,23.99077084138559,159.0,0.2303839732888147,0.2570951585976628,0.24290484140233723
4926,821,../environments/smooth.17.csv,dist_only_social_success,4,-1,1,1,0,1,1,1,3622058494,262994761,100,False,6,0,7,27.954289894834616,27.0,0.14,0.3,0.23
4927,821,../environments/smooth.17.csv,dist_only_social_success,4,-1,1,1,0,1,1,1,3622058494,262994761,200,False,8,0,12,48.26151094577379,54.0,0.185,0.25,0.21875
4928,821,../environments/smooth.17.csv,dist_only_social_success,4,-1,1,1,0,1,1,1,3622058494,262994761,300,False,8,3,19,56.07841584379143,85.0,0.19,0.23,0.20416666666666666
4929,821,../environments/smooth.17.csv,dist_only_social_success,4,-1,1,1,0,1,1,1,3622058494,262994761,400,False,10,4,27,57.112869672259166,112.0,0.1775,0.255,0.2075
4930,821,../environments/smooth.17.csv,dist_only_social_success,4,-1,1,1,0,1,1,1,3622058494,262994761,500,False,11,7,37,42.822523762806384,136.0,0.202,0.252,0.2185
4931,821,../environments/smooth.17.csv,dist_only_social_success,4,-1,1,1,0,1,1,1,3622058494,262994761,599,False,13,8,45,23.119706287090455,160.0,0.19365609348914858,0.24540901502504173,0.21452420701168615
4932,822,../environments/smooth.17.csv,dist_only_social_success,4,-1,1,1,0,1,1,1,3622058494,3602806192,100,False,1,0,3,49.837386576882366,26.0,0.18,0.3,0.235
4933,822,../environments/smooth.17.csv,dist_only_social_success,4,-1,1,1,0,1,1,1,3622058494,3602806192,200,False,5,1,11,44.41161860039044,52.0,0.185,0.26,0.23625
4934,822,../environments/smooth.17.csv,dist_only_social_success,4,-1,1,1,0,1,1,1,3622058494,3602806192,300,False,8,3,21,28.634649979485467,81.0,0.2,0.25333333333333335,0.23166666666666666
4935,822,../environments/smooth.17.csv,dist_only_social_success,4,-1,1,1,0,1,1,1,3622058494,3602806192,400,False,9,5,28,30.879766019817826,112.0,0.2025,0.2325,0.221875
4936,822,../environments/smooth.17.csv,dist_only_social_success,4,-1,1,1,0,1,1,1,3622058494,3602806192,500,False,10,7,35,56.767936060961055,140.0,0.21,0.232,0.2185
4937,822,../environments/smooth.17.csv,dist_only_social_success,4,-1,1,1,0,1,1,1,3622058494,3602806192,599,False,11,7,39,84.76051597548849,168.0,0.21202003338898165,0.2270450751252087,0.22036727879799667
4938,823,../environments/smooth.17.csv,dist_only_social_success,4,-1,1,1,0,1,1,1,3622058494,3437971635,100,False,6,0,11,33.77116574393904,27.0,0.15,0.3,0.23
4939,823,../environments/smooth.17.csv,dist_only_social_success,4,-1,1,1,0,1,1,1,3622058494,3437971635,200,False,9,1,16,23.06000740694697,53.0,0.195,0.265,0.22375
4940,823,../environments/smooth.17.csv,dist_only_social_success,4,-1,1,1,0,1,1,1,3622058494,3437971635,300,False,11,4,24,63.54786618391512,82.0,0.19666666666666666,0.26666666666666666,0.21916666666666668
4941,823,../environments/smooth.17.csv,dist_only_social_success,4,-1,1,1,0,1,1,1,3622058494,3437971635,400,False,12,4,28,50.84732116115052,111.0,0.1925,0.255,0.2175
4942,823,../environments/smooth.17.csv,dist_only_social_success,4,-1,1,1,0,1,1,1,3622058494,3437971635,500,False,17,4,35,67.17112598813486,138.0,0.21,0.244,0.2195
4943,823,../environments/smooth.17.csv,dist_only_social_success,4,-1,1,1,0,1,1,1,3622058494,3437971635,599,False,18,8,48,59.84500595117173,165.0,0.20534223706176963,0.23205342237061768,0.21452420701168615
4944,824,../environments/smooth.17.csv,dist_only_social_success,4,-1,1,1,0,1,1,1,3622058494,4010425793,100,False,2,1,6,35.61550964493429,25.0,0.18,0.3,0.2325
4945,824,../environments/smooth.17.csv,dist_only_social_success,4,-1,1,1,0,1,1,1,3622058494,4010425793,200,False,6,3,17,73.35998732288196,55.0,0.18,0.25,0.225
4946,824,../environments/smooth.17.csv,dist_only_social_success,4,-1,1,1,0,1,1,1,3622058494,4010425793,300,False,8,3,23,39.7643564177442,83.0,0.19666666666666666,0.24,0.21666666666666667
4947,824,../environments/smooth.17.csv,dist_only_social_success,4,-1,1,1,0,1,1,1,3622058494,4010425793,400,False,10,3,30,57.567502491756535,112.0,0.1975,0.245,0.22
4948,824,../environments/smooth.17.csv,dist_only_social_success,4,-1,1,1,0,1,1,1,3622058494,4010425793,500,False,12,4,33,60.514650476513516,138.0,0.21,0.23,0.2185
4949,824,../environments/smooth.17.csv,dist_only_social_success,4,-1,1,1,0,1,1,1,3622058494,4010425793,599,False,16,8,44,64.25857056433608,167.0,0.20534223706176963,0.2287145242070117,0.21452420701168615
4950,825,../environments/smooth.17.csv,dist_only_social_success,4,-1,1,1,0,1,1,1,3622058494,2734561081,100,False,1,0,1,40.91186072132456,26.0,0.18,0.27,0.2225
4951,825,../environments/smooth.17.csv,dist_only_social_success,4,-1,1,1,0,1,1,1,3622058494,2734561081,200,False,3,1,7,55.15413833856333,52.0,0.205,0.235,0.21625
4952,825,../environments/smooth.17.csv,dist_only_social_success,4,-1,1,1,0,1,1,1,3622058494,2734561081,300,False,6,2,20,53.173868696227316,79.0,0.19666666666666666,0.25,0.21833333333333332
4953,825,../environments/smooth.17.csv,dist_only_social_success,4,-1,1,1,0,1,1,1,3622058494,2734561081,400,False,7,6,26,42.34387903107577,107.0,0.215,0.23,0.219375
4954,825,../environments/smooth.17.csv,dist_only_social_success,4,-1,1,1,0,1,1,1,3622058494,2734561081,500,False,14,7,39,10.0,132.0,0.206,0.232,0.2155
4955,825,../environments/smooth.17.csv,dist_only_social_success,4,-1,1,1,0,1,1,1,3622058494,2734561081,599,False,15,8,43,64.07979909928981,159.0,0.19532554257095158,0.22537562604340566,0.20868113522537562
4956,826,../environments/smooth.17.csv,dist_only_social_success,4,-1,1,1,0,1,1,1,3622058494,1253946826,100,False,5,0,10,47.633353280397536,27.0,0.17,0.32,0.23
4957,826,../environments/smooth.17.csv,dist_only_social_success,4,-1,1,1,0,1,1,1,3622058494,1253946826,200,False,7,2,20,54.40662116187303,54.0,0.22,0.25,0.235
4958,826,../environments/smooth.17.csv,dist_only_social_success,4,-1,1,1,0,1,1,1,3622058494,1253946826,300,False,11,5,32,65.93160181869014,82.0,0.22,0.24,0.225
4959,826,../environments/smooth.17.csv,dist_only_social_success,4,-1,1,1,0,1,1,1,3622058494,1253946826,400,False,12,6,38,78.08593651873102,111.0,0.2075,0.2325,0.21875
4960,826,../environments/smooth.17.csv,dist_only_social_success,4,-1,1,1,0,1,1,1,3622058494,1253946826,500,False,14,6,46,23.340583172946587,136.0,0.204,0.25,0.226
4961,826,../environments/smooth.17.csv,dist_only_social_success,4,-1,1,1,0,1,1,1,3622058494,1253946826,599,False,17,6,51,56.88560370063484,163.0,0.20701168614357263,0.24540901502504173,0.22161936560934892
4962,827,../environments/smooth.17.csv,dist_only_social_success,4,-1,1,1,0,1,1,1,3622058494,1347984585,100,False,3,2,10,60.69504435788901,25.0,0.24,0.35,0.3
4963,827,../environments/smooth.17.csv,dist_only_social_success,4,-1,1,1,0,1,1,1,3622058494,1347984585,200,False,6,4,20,61.41363429954684,52.0,0.235,0.29,0.26375
4964,827,../environments/smooth.17.csv,dist_only_social_success,4,-1,1,1,0,1,1,1,3622058494,1347984585,300,False,8,5,25,52.574720644113185,79.0,0.24,0.26666666666666666,0.25
4965,827,../environments/smooth.17.csv,dist_only_social_success,4,-1,1,1,0,1,1,1,3622058494,1347984585,400,False,11,7,36,70.68717411602924,109.0,0.2325,0.255,0.239375
4966,827,../environments/smooth.17.csv,dist_only_social_success,4,-1,1,1,0,1,1,1,3622058494,1347984585,500,False,14,10,47,67.68341803282252,135.0,0.23,0.254,0.241
4967,827,../environments/smooth.17.csv,dist_only_social_success,4,-1,1,1,0,1,1,1,3622058494,1347984585,599,False,14,11,49,62.06701881947455,164.0,0.22537562604340566,0.24207011686143573,0.2345575959933222
4968,828,../environments/smooth.17.csv,dist_only_social_success,4,-1,1,1,0,1,1,1,3622058494,884777651,100,False,4,0,7,44.875461738340135,28.0,0.17,0.24,0.2075
4969,828,../environments/smooth.17.csv,dist_only_social_success,4,-1,1,1,0,1,1,1,3622058494,884777651,200,False,8,0,12,46.49348126985137,52.0,0.18,0.245,0.21625
4970,828,../environments/smooth.17.csv,dist_only_social_success,4,-1,1,1,0,1,1,1,3622058494,884777651,300,False,12,1,21,88.27321185191366,80.0,0.22,0.23333333333333334,0.23
4971,828,../environments/smooth.17.csv,dist_only_social_success,4,-1,1,1,0,1,1,1,3622058494,884777651,400,False,16,1,29,56.7145570423599,107.0,0.2275,0.2475,0.23375
4972,828,../environments/smooth.17.csv,dist_only_social_success,4,-1,1,1,0,1,1,1,3622058494,884777651,500,False,16,2,31,31.72396410105017,135.0,0.21,0.236,0.228
4973,828,../environments/smooth.17.csv,dist_only_social_success,4,-1,1,1,0,1,1,1,3622058494,884777651,599,False,18,6,42,58.33706058791026,163.0,0.21202003338898165,0.2353923205342237,0.2270450751252087
4974,829,../environments/smooth.17.csv,dist_only_social_success,4,-1,1,1,0,1,1,1,3622058494,2299003041,100,False,3,1,7,24.26967512741666,26.0,0.15,0.31,0.23
4975,829,../environments/smooth.17.csv,dist_only_social_success,4,-1,1,1,0,1,1,1,3622058494,2299003041,200,False,7,3,19,49.14578590092103,55.0,0.165,0.27,0.215
4976,829,../environments/smooth.17.csv,dist_only_social_success,4,-1,1,1,0,1,1,1,3622058494,2299003041,300,False,10,5,29,80.02233303410249,84.0,0.16,0.26666666666666666,0.21583333333333332
4977,829,../environments/smooth.17.csv,dist_only_social_success,4,-1,1,1,0,1,1,1,3622058494,2299003041,400,False,14,7,37,50.19671208935269,109.0,0.185,0.2675,0.2325
4978,829,../environments/smooth.17.csv,dist_only_social_success,4,-1,1,1,0,1,1,1,3622058494,2299003041,500,False,15,8,43,59.60901319109068,138.0,0.184,0.262,0.231
4979,829,../environments/smooth.17.csv,dist_only_social_success,4,-1,1,1,0,1,1,1,3622058494,2299003041,599,False,15,10,51,56.53655354042705,165.0,0.19365609348914858,0.25375626043405675,0.2303839732888147
4980,830,../environments/smooth.17.csv,dist_only_social_success,4,-1,1,1,0,1,1,1,3859649351,3334515826,100,False,3,0,7,66.57060774875615,28.0,0.18,0.24,0.2025
4981,830,../environments/smooth.17.csv,dist_only_social_success,4,-1,1,1,0,1,1,1,3859649351,3334515826,200,False,6,3,18,36.60226043294245,56.0,0.18,0.27,0.23
4982,830,../environments/smooth.17.csv,dist_only_social_success,4,-1,1,1,0,1,1,1,3859649351,3334515826,300,False,9,3,24,18.491714377302042,83.0,0.19666666666666666,0.24666666666666667,0.22416666666666665
4983,830,../environments/smooth.17.csv,dist_only_social_success,4,-1,1,1,0,1,1,1,3859649351,3334515826,400,False,11,5,34,32.12257993274082,109.0,0.2125,0.26,0.236875
4984,830,../environments/smooth.17.csv,dist_only_social_success,4,-1,1,1,0,1,1,1,3859649351,3334515826,500,False,13,5,39,64.32435942826422,135.0,0.224,0.256,0.239
4985,830,../environments/smooth.17.csv,dist_only_social_success,4,-1,1,1,0,1,1,1,3859649351,3334515826,599,False,13,5,42,29.357015899914533,164.0,0.22370617696160267,0.24874791318864775,0.23747913188647746
4986,831,../environments/smooth.17.csv,dist_only_social_success,4,-1,1,1,0,1,1,1,3859649351,262994761,100,False,6,0,12,26.23117139075709,27.0,0.17,0.29,0.2125
4987,831,../environments/smooth.17.csv,dist_only_social_success,4,-1,1,1,0,1,1,1,3859649351,262994761,200,False,10,4,23,21.00389691313216,55.0,0.2,0.25,0.21625
4988,831,../environments/smooth.17.csv,dist_only_social_success,4,-1,1,1,0,1,1,1,3859649351,262994761,300,False,13,5,31,44.7839120410903,83.0,0.2,0.24,0.215
4989,831,../environments/smooth.17.csv,dist_only_social_success,4,-1,1,1,0,1,1,1,3859649351,262994761,400,False,19,6,43,61.67510914399138,112.0,0.1875,0.255,0.214375
4990,831,../environments/smooth.17.csv,dist_only_social_success,4,-1,1,1,0,1,1,1,3859649351,262994761,500,False,21,7,51,65.228053367449,141.0,0.208,0.236,0.221
4991,831,../environments/smooth.17.csv,dist_only_social_success,4,-1,1,1,0,1,1,1,3859649351,262994761,599,False,22,9,56,33.99289468617774,167.0,0.1986644407345576,0.2587646076794658,0.22537562604340566
4992,832,../environments/smooth.17.csv,dist_only_social_success,4,-1,1,1,0,1,1,1,3859649351,3602806192,100,False,5,0,11,75.72487052351939,26.0,0.15,0.31,0.235
4993,832,../environments/smooth.17.csv,dist_only_social_success,4,-1,1,1,0,1,1,1,3859649351,3602806192,200,False,7,2,18,86.05929980959483,55.0,0.175,0.235,0.21
4994,832,../environments/smooth.17.csv,dist_only_social_success,4,-1,1,1,0,1,1,1,3859649351,3602806192,300,False,14,3,32,55.816484893808926,82.0,0.15666666666666668,0.25333333333333335,0.2075
4995,832,../environments/smooth.17.csv,dist_only_social_success,4,-1,1,1,0,1,1,1,3859649351,3602806192,400,False,14,3,35,75.67759436346344,110.0,0.1625,0.24,0.20625
4996,832,../environments/smooth.17.csv,dist_only_social_success,4,-1,1,1,0,1,1,1,3859649351,3602806192,500,False,14,3,37,48.727083941304926,137.0,0.162,0.252,0.217
4997,832,../environments/smooth.17.csv,dist_only_social_success,4,-1,1,1,0,1,1,1,3859649351,3602806192,599,False,15,5,42,19.43379198467556,164.0,0.17529215358931552,0.2370617696160267,0.21285475792988315
4998,833,../environments/smooth.17.csv,dist_only_social_success,4,-1,1,1,0,1,1,1,3859649351,3437971635,100,False,5,1,11,33.81587571346341,28.0,0.15,0.22,0.2
4999,833,../environments/smooth.17.csv,dist_only_social_success,4,-1,1,1,0,1,1,1,3859649351,3437971635,200,False,9,2,20,32.50264025161913,56.0,0.18,0.245,0.19625
5000,833,../environments/smooth.17.csv,dist_only_social_success,4,-1,1,1,0,1,1,1,3859649351,3437971635,300,False,13,5,31,33.370666706205384,82.0,0.19666666666666666,0.27,0.225
5001,833,../environments/smooth.17.csv,dist_only_social_success,4,-1,1,1,0,1,1,1,3859649351,3437971635,400,False,16,8,42,58.61662300371076,110.0,0.2025,0.255,0.22125
5002,833,../environments/smooth.17.csv,dist_only_social_success,4,-1,1,1,0,1,1,1,3859649351,3437971635,500,False,17,9,47,45.54061792744214,137.0,0.204,0.262,0.2225
5003,833,../environments/smooth.17.csv,dist_only_social_success,4,-1,1,1,0,1,1,1,3859649351,3437971635,599,False,19,11,53,64.56295522089866,164.0,0.2003338898163606,0.2587646076794658,0.22203672787979967
5004,834,../environments/smooth.17.csv,dist_only_social_success,4,-1,1,1,0,1,1,1,3859649351,4010425793,100,False,4,0,5,51.08401344487322,27.0,0.13,0.33,0.2275
5005,834,../environments/smooth.17.csv,dist_only_social_success,4,-1,1,1,0,1,1,1,3859649351,4010425793,200,False,8,0,13,30.14542365033973,54.0,0.15,0.29,0.2175
5006,834,../environments/smooth.17.csv,dist_only_social_success,4,-1,1,1,0,1,1,1,3859649351,4010425793,300,False,15,3,30,23.98645911002736,82.0,0.17,0.27,0.21333333333333335
5007,834,../environments/smooth.17.csv,dist_only_social_success,4,-1,1,1,0,1,1,1,3859649351,4010425793,400,False,15,4,34,74.91571310993034,110.0,0.1775,0.2775,0.216875
5008,834,../environments/smooth.17.csv,dist_only_social_success,4,-1,1,1,0,1,1,1,3859649351,4010425793,500,False,15,5,37,58.74305351245857,138.0,0.184,0.274,0.2175
5009,834,../environments/smooth.17.csv,dist_only_social_success,4,-1,1,1,0,1,1,1,3859649351,4010425793,599,False,18,7,46,83.12301899800747,164.0,0.19198664440734559,0.2604340567612688,0.22120200333889817
5010,835,../environments/smooth.17.csv,dist_only_social_success,4,-1,1,1,0,1,1,1,3859649351,2734561081,100,False,5,1,9,34.13996248935979,27.0,0.13,0.34,0.2375
5011,835,../environments/smooth.17.csv,dist_only_social_success,4,-1,1,1,0,1,1,1,3859649351,2734561081,200,False,7,2,14,31.759973351890757,51.0,0.185,0.295,0.25
5012,835,../environments/smooth.17.csv,dist_only_social_success,4,-1,1,1,0,1,1,1,3859649351,2734561081,300,False,10,3,21,44.430116229348855,77.0,0.19666666666666666,0.30333333333333334,0.2525
5013,835,../environments/smooth.17.csv,dist_only_social_success,4,-1,1,1,0,1,1,1,3859649351,2734561081,400,False,16,5,35,59.41459434225517,101.0,0.2325,0.31,0.27
5014,835,../environments/smooth.17.csv,dist_only_social_success,4,-1,1,1,0,1,1,1,3859649351,2734561081,500,False,17,6,41,77.33825341371593,127.0,0.228,0.284,0.255
5015,835,../environments/smooth.17.csv,dist_only_social_success,4,-1,1,1,0,1,1,1,3859649351,2734561081,599,False,19,6,45,9.30056307974577,153.0,0.23205342237061768,0.2704507512520868,0.2508347245409015
5016,836,../environments/smooth.17.csv,dist_only_social_success,4,-1,1,1,0,1,1,1,3859649351,1253946826,100,False,4,0,8,25.4644281289117,26.0,0.21,0.3,0.25
5017,836,../environments/smooth.17.csv,dist_only_social_success,4,-1,1,1,0,1,1,1,3859649351,1253946826,200,False,6,2,17,41.8272020121432,53.0,0.225,0.265,0.245
5018,836,../environments/smooth.17.csv,dist_only_social_success,4,-1,1,1,0,1,1,1,3859649351,1253946826,300,False,8,2,22,26.0073380310169,81.0,0.2,0.28,0.23083333333333333
5019,836,../environments/smooth.17.csv,dist_only_social_success,4,-1,1,1,0,1,1,1,3859649351,1253946826,400,False,10,3,28,28.71635536101326,109.0,0.2125,0.2575,0.233125
5020,836,../environments/smooth.17.csv,dist_only_social_success,4,-1,1,1,0,1,1,1,3859649351,1253946826,500,False,12,4,34,50.18791434201766,137.0,0.208,0.238,0.2235
5021,836,../environments/smooth.17.csv,dist_only_social_success,4,-1,1,1,0,1,1,1,3859649351,1253946826,599,False,13,6,42,55.30650905994828,162.0,0.21368948247078465,0.24707846410684475,0.23497495826377296
5022,837,../environments/smooth.17.csv,dist_only_social_success,4,-1,1,1,0,1,1,1,3859649351,1347984585,100,False,3,3,12,57.20039431762625,24.0,0.25,0.33,0.2925
5023,837,../environments/smooth.17.csv,dist_only_social_success,4,-1,1,1,0,1,1,1,3859649351,1347984585,200,False,7,4,22,32.985569807650506,51.0,0.235,0.31,0.26875
5024,837,../environments/smooth.17.csv,dist_only_social_success,4,-1,1,1,0,1,1,1,3859649351,1347984585,300,False,11,6,34,47.25347271264085,79.0,0.22,0.3233333333333333,0.25583333333333336
5025,837,../environments/smooth.17.csv,dist_only_social_success,4,-1,1,1,0,1,1,1,3859649351,1347984585,400,False,13,7,40,53.3063970573796,108.0,0.2125,0.3075,0.2425
5026,837,../environments/smooth.17.csv,dist_only_social_success,4,-1,1,1,0,1,1,1,3859649351,1347984585,500,False,15,8,48,60.47222612901385,138.0,0.208,0.296,0.2365
5027,837,../environments/smooth.17.csv,dist_only_social_success,4,-1,1,1,0,1,1,1,3859649351,1347984585,599,False,16,9,55,41.926773196965605,163.0,0.22036727879799667,0.29549248747913187,0.24290484140233723
5028,838,../environments/smooth.17.csv,dist_only_social_success,4,-1,1,1,0,1,1,1,3859649351,884777651,100,False,1,0,3,58.07545945676583,27.0,0.19,0.27,0.2175
5029,838,../environments/smooth.17.csv,dist_only_social_success,4,-1,1,1,0,1,1,1,3859649351,884777651,200,False,3,2,10,70.79289412779593,57.0,0.175,0.235,0.21
5030,838,../environments/smooth.17.csv,dist_only_social_success,4,-1,1,1,0,1,1,1,3859649351,884777651,300,False,5,2,14,68.10897442137943,82.0,0.19666666666666666,0.24333333333333335,0.22583333333333333
5031,838,../environments/smooth.17.csv,dist_only_social_success,4,-1,1,1,0,1,1,1,3859649351,884777651,400,False,5,4,19,38.971323860894216,109.0,0.2175,0.29,0.24125
5032,838,../environments/smooth.17.csv,dist_only_social_success,4,-1,1,1,0,1,1,1,3859649351,884777651,500,False,9,6,29,69.01200461825724,138.0,0.208,0.278,0.2335
5033,838,../environments/smooth.17.csv,dist_only_social_success,4,-1,1,1,0,1,1,1,3859649351,884777651,599,False,9,8,35,39.0,164.0,0.2036727879799666,0.2888146911519199,0.23831385642737896
5034,839,../environments/smooth.17.csv,dist_only_social_success,4,-1,1,1,0,1,1,1,3859649351,2299003041,100,False,3,2,9,51.916701693635815,27.0,0.2,0.3,0.2375
5035,839,../environments/smooth.17.csv,dist_only_social_success,4,-1,1,1,0,1,1,1,3859649351,2299003041,200,False,5,4,19,37.01654086550433,55.0,0.18,0.33,0.22875
5036,839,../environments/smooth.17.csv,dist_only_social_success,4,-1,1,1,0,1,1,1,3859649351,2299003041,300,False,10,6,33,41.20284490921274,81.0,0.19666666666666666,0.26666666666666666,0.21916666666666668
5037,839,../environments/smooth.17.csv,dist_only_social_success,4,-1,1,1,0,1,1,1,3859649351,2299003041,400,False,12,8,41,65.80104562683641,108.0,0.1925,0.235,0.21875
5038,839,../environments/smooth.17.csv,dist_only_social_success,4,-1,1,1,0,1,1,1,3859649351,2299003041,500,False,14,9,48,34.423457550952094,137.0,0.188,0.254,0.22
5039,839,../environments/smooth.17.csv,dist_only_social_success,4,-1,1,1,0,1,1,1,3859649351,2299003041,599,False,18,11,56,57.209898926425296,165.0,0.19198664440734559,0.23205342237061768,0.21076794657762937
5040,840,../environments/smooth.17.csv,dist_only_social_success,4,-1,1,1,0,1,1,1,3788962293,3334515826,100,False,4,1,8,30.069318630692628,24.0,0.14,0.35,0.2475
5041,840,../environments/smooth.17.csv,dist_only_social_success,4,-1,1,1,0,1,1,1,3788962293,3334515826,200,False,6,3,18,48.226319997874704,54.0,0.17,0.28,0.235
5042,840,../environments/smooth.17.csv,dist_only_social_success,4,-1,1,1,0,1,1,1,3788962293,3334515826,300,False,10,5,29,38.048994985465356,82.0,0.19666666666666666,0.26666666666666666,0.22833333333333333
5043,840,../environments/smooth.17.csv,dist_only_social_success,4,-1,1,1,0,1,1,1,3788962293,3334515826,400,False,12,6,38,24.97368285274535,110.0,0.1875,0.2675,0.223125
5044,840,../environments/smooth.17.csv,dist_only_social_success,4,-1,1,1,0,1,1,1,3788962293,3334515826,500,False,14,7,45,40.70504968783105,137.0,0.18,0.268,0.223
5045,840,../environments/smooth.17.csv,dist_only_social_success,4,-1,1,1,0,1,1,1,3788962293,3334515826,599,False,17,8,52,78.17908798032023,165.0,0.19198664440734559,0.2604340567612688,0.22537562604340566
5046,841,../environments/smooth.17.csv,dist_only_social_success,4,-1,1,1,0,1,1,1,3788962293,262994761,100,False,3,1,8,32.27506945033367,24.0,0.21,0.38,0.26
5047,841,../environments/smooth.17.csv,dist_only_social_success,4,-1,1,1,0,1,1,1,3788962293,262994761,200,False,8,3,18,55.76971917992864,51.0,0.18,0.3,0.22875
5048,841,../environments/smooth.17.csv,dist_only_social_success,4,-1,1,1,0,1,1,1,3788962293,262994761,300,False,9,3,27,58.80135574926729,81.0,0.16666666666666666,0.24666666666666667,0.20416666666666666
5049,841,../environments/smooth.17.csv,dist_only_social_success,4,-1,1,1,0,1,1,1,3788962293,262994761,400,False,14,4,37,58.293724089394374,110.0,0.1675,0.2325,0.20625
5050,841,../environments/smooth.17.csv,dist_only_social_success,4,-1,1,1,0,1,1,1,3788962293,262994761,500,False,17,9,51,38.39670195019664,138.0,0.166,0.224,0.205
5051,841,../environments/smooth.17.csv,dist_only_social_success,4,-1,1,1,0,1,1,1,3788962293,262994761,599,False,17,11,57,41.38194951012295,163.0,0.18196994991652754,0.2387312186978297,0.20993322203672787
5052,842,../environments/smooth.17.csv,dist_only_social_success,4,-1,1,1,0,1,1,1,3788962293,3602806192,100,False,3,0,6,35.20962988180747,26.0,0.23,0.35,0.275
5053,842,../environments/smooth.17.csv,dist_only_social_success,4,-1,1,1,0,1,1,1,3788962293,3602806192,200,False,6,1,13,42.16023028347983,52.0,0.205,0.325,0.245
5054,842,../environments/smooth.17.csv,dist_only_social_success,4,-1,1,1,0,1,1,1,3788962293,3602806192,300,False,8,1,20,82.60126483707243,82.0,0.19,0.27,0.23333333333333334
5055,842,../environments/smooth.17.csv,dist_only_social_success,4,-1,1,1,0,1,1,1,3788962293,3602806192,400,False,11,2,27,50.76908431691737,109.0,0.185,0.2875,0.23
5056,842,../environments/smooth.17.csv,dist_only_social_success,4,-1,1,1,0,1,1,1,3788962293,3602806192,500,False,14,2,33,40.63322981682569,136.0,0.204,0.298,0.239
5057,842,../environments/smooth.17.csv,dist_only_social_success,4,-1,1,1,0,1,1,1,3788962293,3602806192,599,False,14,3,37,78.63979065937238,164.0,0.20701168614357263,0.2854757929883139,0.2362270450751252
5058,843,../environments/smooth.17.csv,dist_only_social_success,4,-1,1,1,0,1,1,1,3788962293,3437971635,100,False,3,1,10,69.50673174521896,26.0,0.16,0.29,0.2025
5059,843,../environments/smooth.17.csv,dist_only_social_success,4,-1,1,1,0,1,1,1,3788962293,3437971635,200,False,6,2,20,55.72663520816677,55.0,0.175,0.235,0.205
5060,843,../environments/smooth.17.csv,dist_only_social_success,4,-1,1,1,0,1,1,1,3788962293,3437971635,300,False,8,2,25,49.935025300685616,82.0,0.19666666666666666,0.22333333333333333,0.20833333333333334
5061,843,../environments/smooth.17.csv,dist_only_social_success,4,-1,1,1,0,1,1,1,3788962293,3437971635,400,False,12,3,33,33.181266280930465,107.0,0.2025,0.24,0.221875
5062,843,../environments/smooth.17.csv,dist_only_social_success,4,-1,1,1,0,1,1,1,3788962293,3437971635,500,False,13,6,43,33.6800124975062,135.0,0.216,0.232,0.226
5063,843,../environments/smooth.17.csv,dist_only_social_success,4,-1,1,1,0,1,1,1,3788962293,3437971635,599,False,16,7,50,51.84300494551904,164.0,0.21202003338898165,0.22537562604340566,0.21869782971619364
5064,844,../environments/smooth.17.csv,dist_only_social_success,4,-1,1,1,0,1,1,1,3788962293,4010425793,100,False,3,0,6,38.99306152540858,25.0,0.17,0.3,0.225
5065,844,../environments/smooth.17.csv,dist_only_social_success,4,-1,1,1,0,1,1,1,3788962293,4010425793,200,False,5,0,11,30.792266137215613,52.0,0.185,0.245,0.22125
5066,844,../environments/smooth.17.csv,dist_only_social_success,4,-1,1,1,0,1,1,1,3788962293,4010425793,300,False,6,2,18,68.74064830046346,79.0,0.21,0.25666666666666665,0.23
5067,844,../environments/smooth.17.csv,dist_only_social_success,4,-1,1,1,0,1,1,1,3788962293,4010425793,400,False,7,5,25,47.64918542694927,105.0,0.205,0.26,0.235625
5068,844,../environments/smooth.17.csv,dist_only_social_success,4,-1,1,1,0,1,1,1,3788962293,4010425793,500,False,10,9,38,67.82113990571163,132.0,0.196,0.252,0.228
5069,844,../environments/smooth.17.csv,dist_only_social_success,4,-1,1,1,0,1,1,1,3788962293,4010425793,599,False,12,11,46,23.96029976260899,159.0,0.19365609348914858,0.2654424040066778,0.23330550918196996
5070,845,../environments/smooth.17.csv,dist_only_social_success,4,-1,1,1,0,1,1,1,3788962293,2734561081,100,False,3,0,6,29.33436372523635,24.0,0.13,0.37,0.2475
5071,845,../environments/smooth.17.csv,dist_only_social_success,4,-1,1,1,0,1,1,1,3788962293,2734561081,200,False,5,1,14,46.42918795937544,52.0,0.165,0.29,0.24
5072,845,../environments/smooth.17.csv,dist_only_social_success,4,-1,1,1,0,1,1,1,3788962293,2734561081,300,False,8,1,20,30.039864969773525,80.0,0.18333333333333332,0.27,0.2325
5073,845,../environments/smooth.17.csv,dist_only_social_success,4,-1,1,1,0,1,1,1,3788962293,2734561081,400,False,9,5,28,47.37053707248168,108.0,0.205,0.2575,0.2375
5074,845,../environments/smooth.17.csv,dist_only_social_success,4,-1,1,1,0,1,1,1,3788962293,2734561081,500,False,12,6,35,78.15587380249531,136.0,0.194,0.24,0.224
5075,845,../environments/smooth.17.csv,dist_only_social_success,4,-1,1,1,0,1,1,1,3788962293,2734561081,599,False,14,8,47,62.31259473492865,164.0,0.18864774624373956,0.24874791318864775,0.22746243739565944
5076,846,../environments/smooth.17.csv,dist_only_social_success,4,-1,1,1,0,1,1,1,3788962293,1253946826,100,False,3,0,4,43.55371550424891,25.0,0.19,0.37,0.285
5077,846,../environments/smooth.17.csv,dist_only_social_success,4,-1,1,1,0,1,1,1,3788962293,1253946826,200,False,5,3,15,45.26927462613472,52.0,0.18,0.305,0.2525
5078,846,../environments/smooth.17.csv,dist_only_social_success,4,-1,1,1,0,1,1,1,3788962293,1253946826,300,False,6,5,23,48.07747220960082,78.0,0.20666666666666667,0.30333333333333334,0.26166666666666666
5079,846,../environments/smooth.17.csv,dist_only_social_success,4,-1,1,1,0,1,1,1,3788962293,1253946826,400,False,8,6,26,63.018248873259765,105.0,0.2325,0.2925,0.2575
5080,846,../environments/smooth.17.csv,dist_only_social_success,4,-1,1,1,0,1,1,1,3788962293,1253946826,500,False,11,7,38,76.57007587140572,128.0,0.24,0.3,0.2735
5081,846,../environments/smooth.17.csv,dist_only_social_success,4,-1,1,1,0,1,1,1,3788962293,1253946826,599,False,12,8,41,47.89400527828949,153.0,0.2604340567612688,0.29716193656093487,0.27629382303839733
5082,847,../environments/smooth.17.csv,dist_only_social_success,4,-1,1,1,0,1,1,1,3788962293,1347984585,100,False,3,0,6,33.12188929203217,25.0,0.17,0.35,0.2775
5083,847,../environments/smooth.17.csv,dist_only_social_success,4,-1,1,1,0,1,1,1,3788962293,1347984585,200,False,6,0,12,37.785729300562714,52.0,0.18,0.31,0.2375
5084,847,../environments/smooth.17.csv,dist_only_social_success,4,-1,1,1,0,1,1,1,3788962293,1347984585,300,False,6,0,14,63.1875700461523,81.0,0.19333333333333333,0.27,0.22416666666666665
5085,847,../environments/smooth.17.csv,dist_only_social_success,4,-1,1,1,0,1,1,1,3788962293,1347984585,400,False,8,3,23,61.10577091651132,107.0,0.18,0.27,0.230625
5086,847,../environments/smooth.17.csv,dist_only_social_success,4,-1,1,1,0,1,1,1,3788962293,1347984585,500,False,9,5,30,74.06676259062915,133.0,0.198,0.264,0.2375
5087,847,../environments/smooth.17.csv,dist_only_social_success,4,-1,1,1,0,1,1,1,3788962293,1347984585,599,False,13,8,43,32.042758531062674,160.0,0.18697829716193656,0.2671118530884808,0.24081803005008348
5088,848,../environments/smooth.17.csv,dist_only_social_success,4,-1,1,1,0,1,1,1,3788962293,884777651,100,False,2,1,7,48.17045207490409,28.0,0.16,0.24,0.2
5089,848,../environments/smooth.17.csv,dist_only_social_success,4,-1,1,1,0,1,1,1,3788962293,884777651,200,False,6,2,15,66.6720092835429,58.0,0.18,0.235,0.2075
5090,848,../environments/smooth.17.csv,dist_only_social_success,4,-1,1,1,0,1,1,1,3788962293,884777651,300,False,9,4,25,63.91335809844218,83.0,0.21,0.25,0.22916666666666666
5091,848,../environments/smooth.17.csv,dist_only_social_success,4,-1,1,1,0,1,1,1,3788962293,884777651,400,False,9,7,30,46.166727504511286,113.0,0.205,0.2325,0.216875
5092,848,../environments/smooth.17.csv,dist_only_social_success,4,-1,1,1,0,1,1,1,3788962293,884777651,500,False,10,8,35,61.980743005714714,138.0,0.196,0.25,0.221
5093,848,../environments/smooth.17.csv,dist_only_social_success,4,-1,1,1,0,1,1,1,3788962293,884777651,599,False,12,9,45,57.62918078264087,167.0,0.20868113522537562,0.24707846410684475,0.22120200333889817
5094,849,../environments/smooth.17.csv,dist_only_social_success,4,-1,1,1,0,1,1,1,3788962293,2299003041,100,False,4,0,6,57.785049151926344,26.0,0.14,0.25,0.2
5095,849,../environments/smooth.17.csv,dist_only_social_success,4,-1,1,1,0,1,1,1,3788962293,2299003041,200,False,6,2,16,55.23063366842947,56.0,0.18,0.235,0.21125
5096,849,../environments/smooth.17.csv,dist_only_social_success,4,-1,1,1,0,1,1,1,3788962293,2299003041,300,False,9,2,23,56.73727096054365,83.0,0.19666666666666666,0.21666666666666667,0.20916666666666667
5097,849,../environments/smooth.17.csv,dist_only_social_success,4,-1,1,1,0,1,1,1,3788962293,2299003041,400,False,12,4,29,76.17684304234494,113.0,0.1825,0.22,0.200625
5098,849,../environments/smooth.17.csv,dist_only_social_success,4,-1,1,1,0,1,1,1,3788962293,2299003041,500,False,13,6,41,50.04650606036561,143.0,0.188,0.21,0.2015
5099,849,../environments/smooth.17.csv,dist_only_social_success,4,-1,1,1,0,1,1,1,3788962293,2299003041,599,False,15,11,50,63.110548191358504,171.0,0.17529215358931552,0.21368948247078465,0.19908180300500836
5100,850,../environments/smooth.17.csv,dist_only_social_success,4,-1,1,1,0,1,1,1,4075238685,3334515826,100,False,5,0,8,52.95413531308044,28.0,0.2,0.24,0.215
5101,850,../environments/smooth.17.csv,dist_only_social_success,4,-1,1,1,0,1,1,1,4075238685,3334515826,200,False,6,0,12,30.965178609115227,55.0,0.205,0.27,0.2225
5102,850,../environments/smooth.17.csv,dist_only_social_success,4,-1,1,1,0,1,1,1,4075238685,3334515826,300,False,9,3,23,11.16227766016838,83.0,0.20666666666666667,0.24333333333333335,0.2225
5103,850,../environments/smooth.17.csv,dist_only_social_success,4,-1,1,1,0,1,1,1,4075238685,3334515826,400,False,13,5,32,38.36849520599465,108.0,0.2,0.2575,0.22375
5104,850,../environments/smooth.17.csv,dist_only_social_success,4,-1,1,1,0,1,1,1,4075238685,3334515826,500,False,14,7,39,74.14089748150822,135.0,0.194,0.242,0.2195
5105,850,../environments/smooth.17.csv,dist_only_social_success,4,-1,1,1,0,1,1,1,4075238685,3334515826,599,False,15,9,46,32.540534888847446,161.0,0.2036727879799666,0.25208681135225375,0.22746243739565944
5106,851,../environments/smooth.17.csv,dist_only_social_success,4,-1,1,1,0,1,1,1,4075238685,262994761,100,False,3,0,5,45.803319187607144,26.0,0.19,0.33,0.2475
5107,851,../environments/smooth.17.csv,dist_only_social_success,4,-1,1,1,0,1,1,1,4075238685,262994761,200,False,6,0,15,69.45164696723185,55.0,0.17,0.315,0.23
5108,851,../environments/smooth.17.csv,dist_only_social_success,4,-1,1,1,0,1,1,1,4075238685,262994761,300,False,8,2,22,69.77903828386816,83.0,0.17666666666666667,0.30666666666666664,0.23333333333333334
5109,851,../environments/smooth.17.csv,dist_only_social_success,4,-1,1,1,0,1,1,1,4075238685,262994761,400,False,10,6,31,41.20284490921274,108.0,0.205,0.2775,0.2375
5110,851,../environments/smooth.17.csv,dist_only_social_success,4,-1,1,1,0,1,1,1,4075238685,262994761,500,False,11,7,36,58.187999098331076,136.0,0.208,0.27,0.234
5111,851,../environments/smooth.17.csv,dist_only_social_success,4,-1,1,1,0,1,1,1,4075238685,262994761,599,False,12,10,42,24.21110255092798,163.0,0.2303839732888147,0.2654424040066778,0.23914858096828046
5112,852,../environments/smooth.17.csv,dist_only_social_success,4,-1,1,1,0,1,1,1,4075238685,3602806192,100,False,5,0,10,45.93037091575026,25.0,0.24,0.27,0.2625
5113,852,../environments/smooth.17.csv,dist_only_social_success,4,-1,1,1,0,1,1,1,4075238685,3602806192,200,False,8,4,23,63.72269740663998,53.0,0.215,0.29,0.25375
5114,852,../environments/smooth.17.csv,dist_only_social_success,4,-1,1,1,0,1,1,1,4075238685,3602806192,300,False,9,4,25,38.024788911165295,81.0,0.20333333333333334,0.25333333333333335,0.22916666666666666
5115,852,../environments/smooth.17.csv,dist_only_social_success,4,-1,1,1,0,1,1,1,4075238685,3602806192,400,False,10,5,29,38.17414717399666,109.0,0.1875,0.26,0.225
5116,852,../environments/smooth.17.csv,dist_only_social_success,4,-1,1,1,0,1,1,1,4075238685,3602806192,500,False,14,5,34,63.49043801363513,138.0,0.19,0.244,0.2205
5117,852,../environments/smooth.17.csv,dist_only_social_success,4,-1,1,1,0,1,1,1,4075238685,3602806192,599,False,17,6,42,58.59537139101213,167.0,0.19532554257095158,0.2337228714524207,0.2174457429048414
5118,853,../environments/smooth.17.csv,dist_only_social_success,4,-1,1,1,0,1,1,1,4075238685,3437971635,100,False,2,0,5,26.40737879168846,27.0,0.16,0.29,0.2175
5119,853,../environments/smooth.17.csv,dist_only_social_success,4,-1,1,1,0,1,1,1,4075238685,3437971635,200,False,4,0,10,35.20010804091113,56.0,0.18,0.235,0.2075
5120,853,../environments/smooth.17.csv,dist_only_social_success,4,-1,1,1,0,1,1,1,4075238685,3437971635,300,False,6,1,13,25.87016988823305,83.0,0.19666666666666666,0.25,0.22833333333333333
5121,853,../environments/smooth.17.csv,dist_only_social_success,4,-1,1,1,0,1,1,1,4075238685,3437971635,400,False,8,2,17,35.34379924970949,110.0,0.21,0.2325,0.221875
5122,853,../environments/smooth.17.csv,dist_only_social_success,4,-1,1,1,0,1,1,1,4075238685,3437971635,500,False,10,2,22,58.5000211235403,138.0,0.216,0.232,0.225
5123,853,../environments/smooth.17.csv,dist_only_social_success,4,-1,1,1,0,1,1,1,4075238685,3437971635,599,False,14,3,35,17.620470776878616,163.0,0.22036727879799667,0.24040066777963273,0.2270450751252087
5124,854,../environments/smooth.17.csv,dist_only_social_success,4,-1,1,1,0,1,1,1,4075238685,4010425793,100,False,4,0,7,59.16179833402761,28.0,0.13,0.24,0.2
5125,854,../environments/smooth.17.csv,dist_only_social_success,4,-1,1,1,0,1,1,1,4075238685,4010425793,200,False,6,1,11,22.037799837044737,54.0,0.18,0.235,0.20125
5126,854,../environments/smooth.17.csv,dist_only_social_success,4,-1,1,1,0,1,1,1,4075238685,4010425793,300,False,9,4,26,32.91638355813684,80.0,0.18,0.23333333333333334,0.20666666666666667
5127,854,../environments/smooth.17.csv,dist_only_social_success,4,-1,1,1,0,1,1,1,4075238685,4010425793,400,False,10,4,32,40.60923171545187,107.0,0.195,0.24,0.214375
5128,854,../environments/smooth.17.csv,dist_only_social_success,4,-1,1,1,0,1,1,1,4075238685,4010425793,500,False,13,5,37,52.90455762726024,135.0,0.192,0.232,0.208
5129,854,../environments/smooth.17.csv,dist_only_social_success,4,-1,1,1,0,1,1,1,4075238685,4010425793,599,False,16,9,44,54.291885369261,162.0,0.18363939899833054,0.22203672787979967,0.20909849749582637
5130,855,../environments/smooth.17.csv,dist_only_social_success,4,-1,1,1,0,1,1,1,4075238685,2734561081,100,False,2,0,4,74.41019582923407,25.0,0.18,0.48,0.2775
5131,855,../environments/smooth.17.csv,dist_only_social_success,4,-1,1,1,0,1,1,1,4075238685,2734561081,200,False,4,1,11,55.902019706710774,51.0,0.19,0.35,0.265
5132,855,../environments/smooth.17.csv,dist_only_social_success,4,-1,1,1,0,1,1,1,4075238685,2734561081,300,False,9,3,19,36.42220510185596,81.0,0.18666666666666668,0.32,0.24416666666666667
5133,855,../environments/smooth.17.csv,dist_only_social_success,4,-1,1,1,0,1,1,1,4075238685,2734561081,400,False,11,4,25,46.79272232774234,108.0,0.205,0.3225,0.249375
5134,855,../environments/smooth.17.csv,dist_only_social_success,4,-1,1,1,0,1,1,1,4075238685,2734561081,500,False,13,7,38,35.92598588359054,134.0,0.19,0.294,0.241
5135,855,../environments/smooth.17.csv,dist_only_social_success,4,-1,1,1,0,1,1,1,4075238685,2734561081,599,False,19,8,48,68.38851232449227,162.0,0.19365609348914858,0.28213689482470783,0.2337228714524207
5136,856,../environments/smooth.17.csv,dist_only_social_success,4,-1,1,1,0,1,1,1,4075238685,1253946826,100,False,4,0,7,46.88740871088248,26.0,0.18,0.28,0.235
5137,856,../environments/smooth.17.csv,dist_only_social_success,4,-1,1,1,0,1,1,1,4075238685,1253946826,200,False,5,2,14,45.196370394805555,53.0,0.2,0.265,0.235
5138,856,../environments/smooth.17.csv,dist_only_social_success,4,-1,1,1,0,1,1,1,4075238685,1253946826,300,False,6,4,19,48.947719142536016,82.0,0.22,0.24333333333333335,0.23
5139,856,../environments/smooth.17.csv,dist_only_social_success,4,-1,1,1,0,1,1,1,4075238685,1253946826,400,False,6,5,23,60.26582571557766,110.0,0.205,0.2475,0.229375
5140,856,../environments/smooth.17.csv,dist_only_social_success,4,-1,1,1,0,1,1,1,4075238685,1253946826,500,False,9,7,34,67.27058219023175,138.0,0.226,0.236,0.23
5141,856,../environments/smooth.17.csv,dist_only_social_success,4,-1,1,1,0,1,1,1,4075238685,1253946826,599,False,11,8,39,75.04428560118969,166.0,0.22203672787979967,0.2303839732888147,0.22746243739565944
5142,857,../environments/smooth.17.csv,dist_only_social_success,4,-1,1,1,0,1,1,1,4075238685,1347984585,100,False,4,0,8,61.92499710748155,26.0,0.22,0.26,0.2425
5143,857,../environments/smooth.17.csv,dist_only_social_success,4,-1,1,1,0,1,1,1,4075238685,1347984585,200,False,8,2,15,64.57198596656289,55.0,0.205,0.245,0.22875
5144,857,../environments/smooth.17.csv,dist_only_social_success,4,-1,1,1,0,1,1,1,4075238685,1347984585,300,False,10,3,24,41.84270700452544,83.0,0.19666666666666666,0.24666666666666667,0.22583333333333333
5145,857,../environments/smooth.17.csv,dist_only_social_success,4,-1,1,1,0,1,1,1,4075238685,1347984585,400,False,12,4,29,49.74866923823306,111.0,0.205,0.2425,0.22375
5146,857,../environments/smooth.17.csv,dist_only_social_success,4,-1,1,1,0,1,1,1,4075238685,1347984585,500,False,14,7,40,43.56516290732779,139.0,0.206,0.252,0.229
5147,857,../environments/smooth.17.csv,dist_only_social_success,4,-1,1,1,0,1,1,1,4075238685,1347984585,599,False,16,7,46,65.29745633751133,167.0,0.1986644407345576,0.24874791318864775,0.2270450751252087
5148,858,../environments/smooth.17.csv,dist_only_social_success,4,-1,1,1,0,1,1,1,4075238685,884777651,100,False,4,0,8,19.86119767526624,24.0,0.25,0.35,0.3
5149,858,../environments/smooth.17.csv,dist_only_social_success,4,-1,1,1,0,1,1,1,4075238685,884777651,200,False,6,0,12,17.2892801989182,52.0,0.23,0.27,0.25
5150,858,../environments/smooth.17.csv,dist_only_social_success,4,-1,1,1,0,1,1,1,4075238685,884777651,300,False,10,1,22,30.375488871878964,78.0,0.21666666666666667,0.25333333333333335,0.23666666666666666
5151,858,../environments/smooth.17.csv,dist_only_social_success,4,-1,1,1,0,1,1,1,4075238685,884777651,400,False,14,3,33,40.63767211941233,106.0,0.2125,0.23,0.220625
5152,858,../environments/smooth.17.csv,dist_only_social_success,4,-1,1,1,0,1,1,1,4075238685,884777651,500,False,15,5,41,61.953795857377386,133.0,0.218,0.232,0.2265
5153,858,../environments/smooth.17.csv,dist_only_social_success,4,-1,1,1,0,1,1,1,4075238685,884777651,599,False,18,7,49,76.5148506097197,161.0,0.22036727879799667,0.2303839732888147,0.22495826377295491
5154,859,../environments/smooth.17.csv,dist_only_social_success,4,-1,1,1,0,1,1,1,4075238685,2299003041,100,False,5,1,11,39.896419492154244,26.0,0.21,0.31,0.25
5155,859,../environments/smooth.17.csv,dist_only_social_success,4,-1,1,1,0,1,1,1,4075238685,2299003041,200,False,8,1,18,54.653244335428084,54.0,0.185,0.24,0.21875
5156,859,../environments/smooth.17.csv,dist_only_social_success,4,-1,1,1,0,1,1,1,4075238685,2299003041,300,False,9,1,23,39.58268078736572,82.0,0.21,0.24,0.2225
5157,859,../environments/smooth.17.csv,dist_only_social_success,4,-1,1,1,0,1,1,1,4075238685,2299003041,400,False,12,1,36,44.02314655382911,111.0,0.2,0.2325,0.219375
5158,859,../environments/smooth.17.csv,dist_only_social_success,4,-1,1,1,0,1,1,1,4075238685,2299003041,500,False,15,2,42,58.803159756819674,139.0,0.21,0.228,0.222
5159,859,../environments/smooth.17.csv,dist_only_social_success,4,-1,1,1,0,1,1,1,4075238685,2299003041,599,False,15,3,43,70.47325559629854,166.0,0.19532554257095158,0.23205342237061768,0.21702838063439064
5160,860,../environments/smooth.17.csv,dist_only_social_success,4,-1,1,1,0,1,1,1,1315049272,3334515826,100,False,3,0,3,31.92055117643146,24.0,0.18,0.34,0.2775
5161,860,../environments/smooth.17.csv,dist_only_social_success,4,-1,1,1,0,1,1,1,1315049272,3334515826,200,False,8,0,13,77.23629290740394,53.0,0.18,0.29,0.2575
5162,860,../environments/smooth.17.csv,dist_only_social_success,4,-1,1,1,0,1,1,1,1315049272,3334515826,300,False,11,3,23,80.79293921025105,77.0,0.20666666666666667,0.32666666666666666,0.2683333333333333
5163,860,../environments/smooth.17.csv,dist_only_social_success,4,-1,1,1,0,1,1,1,1315049272,3334515826,400,False,13,4,32,42.21694931316624,104.0,0.245,0.3075,0.265
5164,860,../environments/smooth.17.csv,dist_only_social_success,4,-1,1,1,0,1,1,1,1315049272,3334515826,500,False,14,4,37,58.07080553518611,132.0,0.234,0.294,0.2585
5165,860,../environments/smooth.17.csv,dist_only_social_success,4,-1,1,1,0,1,1,1,1315049272,3334515826,599,False,17,4,42,40.152398439968096,158.0,0.23205342237061768,0.2988313856427379,0.25918196994991655
5166,861,../environments/smooth.17.csv,dist_only_social_success,4,-1,1,1,0,1,1,1,1315049272,262994761,100,False,5,0,9,42.20613654799059,25.0,0.24,0.35,0.2875
5167,861,../environments/smooth.17.csv,dist_only_social_success,4,-1,1,1,0,1,1,1,1315049272,262994761,200,False,11,1,19,54.911724600948084,52.0,0.205,0.315,0.25875
5168,861,../environments/smooth.17.csv,dist_only_social_success,4,-1,1,1,0,1,1,1,1315049272,262994761,300,False,14,4,29,39.360898736570995,82.0,0.22666666666666666,0.27,0.24083333333333334
5169,861,../environments/smooth.17.csv,dist_only_social_success,4,-1,1,1,0,1,1,1,1315049272,262994761,400,False,16,6,34,84.38600241934586,109.0,0.2075,0.2575,0.2275
5170,861,../environments/smooth.17.csv,dist_only_social_success,4,-1,1,1,0,1,1,1,1315049272,262994761,500,False,23,8,50,69.3355355032381,137.0,0.206,0.24,0.224
5171,861,../environments/smooth.17.csv,dist_only_social_success,4,-1,1,1,0,1,1,1,1315049272,262994761,599,False,25,10,58,23.08052295485581,164.0,0.20534223706176963,0.24207011686143573,0.22245409015025042
5172,862,../environments/smooth.17.csv,dist_only_social_success,4,-1,1,1,0,1,1,1,1315049272,3602806192,100,False,3,0,8,64.44548911573328,26.0,0.21,0.35,0.275
5173,862,../environments/smooth.17.csv,dist_only_social_success,4,-1,1,1,0,1,1,1,1315049272,3602806192,200,False,6,1,17,32.69029111699514,51.0,0.23,0.265,0.2525
5174,862,../environments/smooth.17.csv,dist_only_social_success,4,-1,1,1,0,1,1,1,1315049272,3602806192,300,False,8,1,22,61.829037890303084,81.0,0.22,0.24666666666666667,0.23166666666666666
5175,862,../environments/smooth.17.csv,dist_only_social_success,4,-1,1,1,0,1,1,1,1315049272,3602806192,400,False,10,1,27,46.91816225271339,109.0,0.2275,0.255,0.235625
5176,862,../environments/smooth.17.csv,dist_only_social_success,4,-1,1,1,0,1,1,1,1315049272,3602806192,500,False,12,5,38,51.70655930889643,136.0,0.224,0.238,0.23
5177,862,../environments/smooth.17.csv,dist_only_social_success,4,-1,1,1,0,1,1,1,1315049272,3602806192,599,False,14,6,44,15.94427190999916,162.0,0.22203672787979967,0.24707846410684475,0.23414023372287146
5178,863,../environments/smooth.17.csv,dist_only_social_success,4,-1,1,1,0,1,1,1,1315049272,3437971635,100,False,3,0,6,51.75510447003016,26.0,0.16,0.31,0.235
5179,863,../environments/smooth.17.csv,dist_only_social_success,4,-1,1,1,0,1,1,1,1315049272,3437971635,200,False,4,3,13,62.497802751676765,56.0,0.145,0.29,0.21625
5180,863,../environments/smooth.17.csv,dist_only_social_success,4,-1,1,1,0,1,1,1,1315049272,3437971635,300,False,6,4,22,36.51715402032342,84.0,0.16,0.27,0.22583333333333333
5181,863,../environments/smooth.17.csv,dist_only_social_success,4,-1,1,1,0,1,1,1,1315049272,3437971635,400,False,11,5,33,41.34584191734161,110.0,0.175,0.26,0.21875
5182,863,../environments/smooth.17.csv,dist_only_social_success,4,-1,1,1,0,1,1,1,1315049272,3437971635,500,False,14,5,36,63.13107391767871,137.0,0.178,0.248,0.219
5183,863,../environments/smooth.17.csv,dist_only_social_success,4,-1,1,1,0,1,1,1,1315049272,3437971635,599,False,16,6,48,41.01526053980257,162.0,0.18363939899833054,0.2671118530884808,0.22746243739565944
5184,864,../environments/smooth.17.csv,dist_only_social_success,4,-1,1,1,0,1,1,1,1315049272,4010425793,100,False,6,2,13,87.18626331891736,25.0,0.16,0.3,0.23
5185,864,../environments/smooth.17.csv,dist_only_social_success,4,-1,1,1,0,1,1,1,1315049272,4010425793,200,False,9,2,20,63.72145186954557,52.0,0.17,0.29,0.24375
5186,864,../environments/smooth.17.csv,dist_only_social_success,4,-1,1,1,0,1,1,1,1315049272,4010425793,300,False,10,5,27,42.93981439330429,79.0,0.18,0.27,0.23083333333333333
5187,864,../environments/smooth.17.csv,dist_only_social_success,4,-1,1,1,0,1,1,1,1315049272,4010425793,400,False,10,6,31,60.62199920880604,109.0,0.1775,0.285,0.225
5188,864,../environments/smooth.17.csv,dist_only_social_success,4,-1,1,1,0,1,1,1,1315049272,4010425793,500,False,12,8,39,47.08248822926393,137.0,0.186,0.276,0.2195
5189,864,../environments/smooth.17.csv,dist_only_social_success,4,-1,1,1,0,1,1,1,1315049272,4010425793,599,False,12,10,43,77.84607205366387,165.0,0.18530884808013356,0.2671118530884808,0.21953255425709517
5190,865,../environments/smooth.17.csv,dist_only_social_success,4,-1,1,1,0,1,1,1,1315049272,2734561081,100,False,3,0,6,48.58035034939152,26.0,0.15,0.34,0.2425
5191,865,../environments/smooth.17.csv,dist_only_social_success,4,-1,1,1,0,1,1,1,1315049272,2734561081,200,False,5,2,15,90.49477667200745,55.0,0.2,0.27,0.2275
5192,865,../environments/smooth.17.csv,dist_only_social_success,4,-1,1,1,0,1,1,1,1315049272,2734561081,300,False,10,5,31,49.7419853757197,82.0,0.19666666666666666,0.26,0.2375
5193,865,../environments/smooth.17.csv,dist_only_social_success,4,-1,1,1,0,1,1,1,1315049272,2734561081,400,False,14,5,39,51.49518751424556,109.0,0.1925,0.275,0.239375
5194,865,../environments/smooth.17.csv,dist_only_social_success,4,-1,1,1,0,1,1,1,1315049272,2734561081,500,False,17,7,48,52.98875376242688,137.0,0.208,0.274,0.238
5195,865,../environments/smooth.17.csv,dist_only_social_success,4,-1,1,1,0,1,1,1,1315049272,2734561081,599,False,17,9,55,64.24688954550129,166.0,0.20534223706176963,0.24707846410684475,0.2295492487479132
5196,866,../environments/smooth.17.csv,dist_only_social_success,4,-1,1,1,0,1,1,1,1315049272,1253946826,100,False,5,1,9,71.96273555729107,25.0,0.24,0.42,0.2875
5197,866,../environments/smooth.17.csv,dist_only_social_success,4,-1,1,1,0,1,1,1,1315049272,1253946826,200,False,7,2,18,74.49763162958341,50.0,0.215,0.4,0.28375
5198,866,../environments/smooth.17.csv,dist_only_social_success,4,-1,1,1,0,1,1,1,1315049272,1253946826,300,False,10,4,28,50.732693856624934,80.0,0.19666666666666666,0.32666666666666666,0.26416666666666666
5199,866,../environments/smooth.17.csv,dist_only_social_success,4,-1,1,1,0,1,1,1,1315049272,1253946826,400,False,14,5,36,49.38099457167165,107.0,0.195,0.29,0.243125
5200,866,../environments/smooth.17.csv,dist_only_social_success,4,-1,1,1,0,1,1,1,1315049272,1253946826,500,False,16,7,44,77.47518678263904,138.0,0.188,0.274,0.2345
5201,866,../environments/smooth.17.csv,dist_only_social_success,4,-1,1,1,0,1,1,1,1315049272,1253946826,599,False,17,7,49,59.71395131819395,164.0,0.22036727879799667,0.25041736227045075,0.2362270450751252
5202,867,../environments/smooth.17.csv,dist_only_social_success,4,-1,1,1,0,1,1,1,1315049272,1347984585,100,False,2,0,4,30.641221317434677,24.0,0.24,0.3,0.275
5203,867,../environments/smooth.17.csv,dist_only_social_success,4,-1,1,1,0,1,1,1,1315049272,1347984585,200,False,3,0,5,44.22983081856042,54.0,0.22,0.24,0.2325
5204,867,../environments/smooth.17.csv,dist_only_social_success,4,-1,1,1,0,1,1,1,1315049272,1347984585,300,False,7,0,13,54.04167195723587,82.0,0.21,0.23666666666666666,0.22333333333333333
5205,867,../environments/smooth.17.csv,dist_only_social_success,4,-1,1,1,0,1,1,1,1315049272,1347984585,400,False,8,4,22,64.7451403723704,110.0,0.205,0.26,0.226875
5206,867,../environments/smooth.17.csv,dist_only_social_success,4,-1,1,1,0,1,1,1,1315049272,1347984585,500,False,8,5,25,73.0144113250449,138.0,0.2,0.254,0.223
5207,867,../environments/smooth.17.csv,dist_only_social_success,4,-1,1,1,0,1,1,1,1315049272,1347984585,599,False,11,7,33,13.15298244508295,163.0,0.2003338898163606,0.28046744574290483,0.2328881469115192
5208,868,../environments/smooth.17.csv,dist_only_social_success,4,-1,1,1,0,1,1,1,1315049272,884777651,100,False,3,1,8,39.22348208830512,25.0,0.14,0.42,0.2725
5209,868,../environments/smooth.17.csv,dist_only_social_success,4,-1,1,1,0,1,1,1,1315049272,884777651,200,False,6,3,17,44.83945498195327,54.0,0.18,0.32,0.2275
5210,868,../environments/smooth.17.csv,dist_only_social_success,4,-1,1,1,0,1,1,1,1315049272,884777651,300,False,8,4,25,35.62166878435296,79.0,0.2,0.27,0.23166666666666666
5211,868,../environments/smooth.17.csv,dist_only_social_success,4,-1,1,1,0,1,1,1,1315049272,884777651,400,False,9,7,31,23.073086908027207,106.0,0.195,0.26,0.2225
5212,868,../environments/smooth.17.csv,dist_only_social_success,4,-1,1,1,0,1,1,1,1315049272,884777651,500,False,9,8,34,38.114928497730254,131.0,0.218,0.252,0.2275
5213,868,../environments/smooth.17.csv,dist_only_social_success,4,-1,1,1,0,1,1,1,1315049272,884777651,599,False,12,8,39,70.04567999138202,161.0,0.21035058430717862,0.24373956594323873,0.22829716193656094
5214,869,../environments/smooth.17.csv,dist_only_social_success,4,-1,1,1,0,1,1,1,1315049272,2299003041,100,False,2,1,5,56.30856337865845,26.0,0.19,0.35,0.2475
5215,869,../environments/smooth.17.csv,dist_only_social_success,4,-1,1,1,0,1,1,1,1315049272,2299003041,200,False,4,1,10,66.33517270762442,55.0,0.225,0.29,0.24375
5216,869,../environments/smooth.17.csv,dist_only_social_success,4,-1,1,1,0,1,1,1,1315049272,2299003041,300,False,7,2,18,44.93226671632381,81.0,0.2,0.26,0.235
5217,869,../environments/smooth.17.csv,dist_only_social_success,4,-1,1,1,0,1,1,1,1315049272,2299003041,400,False,10,2,23,51.60613249917802,111.0,0.2025,0.2475,0.231875
5218,869,../environments/smooth.17.csv,dist_only_social_success,4,-1,1,1,0,1,1,1,1315049272,2299003041,500,False,14,4,31,29.728972734019205,139.0,0.2,0.242,0.2285
5219,869,../environments/smooth.17.csv,dist_only_social_success,4,-1,1,1,0,1,1,1,1315049272,2299003041,599,False,16,6,38,44.0902359343319,166.0,0.2020033388981636,0.24207011686143573,0.22245409015025042
5220,870,../environments/smooth.17.csv,dist_only_social_success,4,-1,1,1,0,1,1,1,664961228,3334515826,100,False,3,0,7,81.94083359468165,27.0,0.16,0.25,0.215
5221,870,../environments/smooth.17.csv,dist_only_social_success,4,-1,1,1,0,1,1,1,664961228,3334515826,200,False,5,1,15,63.908312502019996,56.0,0.22,0.235,0.2275
5222,870,../environments/smooth.17.csv,dist_only_social_success,4,-1,1,1,0,1,1,1,664961228,3334515826,300,False,8,3,25,35.653883149901276,80.0,0.21,0.28,0.245
5223,870,../environments/smooth.17.csv,dist_only_social_success,4,-1,1,1,0,1,1,1,664961228,3334515826,400,False,13,6,37,27.559919750220082,109.0,0.205,0.275,0.2425
5224,870,../environments/smooth.17.csv,dist_only_social_success,4,-1,1,1,0,1,1,1,664961228,3334515826,500,False,15,10,47,31.890844800949644,134.0,0.212,0.258,0.2345
5225,870,../environments/smooth.17.csv,dist_only_social_success,4,-1,1,1,0,1,1,1,664961228,3334515826,599,False,15,10,49,51.552987693233945,162.0,0.22370617696160267,0.25041736227045075,0.23497495826377296
5226,871,../environments/smooth.17.csv,dist_only_social_success,4,-1,1,1,0,1,1,1,664961228,262994761,100,False,7,1,13,56.911527674708225,28.0,0.24,0.24,0.24
5227,871,../environments/smooth.17.csv,dist_only_social_success,4,-1,1,1,0,1,1,1,664961228,262994761,200,False,9,1,16,47.594214359954776,55.0,0.22,0.27,0.24
5228,871,../environments/smooth.17.csv,dist_only_social_success,4,-1,1,1,0,1,1,1,664961228,262994761,300,False,10,3,26,9.89292222699217,82.0,0.21666666666666667,0.24333333333333335,0.22916666666666666
5229,871,../environments/smooth.17.csv,dist_only_social_success,4,-1,1,1,0,1,1,1,664961228,262994761,400,False,12,3,33,37.213864492357665,108.0,0.21,0.23,0.221875
5230,871,../environments/smooth.17.csv,dist_only_social_success,4,-1,1,1,0,1,1,1,664961228,262994761,500,False,15,6,44,33.63202645929311,137.0,0.21,0.23,0.2185
5231,871,../environments/smooth.17.csv,dist_only_social_success,4,-1,1,1,0,1,1,1,664961228,262994761,599,False,19,8,52,61.458756607630946,166.0,0.21202003338898165,0.23205342237061768,0.2182804674457429
5232,872,../environments/smooth.17.csv,dist_only_social_success,4,-1,1,1,0,1,1,1,664961228,3602806192,100,False,3,2,10,56.00544946560181,27.0,0.2,0.33,0.2375
5233,872,../environments/smooth.17.csv,dist_only_social_success,4,-1,1,1,0,1,1,1,664961228,3602806192,200,False,9,3,22,69.64710513027674,56.0,0.18,0.235,0.2125
5234,872,../environments/smooth.17.csv,dist_only_social_success,4,-1,1,1,0,1,1,1,664961228,3602806192,300,False,10,6,29,42.76790329493584,85.0,0.18666666666666668,0.23,0.20916666666666667
5235,872,../environments/smooth.17.csv,dist_only_social_success,4,-1,1,1,0,1,1,1,664961228,3602806192,400,False,12,7,41,33.513119533619125,112.0,0.1775,0.2775,0.2225
5236,872,../environments/smooth.17.csv,dist_only_social_success,4,-1,1,1,0,1,1,1,664961228,3602806192,500,False,14,8,47,50.403682152023336,134.0,0.19,0.28,0.224
5237,872,../environments/smooth.17.csv,dist_only_social_success,4,-1,1,1,0,1,1,1,664961228,3602806192,599,False,16,8,52,65.05282120165673,162.0,0.19532554257095158,0.28046744574290483,0.22746243739565944
5238,873,../environments/smooth.17.csv,dist_only_social_success,4,-1,1,1,0,1,1,1,664961228,3437971635,100,False,4,1,10,38.482520904737015,26.0,0.19,0.26,0.235
5239,873,../environments/smooth.17.csv,dist_only_social_success,4,-1,1,1,0,1,1,1,664961228,3437971635,200,False,7,1,18,50.34513676154661,53.0,0.19,0.28,0.235
5240,873,../environments/smooth.17.csv,dist_only_social_success,4,-1,1,1,0,1,1,1,664961228,3437971635,300,False,9,3,24,55.78655288065244,79.0,0.20333333333333334,0.26,0.23416666666666666
5241,873,../environments/smooth.17.csv,dist_only_social_success,4,-1,1,1,0,1,1,1,664961228,3437971635,400,False,11,6,35,46.21948188297522,103.0,0.21,0.2475,0.22625
5242,873,../environments/smooth.17.csv,dist_only_social_success,4,-1,1,1,0,1,1,1,664961228,3437971635,500,False,13,6,38,27.636827350590153,129.0,0.21,0.244,0.228
5243,873,../environments/smooth.17.csv,dist_only_social_success,4,-1,1,1,0,1,1,1,664961228,3437971635,599,False,16,8,46,83.84507631692503,155.0,0.21202003338898165,0.2387312186978297,0.22454090150250416
5244,874,../environments/smooth.17.csv,dist_only_social_success,4,-1,1,1,0,1,1,1,664961228,4010425793,100,False,7,1,10,59.31073627903364,26.0,0.15,0.31,0.2275
5245,874,../environments/smooth.17.csv,dist_only_social_success,4,-1,1,1,0,1,1,1,664961228,4010425793,200,False,10,3,26,57.517279893085735,52.0,0.225,0.245,0.235
5246,874,../environments/smooth.17.csv,dist_only_social_success,4,-1,1,1,0,1,1,1,664961228,4010425793,300,False,14,3,33,52.597001655961805,79.0,0.21,0.24666666666666667,0.2275
5247,874,../environments/smooth.17.csv,dist_only_social_success,4,-1,1,1,0,1,1,1,664961228,4010425793,400,False,14,4,37,24.806248474865697,105.0,0.2175,0.2625,0.235
5248,874,../environments/smooth.17.csv,dist_only_social_success,4,-1,1,1,0,1,1,1,664961228,4010425793,500,False,18,5,47,48.273572616416615,133.0,0.21,0.254,0.233
5249,874,../environments/smooth.17.csv,dist_only_social_success,4,-1,1,1,0,1,1,1,664961228,4010425793,599,False,18,5,54,32.430921025908305,159.0,0.19365609348914858,0.2570951585976628,0.2287145242070117
5250,875,../environments/smooth.17.csv,dist_only_social_success,4,-1,1,1,0,1,1,1,664961228,2734561081,100,False,2,0,4,77.70817044057057,28.0,0.2,0.24,0.2225
5251,875,../environments/smooth.17.csv,dist_only_social_success,4,-1,1,1,0,1,1,1,664961228,2734561081,200,False,4,1,10,87.24007737021873,53.0,0.235,0.285,0.25
5252,875,../environments/smooth.17.csv,dist_only_social_success,4,-1,1,1,0,1,1,1,664961228,2734561081,300,False,5,2,14,69.70578200680751,80.0,0.23,0.28,0.24416666666666667
5253,875,../environments/smooth.17.csv,dist_only_social_success,4,-1,1,1,0,1,1,1,664961228,2734561081,400,False,8,3,23,33.86124762152188,109.0,0.205,0.27,0.236875
5254,875,../environments/smooth.17.csv,dist_only_social_success,4,-1,1,1,0,1,1,1,664961228,2734561081,500,False,13,6,39,45.8045444836819,136.0,0.216,0.264,0.2325
5255,875,../environments/smooth.17.csv,dist_only_social_success,4,-1,1,1,0,1,1,1,664961228,2734561081,599,False,15,8,50,55.3177531084787,160.0,0.21035058430717862,0.25542570951585974,0.2278797996661102
5256,876,../environments/smooth.17.csv,dist_only_social_success,4,-1,1,1,0,1,1,1,664961228,1253946826,100,False,5,2,12,57.67786606646024,27.0,0.2,0.31,0.24
5257,876,../environments/smooth.17.csv,dist_only_social_success,4,-1,1,1,0,1,1,1,664961228,1253946826,200,False,6,2,19,78.466136780228,55.0,0.205,0.24,0.22
5258,876,../environments/smooth.17.csv,dist_only_social_success,4,-1,1,1,0,1,1,1,664961228,1253946826,300,False,10,3,28,37.91043678004047,82.0,0.21333333333333335,0.23666666666666666,0.2275
5259,876,../environments/smooth.17.csv,dist_only_social_success,4,-1,1,1,0,1,1,1,664961228,1253946826,400,False,12,3,31,70.68355183529339,109.0,0.22,0.2475,0.233125
5260,876,../environments/smooth.17.csv,dist_only_social_success,4,-1,1,1,0,1,1,1,664961228,1253946826,500,False,12,4,38,51.54599617006799,138.0,0.208,0.252,0.229
5261,876,../environments/smooth.17.csv,dist_only_social_success,4,-1,1,1,0,1,1,1,664961228,1253946826,599,False,15,4,44,61.780111227215485,165.0,0.21035058430717862,0.24707846410684475,0.2262103505843072
5262,877,../environments/smooth.17.csv,dist_only_social_success,4,-1,1,1,0,1,1,1,664961228,1347984585,100,False,2,0,5,65.93847263042639,25.0,0.16,0.39,0.275
5263,877,../environments/smooth.17.csv,dist_only_social_success,4,-1,1,1,0,1,1,1,664961228,1347984585,200,False,5,4,18,57.9946438962097,52.0,0.195,0.385,0.26625
5264,877,../environments/smooth.17.csv,dist_only_social_success,4,-1,1,1,0,1,1,1,664961228,1347984585,300,False,7,5,22,33.31679419542657,80.0,0.21333333333333335,0.3433333333333333,0.2525
5265,877,../environments/smooth.17.csv,dist_only_social_success,4,-1,1,1,0,1,1,1,664961228,1347984585,400,False,10,5,29,27.6646480757567,106.0,0.205,0.3175,0.24125
5266,877,../environments/smooth.17.csv,dist_only_social_success,4,-1,1,1,0,1,1,1,664961228,1347984585,500,False,11,7,36,45.60272713208321,134.0,0.21,0.294,0.2365
5267,877,../environments/smooth.17.csv,dist_only_social_success,4,-1,1,1,0,1,1,1,664961228,1347984585,599,False,13,8,46,45.09932640745967,160.0,0.2036727879799666,0.27712854757929883,0.2345575959933222
5268,878,../environments/smooth.17.csv,dist_only_social_success,4,-1,1,1,0,1,1,1,664961228,884777651,100,False,5,2,12,54.166621938536935,28.0,0.16,0.23,0.2
5269,878,../environments/smooth.17.csv,dist_only_social_success,4,-1,1,1,0,1,1,1,664961228,884777651,200,False,6,3,19,58.51679038683196,56.0,0.18,0.235,0.20875
5270,878,../environments/smooth.17.csv,dist_only_social_success,4,-1,1,1,0,1,1,1,664961228,884777651,300,False,10,4,25,57.290711325020204,83.0,0.19666666666666666,0.24666666666666667,0.215
5271,878,../environments/smooth.17.csv,dist_only_social_success,4,-1,1,1,0,1,1,1,664961228,884777651,400,False,13,7,38,27.062377990272545,111.0,0.19,0.2425,0.224375
5272,878,../environments/smooth.17.csv,dist_only_social_success,4,-1,1,1,0,1,1,1,664961228,884777651,500,False,16,10,50,39.63392580123958,140.0,0.182,0.242,0.2155
5273,878,../environments/smooth.17.csv,dist_only_social_success,4,-1,1,1,0,1,1,1,664961228,884777651,599,False,19,11,58,44.70899871083242,169.0,0.19365609348914858,0.2353923205342237,0.2149415692821369
5274,879,../environments/smooth.17.csv,dist_only_social_success,4,-1,1,1,0,1,1,1,664961228,2299003041,100,False,4,0,7,78.13830242706429,27.0,0.14,0.28,0.205
5275,879,../environments/smooth.17.csv,dist_only_social_success,4,-1,1,1,0,1,1,1,664961228,2299003041,200,False,6,2,16,62.57508087019832,56.0,0.18,0.245,0.22375
5276,879,../environments/smooth.17.csv,dist_only_social_success,4,-1,1,1,0,1,1,1,664961228,2299003041,300,False,9,5,25,57.76502188972929,83.0,0.18333333333333332,0.27,0.23166666666666666
5277,879,../environments/smooth.17.csv,dist_only_social_success,4,-1,1,1,0,1,1,1,664961228,2299003041,400,False,11,6,34,54.86695998891948,109.0,0.18,0.275,0.2325
5278,879,../environments/smooth.17.csv,dist_only_social_success,4,-1,1,1,0,1,1,1,664961228,2299003041,500,False,14,7,39,42.408825425160295,136.0,0.188,0.256,0.229
5279,879,../environments/smooth.17.csv,dist_only_social_success,4,-1,1,1,0,1,1,1,664961228,2299003041,599,False,16,8,46,31.474153155307757,164.0,0.19198664440734559,0.24874791318864775,0.23080133555926544
5280,880,../environments/smooth.17.csv,dist_only_social_success,4,-1,1,1,0,1,1,1,1177807013,3334515826,100,False,4,1,10,55.18004999435946,26.0,0.14,0.26,0.2025
5281,880,../environments/smooth.17.csv,dist_only_social_success,4,-1,1,1,0,1,1,1,1177807013,3334515826,200,False,8,4,22,18.87048159266775,55.0,0.18,0.265,0.21375
5282,880,../environments/smooth.17.csv,dist_only_social_success,4,-1,1,1,0,1,1,1,1177807013,3334515826,300,False,10,5,28,27.812372762358365,82.0,0.19666666666666666,0.2833333333333333,0.22333333333333333
5283,880,../environments/smooth.17.csv,dist_only_social_success,4,-1,1,1,0,1,1,1,1177807013,3334515826,400,False,12,7,33,50.43217507332081,110.0,0.19,0.28,0.22125
5284,880,../environments/smooth.17.csv,dist_only_social_success,4,-1,1,1,0,1,1,1,1177807013,3334515826,500,False,13,9,44,29.340780044409016,139.0,0.206,0.266,0.222
5285,880,../environments/smooth.17.csv,dist_only_social_success,4,-1,1,1,0,1,1,1,1177807013,3334515826,599,False,14,10,47,42.88431494438066,167.0,0.20534223706176963,0.2654424040066778,0.22120200333889817
5286,881,../environments/smooth.17.csv,dist_only_social_success,4,-1,1,1,0,1,1,1,1177807013,262994761,100,False,1,0,1,63.67168677178593,23.0,0.16,0.27,0.2225
5287,881,../environments/smooth.17.csv,dist_only_social_success,4,-1,1,1,0,1,1,1,1177807013,262994761,200,False,5,0,12,42.47030958112936,52.0,0.215,0.245,0.23
5288,881,../environments/smooth.17.csv,dist_only_social_success,4,-1,1,1,0,1,1,1,1177807013,262994761,300,False,8,3,23,50.363592771047706,81.0,0.21333333333333335,0.22,0.21583333333333332
5289,881,../environments/smooth.17.csv,dist_only_social_success,4,-1,1,1,0,1,1,1,1177807013,262994761,400,False,11,3,28,35.47587643010374,110.0,0.1975,0.2325,0.21625
5290,881,../environments/smooth.17.csv,dist_only_social_success,4,-1,1,1,0,1,1,1,1177807013,262994761,500,False,11,4,29,65.70877936680469,139.0,0.19,0.244,0.2125
5291,881,../environments/smooth.17.csv,dist_only_social_success,4,-1,1,1,0,1,1,1,1177807013,262994761,599,False,12,5,35,19.58594636553181,163.0,0.2036727879799666,0.24373956594323873,0.22161936560934892
5292,882,../environments/smooth.17.csv,dist_only_social_success,4,-1,1,1,0,1,1,1,1177807013,3602806192,100,False,1,0,3,41.371739087530855,26.0,0.15,0.33,0.2275
5293,882,../environments/smooth.17.csv,dist_only_social_success,4,-1,1,1,0,1,1,1,1177807013,3602806192,200,False,2,1,5,76.55669256044578,57.0,0.18,0.25,0.21
5294,882,../environments/smooth.17.csv,dist_only_social_success,4,-1,1,1,0,1,1,1,1177807013,3602806192,300,False,8,1,17,67.25699250594276,81.0,0.19,0.30666666666666664,0.22166666666666668
5295,882,../environments/smooth.17.csv,dist_only_social_success,4,-1,1,1,0,1,1,1,1177807013,3602806192,400,False,11,3,28,69.09478951681112,108.0,0.19,0.3,0.22125
5296,882,../environments/smooth.17.csv,dist_only_social_success,4,-1,1,1,0,1,1,1,1177807013,3602806192,500,False,13,5,35,51.31097747047469,137.0,0.188,0.278,0.2165
5297,882,../environments/smooth.17.csv,dist_only_social_success,4,-1,1,1,0,1,1,1,1177807013,3602806192,599,False,14,8,44,17.25209583010962,164.0,0.18363939899833054,0.2621035058430718,0.21702838063439064
5298,883,../environments/smooth.17.csv,dist_only_social_success,4,-1,1,1,0,1,1,1,1177807013,3437971635,100,False,5,1,10,65.14473461393847,28.0,0.15,0.18,0.1675
5299,883,../environments/smooth.17.csv,dist_only_social_success,4,-1,1,1,0,1,1,1,1177807013,3437971635,200,False,7,3,18,42.115427452437316,58.0,0.18,0.205,0.18625
5300,883,../environments/smooth.17.csv,dist_only_social_success,4,-1,1,1,0,1,1,1,1177807013,3437971635,300,False,8,4,23,51.36659815113473,86.0,0.19333333333333333,0.20666666666666667,0.19833333333333333
5301,883,../environments/smooth.17.csv,dist_only_social_success,4,-1,1,1,0,1,1,1,1177807013,3437971635,400,False,9,5,28,39.664054812500886,114.0,0.1825,0.205,0.19375
5302,883,../environments/smooth.17.csv,dist_only_social_success,4,-1,1,1,0,1,1,1,1177807013,3437971635,500,False,14,6,37,9.53663105724556,142.0,0.188,0.208,0.194
5303,883,../environments/smooth.17.csv,dist_only_social_success,4,-1,1,1,0,1,1,1,1177807013,3437971635,599,False,16,7,49,64.76343963615983,168.0,0.19198664440734559,0.2003338898163606,0.19449081803005008
5304,884,../environments/smooth.17.csv,dist_only_social_success,4,-1,1,1,0,1,1,1,1177807013,4010425793,100,False,3,0,7,65.1020084499267,27.0,0.18,0.35,0.2525
5305,884,../environments/smooth.17.csv,dist_only_social_success,4,-1,1,1,0,1,1,1,1177807013,4010425793,200,False,4,3,13,43.163955722663346,51.0,0.245,0.29,0.26125
5306,884,../environments/smooth.17.csv,dist_only_social_success,4,-1,1,1,0,1,1,1,1177807013,4010425793,300,False,8,3,20,56.89494787881133,80.0,0.22666666666666666,0.27,0.24666666666666667
5307,884,../environments/smooth.17.csv,dist_only_social_success,4,-1,1,1,0,1,1,1,1177807013,4010425793,400,False,11,6,33,31.033388915388265,108.0,0.2075,0.26,0.23
5308,884,../environments/smooth.17.csv,dist_only_social_success,4,-1,1,1,0,1,1,1,1177807013,4010425793,500,False,12,9,40,25.004445516174375,135.0,0.21,0.276,0.2355
5309,884,../environments/smooth.17.csv,dist_only_social_success,4,-1,1,1,0,1,1,1,1177807013,4010425793,599,False,12,11,46,39.87477239752333,163.0,0.21202003338898165,0.2621035058430718,0.2328881469115192
5310,885,../environments/smooth.17.csv,dist_only_social_success,4,-1,1,1,0,1,1,1,1177807013,2734561081,100,False,2,1,7,24.00006605647102,27.0,0.16,0.26,0.225
5311,885,../environments/smooth.17.csv,dist_only_social_success,4,-1,1,1,0,1,1,1,1177807013,2734561081,200,False,4,2,14,63.29837794804804,54.0,0.2,0.26,0.22
5312,885,../environments/smooth.17.csv,dist_only_social_success,4,-1,1,1,0,1,1,1,1177807013,2734561081,300,False,8,3,26,32.17216900094655,81.0,0.21333333333333335,0.2633333333333333,0.23666666666666666
5313,885,../environments/smooth.17.csv,dist_only_social_success,4,-1,1,1,0,1,1,1,1177807013,2734561081,400,False,10,4,30,46.709145016833034,109.0,0.22,0.26,0.23625
5314,885,../environments/smooth.17.csv,dist_only_social_success,4,-1,1,1,0,1,1,1,1177807013,2734561081,500,False,11,4,34,60.90065534789078,135.0,0.216,0.252,0.231
5315,885,../environments/smooth.17.csv,dist_only_social_success,4,-1,1,1,0,1,1,1,1177807013,2734561081,599,False,15,7,48,24.306984762977038,163.0,0.21202003338898165,0.2570951585976628,0.22913188647746244
5316,886,../environments/smooth.17.csv,dist_only_social_success,4,-1,1,1,0,1,1,1,1177807013,1253946826,100,False,2,0,4,62.50018786774217,27.0,0.17,0.25,0.2175
5317,886,../environments/smooth.17.csv,dist_only_social_success,4,-1,1,1,0,1,1,1,1177807013,1253946826,200,False,5,2,13,67.86483780902506,52.0,0.235,0.295,0.25625
5318,886,../environments/smooth.17.csv,dist_only_social_success,4,-1,1,1,0,1,1,1,1177807013,1253946826,300,False,8,2,21,26.954956778715314,79.0,0.22,0.3,0.25833333333333336
5319,886,../environments/smooth.17.csv,dist_only_social_success,4,-1,1,1,0,1,1,1,1177807013,1253946826,400,False,11,5,31,71.89722477791105,105.0,0.2175,0.2675,0.244375
5320,886,../environments/smooth.17.csv,dist_only_social_success,4,-1,1,1,0,1,1,1,1177807013,1253946826,500,False,12,6,37,36.71630183766572,133.0,0.232,0.252,0.242
5321,886,../environments/smooth.17.csv,dist_only_social_success,4,-1,1,1,0,1,1,1,1177807013,1253946826,599,False,13,7,40,63.24802633822465,161.0,0.21869782971619364,0.24874791318864775,0.2370617696160267
5322,887,../environments/smooth.17.csv,dist_only_social_success,4,-1,1,1,0,1,1,1,1177807013,1347984585,100,False,4,0,5,46.29906712789074,26.0,0.2,0.34,0.27
5323,887,../environments/smooth.17.csv,dist_only_social_success,4,-1,1,1,0,1,1,1,1177807013,1347984585,200,False,7,2,14,30.66472997125328,53.0,0.18,0.3,0.24375
5324,887,../environments/smooth.17.csv,dist_only_social_success,4,-1,1,1,0,1,1,1,1177807013,1347984585,300,False,13,2,28,52.53860886103747,82.0,0.18,0.2633333333333333,0.22833333333333333
5325,887,../environments/smooth.17.csv,dist_only_social_success,4,-1,1,1,0,1,1,1,1177807013,1347984585,400,False,17,3,37,75.5499157590819,110.0,0.1825,0.25,0.221875
5326,887,../environments/smooth.17.csv,dist_only_social_success,4,-1,1,1,0,1,1,1,1177807013,1347984585,500,False,21,3,45,64.68856391723602,138.0,0.184,0.254,0.2285
5327,887,../environments/smooth.17.csv,dist_only_social_success,4,-1,1,1,0,1,1,1,1177807013,1347984585,599,False,23,3,52,58.729263834661744,166.0,0.18530884808013356,0.25041736227045075,0.22287145242070117
5328,888,../environments/smooth.17.csv,dist_only_social_success,4,-1,1,1,0,1,1,1,1177807013,884777651,100,False,1,0,3,46.42257839043755,27.0,0.16,0.26,0.205
5329,888,../environments/smooth.17.csv,dist_only_social_success,4,-1,1,1,0,1,1,1,1177807013,884777651,200,False,6,3,17,45.678678370659775,57.0,0.18,0.27,0.2125
5330,888,../environments/smooth.17.csv,dist_only_social_success,4,-1,1,1,0,1,1,1,1177807013,884777651,300,False,8,3,21,70.14314964220264,85.0,0.18,0.25,0.20666666666666667
5331,888,../environments/smooth.17.csv,dist_only_social_success,4,-1,1,1,0,1,1,1,1177807013,884777651,400,False,13,3,31,69.6218676917763,112.0,0.1925,0.255,0.219375
5332,888,../environments/smooth.17.csv,dist_only_social_success,4,-1,1,1,0,1,1,1,1177807013,884777651,500,False,16,7,40,57.74082794062719,138.0,0.206,0.276,0.2275
5333,888,../environments/smooth.17.csv,dist_only_social_success,4,-1,1,1,0,1,1,1,1177807013,884777651,599,False,18,8,43,71.4548724640861,164.0,0.21869782971619364,0.2671118530884808,0.23205342237061768
5334,889,../environments/smooth.17.csv,dist_only_social_success,4,-1,1,1,0,1,1,1,1177807013,2299003041,100,False,5,0,8,59.19729030903798,28.0,0.15,0.24,0.2025
5335,889,../environments/smooth.17.csv,dist_only_social_success,4,-1,1,1,0,1,1,1,1177807013,2299003041,200,False,9,2,17,28.47230718058841,55.0,0.175,0.32,0.22125
5336,889,../environments/smooth.17.csv,dist_only_social_success,4,-1,1,1,0,1,1,1,1177807013,2299003041,300,False,11,3,26,62.77545944563658,82.0,0.19666666666666666,0.26666666666666666,0.2175
5337,889,../environments/smooth.17.csv,dist_only_social_success,4,-1,1,1,0,1,1,1,1177807013,2299003041,400,False,15,5,35,91.62504015635616,109.0,0.2125,0.255,0.233125
5338,889,../environments/smooth.17.csv,dist_only_social_success,4,-1,1,1,0,1,1,1,1177807013,2299003041,500,False,17,6,40,47.04554756546287,135.0,0.21,0.296,0.244
5339,889,../environments/smooth.17.csv,dist_only_social_success,4,-1,1,1,0,1,1,1,1177807013,2299003041,599,False,21,6,51,39.02647518382912,163.0,0.19699499165275458,0.2838063439065108,0.23205342237061768
5340,890,../environments/smooth.17.csv,dist_only_social_success,4,-1,1,1,0,1,1,1,2622444117,3334515826,100,False,3,0,5,50.49757892327358,26.0,0.17,0.28,0.2125
5341,890,../environments/smooth.17.csv,dist_only_social_success,4,-1,1,1,0,1,1,1,2622444117,3334515826,200,False,4,1,11,42.8360763615572,54.0,0.185,0.245,0.2125
5342,890,../environments/smooth.17.csv,dist_only_social_success,4,-1,1,1,0,1,1,1,2622444117,3334515826,300,False,5,3,16,26.001623486007006,81.0,0.20666666666666667,0.26666666666666666,0.23166666666666666
5343,890,../environments/smooth.17.csv,dist_only_social_success,4,-1,1,1,0,1,1,1,2622444117,3334515826,400,False,8,3,22,57.99829698354125,107.0,0.2125,0.27,0.23
5344,890,../environments/smooth.17.csv,dist_only_social_success,4,-1,1,1,0,1,1,1,2622444117,3334515826,500,False,8,5,28,31.0814962791489,137.0,0.208,0.272,0.228
5345,890,../environments/smooth.17.csv,dist_only_social_success,4,-1,1,1,0,1,1,1,2622444117,3334515826,599,False,10,7,32,28.13284040864552,162.0,0.21202003338898165,0.2704507512520868,0.23163606010016694
5346,891,../environments/smooth.17.csv,dist_only_social_success,4,-1,1,1,0,1,1,1,2622444117,262994761,100,False,3,1,10,47.803364879144,28.0,0.13,0.22,0.17
5347,891,../environments/smooth.17.csv,dist_only_social_success,4,-1,1,1,0,1,1,1,2622444117,262994761,200,False,6,2,17,45.275067527971544,55.0,0.155,0.265,0.2025
5348,891,../environments/smooth.17.csv,dist_only_social_success,4,-1,1,1,0,1,1,1,2622444117,262994761,300,False,8,6,27,66.92527867516088,84.0,0.16,0.23333333333333334,0.19916666666666666
5349,891,../environments/smooth.17.csv,dist_only_social_success,4,-1,1,1,0,1,1,1,2622444117,262994761,400,False,10,6,30,61.83210152289803,113.0,0.15,0.235,0.195625
5350,891,../environments/smooth.17.csv,dist_only_social_success,4,-1,1,1,0,1,1,1,2622444117,262994761,500,False,12,9,40,92.52775373081484,139.0,0.18,0.244,0.204
5351,891,../environments/smooth.17.csv,dist_only_social_success,4,-1,1,1,0,1,1,1,2622444117,262994761,599,False,13,11,50,13.284695155040843,165.0,0.18030050083472454,0.2570951585976628,0.2157762938230384
5352,892,../environments/smooth.17.csv,dist_only_social_success,4,-1,1,1,0,1,1,1,2622444117,3602806192,100,False,4,1,8,68.22407365554457,27.0,0.21,0.28,0.2375
5353,892,../environments/smooth.17.csv,dist_only_social_success,4,-1,1,1,0,1,1,1,2622444117,3602806192,200,False,7,1,14,51.37237965688513,55.0,0.21,0.255,0.22875
5354,892,../environments/smooth.17.csv,dist_only_social_success,4,-1,1,1,0,1,1,1,2622444117,3602806192,300,False,8,1,21,59.31091367827193,81.0,0.22,0.24666666666666667,0.2375
5355,892,../environments/smooth.17.csv,dist_only_social_success,4,-1,1,1,0,1,1,1,2622444117,3602806192,400,False,9,6,31,35.41996642407297,109.0,0.23,0.26,0.24125
5356,892,../environments/smooth.17.csv,dist_only_social_success,4,-1,1,1,0,1,1,1,2622444117,3602806192,500,False,13,6,39,67.17572442419642,137.0,0.232,0.252,0.2415
5357,892,../environments/smooth.17.csv,dist_only_social_success,4,-1,1,1,0,1,1,1,2622444117,3602806192,599,False,15,6,47,31.546445084495236,161.0,0.24540901502504173,0.2654424040066778,0.253338898163606
5358,893,../environments/smooth.17.csv,dist_only_social_success,4,-1,1,1,0,1,1,1,2622444117,3437971635,100,False,4,0,7,51.31700704562372,27.0,0.17,0.24,0.205
5359,893,../environments/smooth.17.csv,dist_only_social_success,4,-1,1,1,0,1,1,1,2622444117,3437971635,200,False,6,0,15,33.581089458824465,54.0,0.185,0.21,0.1975
5360,893,../environments/smooth.17.csv,dist_only_social_success,4,-1,1,1,0,1,1,1,2622444117,3437971635,300,False,10,1,26,23.06305626142903,81.0,0.19333333333333333,0.2633333333333333,0.23083333333333333
5361,893,../environments/smooth.17.csv,dist_only_social_success,4,-1,1,1,0,1,1,1,2622444117,3437971635,400,False,13,6,38,69.10842000397085,109.0,0.1875,0.235,0.22125
5362,893,../environments/smooth.17.csv,dist_only_social_success,4,-1,1,1,0,1,1,1,2622444117,3437971635,500,False,13,9,42,87.34928031043947,136.0,0.19,0.23,0.22
5363,893,../environments/smooth.17.csv,dist_only_social_success,4,-1,1,1,0,1,1,1,2622444117,3437971635,599,False,13,10,46,56.8580498110845,164.0,0.18530884808013356,0.2387312186978297,0.2174457429048414
5364,894,../environments/smooth.17.csv,dist_only_social_success,4,-1,1,1,0,1,1,1,2622444117,4010425793,100,False,3,1,7,57.94853037103305,27.0,0.2,0.26,0.2275
5365,894,../environments/smooth.17.csv,dist_only_social_success,4,-1,1,1,0,1,1,1,2622444117,4010425793,200,False,7,1,13,55.77708763999664,56.0,0.18,0.245,0.2075
5366,894,../environments/smooth.17.csv,dist_only_social_success,4,-1,1,1,0,1,1,1,2622444117,4010425793,300,False,11,2,25,22.17944859701471,84.0,0.19666666666666666,0.26666666666666666,0.22333333333333333
5367,894,../environments/smooth.17.csv,dist_only_social_success,4,-1,1,1,0,1,1,1,2622444117,4010425793,400,False,13,3,31,52.77365407729057,111.0,0.2075,0.255,0.2275
5368,894,../environments/smooth.17.csv,dist_only_social_success,4,-1,1,1,0,1,1,1,2622444117,4010425793,500,False,15,3,36,41.56258056708395,139.0,0.21,0.244,0.2255
5369,894,../environments/smooth.17.csv,dist_only_social_success,4,-1,1,1,0,1,1,1,2622444117,4010425793,599,False,17,4,46,35.85473759821881,164.0,0.20701168614357263,0.25208681135225375,0.22829716193656094
5370,895,../environments/smooth.17.csv,dist_only_social_success,4,-1,1,1,0,1,1,1,2622444117,2734561081,100,False,3,1,8,43.1367396584896,26.0,0.15,0.26,0.22
5371,895,../environments/smooth.17.csv,dist_only_social_success,4,-1,1,1,0,1,1,1,2622444117,2734561081,200,False,5,2,13,40.57917177076575,55.0,0.195,0.24,0.22375
5372,895,../environments/smooth.17.csv,dist_only_social_success,4,-1,1,1,0,1,1,1,2622444117,2734561081,300,False,7,3,17,42.4283320803751,81.0,0.20333333333333334,0.24333333333333335,0.2225
5373,895,../environments/smooth.17.csv,dist_only_social_success,4,-1,1,1,0,1,1,1,2622444117,2734561081,400,False,7,3,21,35.912249618344845,108.0,0.21,0.2325,0.221875
5374,895,../environments/smooth.17.csv,dist_only_social_success,4,-1,1,1,0,1,1,1,2622444117,2734561081,500,False,8,4,27,46.997601275565216,136.0,0.21,0.232,0.217
5375,895,../environments/smooth.17.csv,dist_only_social_success,4,-1,1,1,0,1,1,1,2622444117,2734561081,599,False,12,7,38,29.752465332957666,161.0,0.20701168614357263,0.2387312186978297,0.2166110183639399
5376,896,../environments/smooth.17.csv,dist_only_social_success,4,-1,1,1,0,1,1,1,2622444117,1253946826,100,False,4,0,10,39.364870068474666,28.0,0.15,0.24,0.2175
5377,896,../environments/smooth.17.csv,dist_only_social_success,4,-1,1,1,0,1,1,1,2622444117,1253946826,200,False,6,2,17,84.44369001725434,54.0,0.205,0.255,0.22875
5378,896,../environments/smooth.17.csv,dist_only_social_success,4,-1,1,1,0,1,1,1,2622444117,1253946826,300,False,9,3,27,58.81216474792696,84.0,0.19333333333333333,0.25,0.22166666666666668
5379,896,../environments/smooth.17.csv,dist_only_social_success,4,-1,1,1,0,1,1,1,2622444117,1253946826,400,False,11,3,34,70.73826096887059,111.0,0.2025,0.275,0.231875
5380,896,../environments/smooth.17.csv,dist_only_social_success,4,-1,1,1,0,1,1,1,2622444117,1253946826,500,False,13,4,39,32.43242037353936,137.0,0.202,0.274,0.2375
5381,896,../environments/smooth.17.csv,dist_only_social_success,4,-1,1,1,0,1,1,1,2622444117,1253946826,599,False,18,9,51,43.91892772358979,165.0,0.2003338898163606,0.2604340567612688,0.22996661101836394
5382,897,../environments/smooth.17.csv,dist_only_social_success,4,-1,1,1,0,1,1,1,2622444117,1347984585,100,False,3,1,7,55.6170650365102,26.0,0.22,0.32,0.2625
5383,897,../environments/smooth.17.csv,dist_only_social_success,4,-1,1,1,0,1,1,1,2622444117,1347984585,200,False,4,2,13,42.967554688101174,54.0,0.2,0.285,0.24375
5384,897,../environments/smooth.17.csv,dist_only_social_success,4,-1,1,1,0,1,1,1,2622444117,1347984585,300,False,5,4,18,41.06493046340904,82.0,0.22666666666666666,0.24333333333333335,0.23583333333333334
5385,897,../environments/smooth.17.csv,dist_only_social_success,4,-1,1,1,0,1,1,1,2622444117,1347984585,400,False,9,6,30,78.31246131721464,109.0,0.225,0.2475,0.231875
5386,897,../environments/smooth.17.csv,dist_only_social_success,4,-1,1,1,0,1,1,1,2622444117,1347984585,500,False,12,6,36,69.0731114966285,132.0,0.218,0.28,0.2425
5387,897,../environments/smooth.17.csv,dist_only_social_success,4,-1,1,1,0,1,1,1,2622444117,1347984585,599,False,13,8,40,64.21104881751047,160.0,0.22370617696160267,0.27712854757929883,0.24373956594323873
5388,898,../environments/smooth.17.csv,dist_only_social_success,4,-1,1,1,0,1,1,1,2622444117,884777651,100,False,5,1,8,42.785966377451004,27.0,0.14,0.25,0.205
5389,898,../environments/smooth.17.csv,dist_only_social_success,4,-1,1,1,0,1,1,1,2622444117,884777651,200,False,8,3,17,73.9479610598634,56.0,0.16,0.235,0.20875
5390,898,../environments/smooth.17.csv,dist_only_social_success,4,-1,1,1,0,1,1,1,2622444117,884777651,300,False,12,4,29,34.725554958293046,81.0,0.19,0.26,0.22666666666666666
5391,898,../environments/smooth.17.csv,dist_only_social_success,4,-1,1,1,0,1,1,1,2622444117,884777651,400,False,14,6,36,74.08827242538294,111.0,0.1925,0.2325,0.213125
5392,898,../environments/smooth.17.csv,dist_only_social_success,4,-1,1,1,0,1,1,1,2622444117,884777651,500,False,20,7,46,71.79102495591458,137.0,0.192,0.248,0.224
5393,898,../environments/smooth.17.csv,dist_only_social_success,4,-1,1,1,0,1,1,1,2622444117,884777651,599,False,21,8,50,84.15696922920448,166.0,0.19365609348914858,0.24373956594323873,0.22161936560934892
5394,899,../environments/smooth.17.csv,dist_only_social_success,4,-1,1,1,0,1,1,1,2622444117,2299003041,100,False,5,1,12,58.24614155212732,28.0,0.21,0.24,0.2225
5395,899,../environments/smooth.17.csv,dist_only_social_success,4,-1,1,1,0,1,1,1,2622444117,2299003041,200,False,7,2,18,64.61632749179984,54.0,0.185,0.285,0.2325
5396,899,../environments/smooth.17.csv,dist_only_social_success,4,-1,1,1,0,1,1,1,2622444117,2299003041,300,False,8,3,22,78.12683053282774,82.0,0.19666666666666666,0.25333333333333335,0.22666666666666666
5397,899,../environments/smooth.17.csv,dist_only_social_success,4,-1,1,1,0,1,1,1,2622444117,2299003041,400,False,11,3,31,46.74054862628698,109.0,0.19,0.265,0.226875
5398,899,../environments/smooth.17.csv,dist_only_social_success,4,-1,1,1,0,1,1,1,2622444117,2299003041,500,False,13,4,36,46.76044799886627,138.0,0.188,0.252,0.2255
5399,899,../environments/smooth.17.csv,dist_only_social_success,4,-1,1,1,0,1,1,1,2622444117,2299003041,599,False,14,5,43,32.76880531629014,164.0,0.21035058430717862,0.25375626043405675,0.2270450751252087
5400,900,../environments/random.12.csv,dist_only_social_success,4,-1,1,1,0,1,1,1,2271760180,3334515826,100,False,2,1,5,67.4042223306465,27.0,0.17,0.29,0.22
5401,900,../environments/random.12.csv,dist_only_social_success,4,-1,1,1,0,1,1,1,2271760180,3334515826,200,False,4,3,14,36.830806628616024,55.0,0.19,0.275,0.2275
5402,900,../environments/random.12.csv,dist_only_social_success,4,-1,1,1,0,1,1,1,2271760180,3334515826,300,False,5,3,16,52.36750475265634,84.0,0.19666666666666666,0.25333333333333335,0.2175
5403,900,../environments/random.12.csv,dist_only_social_success,4,-1,1,1,0,1,1,1,2271760180,3334515826,400,False,7,3,24,48.258003441168626,109.0,0.2175,0.2875,0.241875
5404,900,../environments/random.12.csv,dist_only_social_success,4,-1,1,1,0,1,1,1,2271760180,3334515826,500,False,10,3,31,66.92111548099581,136.0,0.214,0.262,0.233
5405,900,../environments/random.12.csv,dist_only_social_success,4,-1,1,1,0,1,1,1,2271760180,3334515826,599,False,12,5,39,52.155701308124954,165.0,0.21202003338898165,0.2671118530884808,0.23121869782971619
5406,901,../environments/random.12.csv,dist_only_social_success,4,-1,1,1,0,1,1,1,2271760180,262994761,100,False,5,1,10,15.423668705363431,25.0,0.19,0.4,0.29
5407,901,../environments/random.12.csv,dist_only_social_success,4,-1,1,1,0,1,1,1,2271760180,262994761,200,False,7,3,20,34.42512794638231,52.0,0.205,0.295,0.24625
5408,901,../environments/random.12.csv,dist_only_social_success,4,-1,1,1,0,1,1,1,2271760180,262994761,300,False,10,5,26,33.00872317342523,82.0,0.18666666666666668,0.27,0.23833333333333334
5409,901,../environments/random.12.csv,dist_only_social_success,4,-1,1,1,0,1,1,1,2271760180,262994761,400,False,12,6,32,41.48077169343704,112.0,0.1775,0.2425,0.219375
5410,901,../environments/random.12.csv,dist_only_social_success,4,-1,1,1,0,1,1,1,2271760180,262994761,500,False,12,7,35,26.09068162331433,141.0,0.188,0.23,0.2125
5411,901,../environments/random.12.csv,dist_only_social_success,4,-1,1,1,0,1,1,1,2271760180,262994761,599,False,14,7,40,77.33419698793523,169.0,0.19699499165275458,0.22036727879799667,0.21118530884808012
5412,902,../environments/random.12.csv,dist_only_social_success,4,-1,1,1,0,1,1,1,2271760180,3602806192,100,False,3,1,8,23.5650755653107,26.0,0.18,0.3,0.24
5413,902,../environments/random.12.csv,dist_only_social_success,4,-1,1,1,0,1,1,1,2271760180,3602806192,200,False,4,2,14,41.802560437339366,54.0,0.205,0.235,0.225
5414,902,../environments/random.12.csv,dist_only_social_success,4,-1,1,1,0,1,1,1,2271760180,3602806192,300,False,7,5,24,30.87886210572537,82.0,0.21333333333333335,0.23333333333333334,0.2275
5415,902,../environments/random.12.csv,dist_only_social_success,4,-1,1,1,0,1,1,1,2271760180,3602806192,400,False,9,6,30,55.39743338371217,108.0,0.2075,0.2525,0.23125
5416,902,../environments/random.12.csv,dist_only_social_success,4,-1,1,1,0,1,1,1,2271760180,3602806192,500,False,11,7,38,77.99531250397149,138.0,0.196,0.244,0.223
5417,902,../environments/random.12.csv,dist_only_social_success,4,-1,1,1,0,1,1,1,2271760180,3602806192,599,False,13,8,42,61.22715130646749,167.0,0.19365609348914858,0.2287145242070117,0.21702838063439064
5418,903,../environments/random.12.csv,dist_only_social_success,4,-1,1,1,0,1,1,1,2271760180,3437971635,100,False,3,1,6,54.0557557024893,28.0,0.19,0.24,0.22
5419,903,../environments/random.12.csv,dist_only_social_success,4,-1,1,1,0,1,1,1,2271760180,3437971635,200,False,5,1,11,37.9817241596308,54.0,0.18,0.245,0.22375
5420,903,../environments/random.12.csv,dist_only_social_success,4,-1,1,1,0,1,1,1,2271760180,3437971635,300,False,9,3,20,43.14114336968879,80.0,0.21333333333333335,0.27,0.23583333333333334
5421,903,../environments/random.12.csv,dist_only_social_success,4,-1,1,1,0,1,1,1,2271760180,3437971635,400,False,11,4,28,42.56804390453679,109.0,0.195,0.25,0.221875
5422,903,../environments/random.12.csv,dist_only_social_success,4,-1,1,1,0,1,1,1,2271760180,3437971635,500,False,13,4,36,55.770269098055024,137.0,0.21,0.252,0.2305
5423,903,../environments/random.12.csv,dist_only_social_success,4,-1,1,1,0,1,1,1,2271760180,3437971635,599,False,15,5,41,57.83748968050874,163.0,0.20868113522537562,0.2587646076794658,0.23414023372287146
5424,904,../environments/random.12.csv,dist_only_social_success,4,-1,1,1,0,1,1,1,2271760180,4010425793,100,False,3,0,5,73.2217932574311,24.0,0.17,0.28,0.2325
5425,904,../environments/random.12.csv,dist_only_social_success,4,-1,1,1,0,1,1,1,2271760180,4010425793,200,False,4,2,13,54.5448646171473,52.0,0.19,0.235,0.2175
5426,904,../environments/random.12.csv,dist_only_social_success,4,-1,1,1,0,1,1,1,2271760180,4010425793,300,False,8,3,22,70.21718218770667,81.0,0.19666666666666666,0.23333333333333334,0.21666666666666667
5427,904,../environments/random.12.csv,dist_only_social_success,4,-1,1,1,0,1,1,1,2271760180,4010425793,400,False,10,4,28,37.402417538300725,108.0,0.205,0.2225,0.215625
5428,904,../environments/random.12.csv,dist_only_social_success,4,-1,1,1,0,1,1,1,2271760180,4010425793,500,False,11,5,34,42.78374023522544,136.0,0.204,0.224,0.214
5429,904,../environments/random.12.csv,dist_only_social_success,4,-1,1,1,0,1,1,1,2271760180,4010425793,599,False,13,6,42,79.55930638900179,164.0,0.19365609348914858,0.2303839732888147,0.2166110183639399
5430,905,../environments/random.12.csv,dist_only_social_success,4,-1,1,1,0,1,1,1,2271760180,2734561081,100,False,5,2,11,61.89166287696942,27.0,0.24,0.3,0.255
5431,905,../environments/random.12.csv,dist_only_social_success,4,-1,1,1,0,1,1,1,2271760180,2734561081,200,False,5,3,17,56.30688430760645,52.0,0.195,0.29,0.25875
5432,905,../environments/random.12.csv,dist_only_social_success,4,-1,1,1,0,1,1,1,2271760180,2734561081,300,False,7,3,22,64.05722592715225,81.0,0.19666666666666666,0.27,0.24166666666666667
5433,905,../environments/random.12.csv,dist_only_social_success,4,-1,1,1,0,1,1,1,2271760180,2734561081,400,False,8,4,25,38.530410738679095,108.0,0.21,0.26,0.23875
5434,905,../environments/random.12.csv,dist_only_social_success,4,-1,1,1,0,1,1,1,2271760180,2734561081,500,False,10,8,35,42.500683782419635,136.0,0.2,0.244,0.229
5435,905,../environments/random.12.csv,dist_only_social_success,4,-1,1,1,0,1,1,1,2271760180,2734561081,599,False,11,8,38,45.29196527020154,164.0,0.2036727879799666,0.24373956594323873,0.22370617696160267
5436,906,../environments/random.12.csv,dist_only_social_success,4,-1,1,1,0,1,1,1,2271760180,1253946826,100,False,3,1,7,74.1948791678214,27.0,0.16,0.27,0.2175
5437,906,../environments/random.12.csv,dist_only_social_success,4,-1,1,1,0,1,1,1,2271760180,1253946826,200,False,4,3,13,65.79579307149909,54.0,0.2,0.265,0.23375
5438,906,../environments/random.12.csv,dist_only_social_success,4,-1,1,1,0,1,1,1,2271760180,1253946826,300,False,5,3,16,43.79177893548075,84.0,0.18666666666666668,0.25333333333333335,0.21833333333333332
5439,906,../environments/random.12.csv,dist_only_social_success,4,-1,1,1,0,1,1,1,2271760180,1253946826,400,False,9,5,26,72.31938964832196,112.0,0.185,0.26,0.214375
5440,906,../environments/random.12.csv,dist_only_social_success,4,-1,1,1,0,1,1,1,2271760180,1253946826,500,False,13,7,35,61.03067282542567,138.0,0.188,0.262,0.2205
5441,906,../environments/random.12.csv,dist_only_social_success,4,-1,1,1,0,1,1,1,2271760180,1253946826,599,False,14,9,41,71.90045137000811,165.0,0.19365609348914858,0.2621035058430718,0.22203672787979967
5442,907,../environments/random.12.csv,dist_only_social_success,4,-1,1,1,0,1,1,1,2271760180,1347984585,100,False,2,0,4,41.91258849103605,26.0,0.23,0.28,0.245
5443,907,../environments/random.12.csv,dist_only_social_success,4,-1,1,1,0,1,1,1,2271760180,1347984585,200,False,5,0,8,55.68186989350964,54.0,0.21,0.27,0.23625
5444,907,../environments/random.12.csv,dist_only_social_success,4,-1,1,1,0,1,1,1,2271760180,1347984585,300,False,9,1,14,13.640986324787455,79.0,0.23,0.25333333333333335,0.24083333333333334
5445,907,../environments/random.12.csv,dist_only_social_success,4,-1,1,1,0,1,1,1,2271760180,1347984585,400,False,11,2,23,45.617155061603924,105.0,0.21,0.255,0.23375
5446,907,../environments/random.12.csv,dist_only_social_success,4,-1,1,1,0,1,1,1,2271760180,1347984585,500,False,13,4,31,82.160264151081,134.0,0.224,0.268,0.239
5447,907,../environments/random.12.csv,dist_only_social_success,4,-1,1,1,0,1,1,1,2271760180,1347984585,599,False,14,5,38,86.69052907788029,160.0,0.21869782971619364,0.2621035058430718,0.23664440734557596
5448,908,../environments/random.12.csv,dist_only_social_success,4,-1,1,1,0,1,1,1,2271760180,884777651,100,False,3,0,7,46.854393821718816,26.0,0.19,0.26,0.225
5449,908,../environments/random.12.csv,dist_only_social_success,4,-1,1,1,0,1,1,1,2271760180,884777651,200,False,5,1,12,40.59281105866029,54.0,0.185,0.265,0.225
5450,908,../environments/random.12.csv,dist_only_social_success,4,-1,1,1,0,1,1,1,2271760180,884777651,300,False,7,3,21,77.6723750219688,82.0,0.2,0.27,0.22583333333333333
5451,908,../environments/random.12.csv,dist_only_social_success,4,-1,1,1,0,1,1,1,2271760180,884777651,400,False,9,5,28,80.17229819018154,112.0,0.195,0.2575,0.21625
5452,908,../environments/random.12.csv,dist_only_social_success,4,-1,1,1,0,1,1,1,2271760180,884777651,500,False,13,7,36,39.77573791067635,138.0,0.206,0.268,0.229
5453,908,../environments/random.12.csv,dist_only_social_success,4,-1,1,1,0,1,1,1,2271760180,884777651,599,False,14,9,44,42.04676913530125,164.0,0.2020033388981636,0.25041736227045075,0.22537562604340566
5454,909,../environments/random.12.csv,dist_only_social_success,4,-1,1,1,0,1,1,1,2271760180,2299003041,100,False,3,1,7,66.71467104617881,27.0,0.16,0.3,0.2225
5455,909,../environments/random.12.csv,dist_only_social_success,4,-1,1,1,0,1,1,1,2271760180,2299003041,200,False,5,2,14,52.55072766019859,54.0,0.195,0.25,0.2225
5456,909,../environments/random.12.csv,dist_only_social_success,4,-1,1,1,0,1,1,1,2271760180,2299003041,300,False,8,3,20,52.74064780723987,81.0,0.22333333333333333,0.2633333333333333,0.23666666666666666
5457,909,../environments/random.12.csv,dist_only_social_success,4,-1,1,1,0,1,1,1,2271760180,2299003041,400,False,12,6,32,83.58393493375789,108.0,0.215,0.25,0.225625
5458,909,../environments/random.12.csv,dist_only_social_success,4,-1,1,1,0,1,1,1,2271760180,2299003041,500,False,14,7,37,69.99637276186174,136.0,0.21,0.244,0.2295
5459,909,../environments/random.12.csv,dist_only_social_success,4,-1,1,1,0,1,1,1,2271760180,2299003041,599,False,18,9,47,25.293803960026366,163.0,0.2036727879799666,0.24874791318864775,0.2295492487479132
5460,910,../environments/random.12.csv,dist_only_social_success,4,-1,1,1,0,1,1,1,2515763587,3334515826,100,False,2,1,5,48.20632852603025,27.0,0.13,0.27,0.2175
5461,910,../environments/random.12.csv,dist_only_social_success,4,-1,1,1,0,1,1,1,2515763587,3334515826,200,False,5,1,12,65.1782852560089,54.0,0.205,0.27,0.22625
5462,910,../environments/random.12.csv,dist_only_social_success,4,-1,1,1,0,1,1,1,2515763587,3334515826,300,False,7,5,22,80.44415875131766,78.0,0.19333333333333333,0.26666666666666666,0.23916666666666667
5463,910,../environments/random.12.csv,dist_only_social_success,4,-1,1,1,0,1,1,1,2515763587,3334515826,400,False,8,7,30,19.910699399087115,103.0,0.22,0.2725,0.24875
5464,910,../environments/random.12.csv,dist_only_social_success,4,-1,1,1,0,1,1,1,2515763587,3334515826,500,False,10,8,37,69.59281009067305,132.0,0.218,0.268,0.242
5465,910,../environments/random.12.csv,dist_only_social_success,4,-1,1,1,0,1,1,1,2515763587,3334515826,599,False,12,10,45,88.26462410443837,160.0,0.21869782971619364,0.2637729549248748,0.24081803005008348
5466,911,../environments/random.12.csv,dist_only_social_success,4,-1,1,1,0,1,1,1,2515763587,262994761,100,False,3,1,7,48.59926827771565,26.0,0.21,0.3,0.2525
5467,911,../environments/random.12.csv,dist_only_social_success,4,-1,1,1,0,1,1,1,2515763587,262994761,200,False,5,3,15,53.75059768430829,53.0,0.18,0.31,0.25875
5468,911,../environments/random.12.csv,dist_only_social_success,4,-1,1,1,0,1,1,1,2515763587,262994761,300,False,6,5,21,53.47771149860617,82.0,0.19333333333333333,0.25666666666666665,0.23916666666666667
5469,911,../environments/random.12.csv,dist_only_social_success,4,-1,1,1,0,1,1,1,2515763587,262994761,400,False,9,6,30,55.50173071730161,110.0,0.215,0.26,0.234375
5470,911,../environments/random.12.csv,dist_only_social_success,4,-1,1,1,0,1,1,1,2515763587,262994761,500,False,10,7,35,23.525212989055326,138.0,0.21,0.244,0.227
5471,911,../environments/random.12.csv,dist_only_social_success,4,-1,1,1,0,1,1,1,2515763587,262994761,599,False,14,9,45,42.12668081122367,164.0,0.21202003338898165,0.2353923205342237,0.22454090150250416
5472,912,../environments/random.12.csv,dist_only_social_success,4,-1,1,1,0,1,1,1,2515763587,3602806192,100,False,3,1,6,39.366547779211714,26.0,0.18,0.38,0.2525
5473,912,../environments/random.12.csv,dist_only_social_success,4,-1,1,1,0,1,1,1,2515763587,3602806192,200,False,6,2,15,28.20676741416823,54.0,0.185,0.29,0.23375
5474,912,../environments/random.12.csv,dist_only_social_success,4,-1,1,1,0,1,1,1,2515763587,3602806192,300,False,8,2,20,59.13841293784789,81.0,0.2,0.25,0.2275
5475,912,../environments/random.12.csv,dist_only_social_success,4,-1,1,1,0,1,1,1,2515763587,3602806192,400,False,10,3,26,27.650316178877716,109.0,0.225,0.2575,0.239375
5476,912,../environments/random.12.csv,dist_only_social_success,4,-1,1,1,0,1,1,1,2515763587,3602806192,500,False,12,3,32,76.83419495822179,136.0,0.212,0.258,0.2295
5477,912,../environments/random.12.csv,dist_only_social_success,4,-1,1,1,0,1,1,1,2515763587,3602806192,599,False,14,6,41,56.69123152199363,164.0,0.21869782971619364,0.24707846410684475,0.2278797996661102
5478,913,../environments/random.12.csv,dist_only_social_success,4,-1,1,1,0,1,1,1,2515763587,3437971635,100,False,2,0,4,77.594631564834,28.0,0.16,0.24,0.205
5479,913,../environments/random.12.csv,dist_only_social_success,4,-1,1,1,0,1,1,1,2515763587,3437971635,200,False,4,3,14,57.09776434543852,56.0,0.18,0.235,0.205
5480,913,../environments/random.12.csv,dist_only_social_success,4,-1,1,1,0,1,1,1,2515763587,3437971635,300,False,5,4,19,70.53040147163199,83.0,0.19333333333333333,0.23333333333333334,0.2125
5481,913,../environments/random.12.csv,dist_only_social_success,4,-1,1,1,0,1,1,1,2515763587,3437971635,400,False,9,5,27,57.24546681775297,111.0,0.185,0.25,0.216875
5482,913,../environments/random.12.csv,dist_only_social_success,4,-1,1,1,0,1,1,1,2515763587,3437971635,500,False,10,7,35,45.638350183784105,139.0,0.202,0.238,0.2205
5483,913,../environments/random.12.csv,dist_only_social_success,4,-1,1,1,0,1,1,1,2515763587,3437971635,599,False,12,9,41,86.31633406048513,166.0,0.20534223706176963,0.2387312186978297,0.22161936560934892
5484,914,../environments/random.12.csv,dist_only_social_success,4,-1,1,1,0,1,1,1,2515763587,4010425793,100,False,2,0,4,54.91750301245511,27.0,0.14,0.29,0.2275
5485,914,../environments/random.12.csv,dist_only_social_success,4,-1,1,1,0,1,1,1,2515763587,4010425793,200,False,6,1,14,57.26127718969495,56.0,0.18,0.27,0.22625
5486,914,../environments/random.12.csv,dist_only_social_success,4,-1,1,1,0,1,1,1,2515763587,4010425793,300,False,7,1,22,32.3495979154125,84.0,0.18333333333333332,0.25,0.22166666666666668
5487,914,../environments/random.12.csv,dist_only_social_success,4,-1,1,1,0,1,1,1,2515763587,4010425793,400,False,11,1,28,73.58365203290238,111.0,0.2025,0.265,0.224375
5488,914,../environments/random.12.csv,dist_only_social_success,4,-1,1,1,0,1,1,1,2515763587,4010425793,500,False,15,4,43,38.73257856125403,138.0,0.206,0.298,0.24
5489,914,../environments/random.12.csv,dist_only_social_success,4,-1,1,1,0,1,1,1,2515763587,4010425793,599,False,18,4,48,56.157716039339974,164.0,0.20868113522537562,0.2871452420701169,0.23414023372287146
5490,915,../environments/random.12.csv,dist_only_social_success,4,-1,1,1,0,1,1,1,2515763587,2734561081,100,False,1,1,4,37.45007639917866,26.0,0.21,0.25,0.2275
5491,915,../environments/random.12.csv,dist_only_social_success,4,-1,1,1,0,1,1,1,2515763587,2734561081,200,False,5,1,11,53.13382252520631,53.0,0.185,0.255,0.225
5492,915,../environments/random.12.csv,dist_only_social_success,4,-1,1,1,0,1,1,1,2515763587,2734561081,300,False,8,2,19,33.03275925283613,77.0,0.23333333333333334,0.29,0.26416666666666666
5493,915,../environments/random.12.csv,dist_only_social_success,4,-1,1,1,0,1,1,1,2515763587,2734561081,400,False,10,3,25,35.25971724407908,106.0,0.23,0.265,0.2475
5494,915,../environments/random.12.csv,dist_only_social_success,4,-1,1,1,0,1,1,1,2515763587,2734561081,500,False,12,4,30,37.04882527124128,132.0,0.226,0.256,0.243
5495,915,../environments/random.12.csv,dist_only_social_success,4,-1,1,1,0,1,1,1,2515763587,2734561081,599,False,15,6,41,40.745416487805976,162.0,0.21869782971619364,0.2587646076794658,0.23664440734557596
5496,916,../environments/random.12.csv,dist_only_social_success,4,-1,1,1,0,1,1,1,2515763587,1253946826,100,False,3,0,6,28.324158094057232,24.0,0.2,0.32,0.275
5497,916,../environments/random.12.csv,dist_only_social_success,4,-1,1,1,0,1,1,1,2515763587,1253946826,200,False,4,1,10,82.32723153361388,53.0,0.21,0.285,0.2475
5498,916,../environments/random.12.csv,dist_only_social_success,4,-1,1,1,0,1,1,1,2515763587,1253946826,300,False,6,2,18,30.598614409366448,81.0,0.22,0.26,0.24
5499,916,../environments/random.12.csv,dist_only_social_success,4,-1,1,1,0,1,1,1,2515763587,1253946826,400,False,7,3,21,47.11797823177328,108.0,0.205,0.2375,0.226875
5500,916,../environments/random.12.csv,dist_only_social_success,4,-1,1,1,0,1,1,1,2515763587,1253946826,500,False,10,4,27,58.61939854432485,135.0,0.218,0.238,0.227
5501,916,../environments/random.12.csv,dist_only_social_success,4,-1,1,1,0,1,1,1,2515763587,1253946826,599,False,12,6,34,57.00237457108735,163.0,0.21869782971619364,0.24874791318864775,0.22913188647746244
5502,917,../environments/random.12.csv,dist_only_social_success,4,-1,1,1,0,1,1,1,2515763587,1347984585,100,False,5,0,7,25.356493627150613,25.0,0.23,0.32,0.2875
5503,917,../environments/random.12.csv,dist_only_social_success,4,-1,1,1,0,1,1,1,2515763587,1347984585,200,False,6,2,15,56.212503599315944,53.0,0.225,0.285,0.255
5504,917,../environments/random.12.csv,dist_only_social_success,4,-1,1,1,0,1,1,1,2515763587,1347984585,300,False,9,2,20,50.914476143381194,82.0,0.22333333333333333,0.27666666666666667,0.24166666666666667
5505,917,../environments/random.12.csv,dist_only_social_success,4,-1,1,1,0,1,1,1,2515763587,1347984585,400,False,12,2,26,43.05144459899594,109.0,0.2075,0.2625,0.234375
5506,917,../environments/random.12.csv,dist_only_social_success,4,-1,1,1,0,1,1,1,2515763587,1347984585,500,False,13,4,33,43.587958372473196,137.0,0.216,0.266,0.2385
5507,917,../environments/random.12.csv,dist_only_social_success,4,-1,1,1,0,1,1,1,2515763587,1347984585,599,False,14,5,39,61.352312955199004,165.0,0.22537562604340566,0.2604340567612688,0.23747913188647746
5508,918,../environments/random.12.csv,dist_only_social_success,4,-1,1,1,0,1,1,1,2515763587,884777651,100,False,2,1,6,73.34061999218144,27.0,0.24,0.25,0.2425
5509,918,../environments/random.12.csv,dist_only_social_success,4,-1,1,1,0,1,1,1,2515763587,884777651,200,False,7,2,15,31.742094942588363,53.0,0.195,0.285,0.25125
5510,918,../environments/random.12.csv,dist_only_social_success,4,-1,1,1,0,1,1,1,2515763587,884777651,300,False,8,5,23,59.34034516161526,80.0,0.21333333333333335,0.27,0.24916666666666668
5511,918,../environments/random.12.csv,dist_only_social_success,4,-1,1,1,0,1,1,1,2515763587,884777651,400,False,8,5,27,64.76388186291636,110.0,0.195,0.2575,0.2325
5512,918,../environments/random.12.csv,dist_only_social_success,4,-1,1,1,0,1,1,1,2515763587,884777651,500,False,9,6,33,58.745716347384246,138.0,0.22,0.252,0.2385
5513,918,../environments/random.12.csv,dist_only_social_success,4,-1,1,1,0,1,1,1,2515763587,884777651,599,False,11,6,37,50.905596136199705,165.0,0.21202003338898165,0.2604340567612688,0.23664440734557596
5514,919,../environments/random.12.csv,dist_only_social_success,4,-1,1,1,0,1,1,1,2515763587,2299003041,100,False,2,1,5,77.9988016033071,28.0,0.13,0.35,0.23
5515,919,../environments/random.12.csv,dist_only_social_success,4,-1,1,1,0,1,1,1,2515763587,2299003041,200,False,5,2,13,61.583041376200825,54.0,0.175,0.29,0.21375
5516,919,../environments/random.12.csv,dist_only_social_success,4,-1,1,1,0,1,1,1,2515763587,2299003041,300,False,6,3,16,49.4231396561935,79.0,0.20333333333333334,0.27666666666666667,0.23083333333333333
5517,919,../environments/random.12.csv,dist_only_social_success,4,-1,1,1,0,1,1,1,2515763587,2299003041,400,False,7,6,25,36.03974612208275,108.0,0.2125,0.285,0.236875
5518,919,../environments/random.12.csv,dist_only_social_success,4,-1,1,1,0,1,1,1,2515763587,2299003041,500,False,10,7,32,67.69994491928827,135.0,0.214,0.26,0.232
5519,919,../environments/random.12.csv,dist_only_social_success,4,-1,1,1,0,1,1,1,2515763587,2299003041,599,False,11,7,39,50.92249835432912,164.0,0.22036727879799667,0.24707846410684475,0.2303839732888147
5520,920,../environments/random.12.csv,dist_only_social_success,4,-1,1,1,0,1,1,1,3622058494,3334515826,100,False,3,1,8,59.85255657037633,26.0,0.24,0.35,0.285
5521,920,../environments/random.12.csv,dist_only_social_success,4,-1,1,1,0,1,1,1,3622058494,3334515826,200,False,4,2,11,44.66359117342805,52.0,0.25,0.29,0.27125
5522,920,../environments/random.12.csv,dist_only_social_success,4,-1,1,1,0,1,1,1,3622058494,3334515826,300,False,6,2,18,22.82237931008882,77.0,0.23666666666666666,0.2866666666666667,0.25416666666666665
5523,920,../environments/random.12.csv,dist_only_social_success,4,-1,1,1,0,1,1,1,3622058494,3334515826,400,False,7,2,22,45.074300338314174,102.0,0.2325,0.27,0.253125
5524,920,../environments/random.12.csv,dist_only_social_success,4,-1,1,1,0,1,1,1,3622058494,3334515826,500,False,9,3,28,59.407293069264355,131.0,0.232,0.254,0.247
5525,920,../environments/random.12.csv,dist_only_social_success,4,-1,1,1,0,1,1,1,3622058494,3334515826,599,False,11,4,33,42.544605081597226,157.0,0.2303839732888147,0.2704507512520868,0.24874791318864775
5526,921,../environments/random.12.csv,dist_only_social_success,4,-1,1,1,0,1,1,1,3622058494,262994761,100,False,4,1,9,60.38010278665845,25.0,0.21,0.34,0.3025
5527,921,../environments/random.12.csv,dist_only_social_success,4,-1,1,1,0,1,1,1,3622058494,262994761,200,False,7,1,18,18.182042498005465,49.0,0.25,0.34,0.29625
5528,921,../environments/random.12.csv,dist_only_social_success,4,-1,1,1,0,1,1,1,3622058494,262994761,300,False,9,3,26,47.48717063897509,78.0,0.23,0.27666666666666667,0.25916666666666666
5529,921,../environments/random.12.csv,dist_only_social_success,4,-1,1,1,0,1,1,1,3622058494,262994761,400,False,14,3,34,27.56480504432136,106.0,0.25,0.265,0.255625
5530,921,../environments/random.12.csv,dist_only_social_success,4,-1,1,1,0,1,1,1,3622058494,262994761,500,False,17,4,43,49.63092981311361,136.0,0.228,0.252,0.2405
5531,921,../environments/random.12.csv,dist_only_social_success,4,-1,1,1,0,1,1,1,3622058494,262994761,599,False,17,7,48,25.265416562802386,159.0,0.22036727879799667,0.2654424040066778,0.24165275459098498
5532,922,../environments/random.12.csv,dist_only_social_success,4,-1,1,1,0,1,1,1,3622058494,3602806192,100,False,2,1,6,26.89273578930927,24.0,0.25,0.31,0.2675
5533,922,../environments/random.12.csv,dist_only_social_success,4,-1,1,1,0,1,1,1,3622058494,3602806192,200,False,3,3,12,54.51739313379163,55.0,0.21,0.245,0.23125
5534,922,../environments/random.12.csv,dist_only_social_success,4,-1,1,1,0,1,1,1,3622058494,3602806192,300,False,5,4,17,56.20610376897373,81.0,0.20333333333333334,0.24,0.225
5535,922,../environments/random.12.csv,dist_only_social_success,4,-1,1,1,0,1,1,1,3622058494,3602806192,400,False,7,5,24,60.30061477684616,109.0,0.2025,0.26,0.231875
5536,922,../environments/random.12.csv,dist_only_social_success,4,-1,1,1,0,1,1,1,3622058494,3602806192,500,False,9,6,31,64.42211402893665,137.0,0.204,0.25,0.228
5537,922,../environments/random.12.csv,dist_only_social_success,4,-1,1,1,0,1,1,1,3622058494,3602806192,599,False,11,9,40,46.42376492488941,166.0,0.2020033388981636,0.24874791318864775,0.22287145242070117
5538,923,../environments/random.12.csv,dist_only_social_success,4,-1,1,1,0,1,1,1,3622058494,3437971635,100,False,6,0,11,53.66191593599649,26.0,0.17,0.35,0.25
5539,923,../environments/random.12.csv,dist_only_social_success,4,-1,1,1,0,1,1,1,3622058494,3437971635,200,False,6,1,14,32.7227032226381,52.0,0.175,0.29,0.2225
5540,923,../environments/random.12.csv,dist_only_social_success,4,-1,1,1,0,1,1,1,3622058494,3437971635,300,False,7,3,21,68.58772481884485,76.0,0.20666666666666667,0.2733333333333333,0.23
5541,923,../environments/random.12.csv,dist_only_social_success,4,-1,1,1,0,1,1,1,3622058494,3437971635,400,False,9,4,28,19.278087034126674,102.0,0.1925,0.28,0.23125
5542,923,../environments/random.12.csv,dist_only_social_success,4,-1,1,1,0,1,1,1,3622058494,3437971635,500,False,10,6,34,19.305148123623127,127.0,0.206,0.264,0.2295
5543,923,../environments/random.12.csv,dist_only_social_success,4,-1,1,1,0,1,1,1,3622058494,3437971635,599,False,13,7,42,33.28210362613567,157.0,0.20701168614357263,0.2570951585976628,0.22287145242070117
5544,924,../environments/random.12.csv,dist_only_social_success,4,-1,1,1,0,1,1,1,3622058494,4010425793,100,False,4,1,8,33.28173127969928,26.0,0.14,0.35,0.2625
5545,924,../environments/random.12.csv,dist_only_social_success,4,-1,1,1,0,1,1,1,3622058494,4010425793,200,False,5,2,15,62.86976764424786,56.0,0.175,0.265,0.22125
5546,924,../environments/random.12.csv,dist_only_social_success,4,-1,1,1,0,1,1,1,3622058494,4010425793,300,False,7,5,23,47.347387657972895,85.0,0.18666666666666668,0.2633333333333333,0.22
5547,924,../environments/random.12.csv,dist_only_social_success,4,-1,1,1,0,1,1,1,3622058494,4010425793,400,False,8,6,29,35.56370142153801,110.0,0.18,0.2525,0.2175
5548,924,../environments/random.12.csv,dist_only_social_success,4,-1,1,1,0,1,1,1,3622058494,4010425793,500,False,10,8,38,43.342962998647884,138.0,0.188,0.244,0.2225
5549,924,../environments/random.12.csv,dist_only_social_success,4,-1,1,1,0,1,1,1,3622058494,4010425793,599,False,13,10,47,64.73236509669083,166.0,0.19365609348914858,0.2387312186978297,0.22412353923205341
5550,925,../environments/random.12.csv,dist_only_social_success,4,-1,1,1,0,1,1,1,3622058494,2734561081,100,False,2,1,6,40.48772360752822,26.0,0.15,0.25,0.2225
5551,925,../environments/random.12.csv,dist_only_social_success,4,-1,1,1,0,1,1,1,3622058494,2734561081,200,False,4,2,11,64.02666474540483,53.0,0.195,0.275,0.225
5552,925,../environments/random.12.csv,dist_only_social_success,4,-1,1,1,0,1,1,1,3622058494,2734561081,300,False,7,2,16,35.37059896393255,78.0,0.19333333333333333,0.27,0.23916666666666667
5553,925,../environments/random.12.csv,dist_only_social_success,4,-1,1,1,0,1,1,1,3622058494,2734561081,400,False,8,4,22,44.70623359136172,106.0,0.2025,0.255,0.234375
5554,925,../environments/random.12.csv,dist_only_social_success,4,-1,1,1,0,1,1,1,3622058494,2734561081,500,False,10,5,26,40.48322977348343,134.0,0.194,0.248,0.2255
5555,925,../environments/random.12.csv,dist_only_social_success,4,-1,1,1,0,1,1,1,3622058494,2734561081,599,False,12,6,32,69.6228829148624,163.0,0.18864774624373956,0.2370617696160267,0.21619365609348914
5556,926,../environments/random.12.csv,dist_only_social_success,4,-1,1,1,0,1,1,1,3622058494,1253946826,100,False,3,0,6,61.680199046120194,27.0,0.2,0.35,0.24
5557,926,../environments/random.12.csv,dist_only_social_success,4,-1,1,1,0,1,1,1,3622058494,1253946826,200,False,5,1,13,52.525203884509864,54.0,0.18,0.34,0.25625
5558,926,../environments/random.12.csv,dist_only_social_success,4,-1,1,1,0,1,1,1,3622058494,1253946826,300,False,7,3,19,53.83150392192174,82.0,0.18333333333333332,0.2833333333333333,0.23
5559,926,../environments/random.12.csv,dist_only_social_success,4,-1,1,1,0,1,1,1,3622058494,1253946826,400,False,8,3,23,73.78049302678298,113.0,0.1925,0.25,0.2175
5560,926,../environments/random.12.csv,dist_only_social_success,4,-1,1,1,0,1,1,1,3622058494,1253946826,500,False,11,5,29,60.869631786175134,141.0,0.208,0.244,0.22
5561,926,../environments/random.12.csv,dist_only_social_success,4,-1,1,1,0,1,1,1,3622058494,1253946826,599,False,13,6,37,52.09337461714721,170.0,0.20534223706176963,0.2287145242070117,0.21702838063439064
5562,927,../environments/random.12.csv,dist_only_social_success,4,-1,1,1,0,1,1,1,3622058494,1347984585,100,False,3,0,6,45.87191188053511,24.0,0.24,0.41,0.3025
5563,927,../environments/random.12.csv,dist_only_social_success,4,-1,1,1,0,1,1,1,3622058494,1347984585,200,False,7,2,19,46.39320609663845,52.0,0.235,0.345,0.27875
5564,927,../environments/random.12.csv,dist_only_social_success,4,-1,1,1,0,1,1,1,3622058494,1347984585,300,False,10,3,26,37.495159078921795,81.0,0.23,0.29,0.25583333333333336
5565,927,../environments/random.12.csv,dist_only_social_success,4,-1,1,1,0,1,1,1,3622058494,1347984585,400,False,11,4,30,28.837097487191805,108.0,0.22,0.27,0.24625
5566,927,../environments/random.12.csv,dist_only_social_success,4,-1,1,1,0,1,1,1,3622058494,1347984585,500,False,11,5,33,44.29565586505423,136.0,0.214,0.258,0.2355
5567,927,../environments/random.12.csv,dist_only_social_success,4,-1,1,1,0,1,1,1,3622058494,1347984585,599,False,13,6,40,54.34694937418651,166.0,0.20534223706176963,0.2637729549248748,0.23247078464106843
5568,928,../environments/random.12.csv,dist_only_social_success,4,-1,1,1,0,1,1,1,3622058494,884777651,100,False,3,1,8,63.25590815590307,24.0,0.16,0.31,0.245
5569,928,../environments/random.12.csv,dist_only_social_success,4,-1,1,1,0,1,1,1,3622058494,884777651,200,False,6,2,14,82.73500130371083,55.0,0.155,0.235,0.215
5570,928,../environments/random.12.csv,dist_only_social_success,4,-1,1,1,0,1,1,1,3622058494,884777651,300,False,9,2,21,64.52131271995296,82.0,0.18333333333333332,0.24333333333333335,0.21583333333333332
5571,928,../environments/random.12.csv,dist_only_social_success,4,-1,1,1,0,1,1,1,3622058494,884777651,400,False,10,6,29,45.61327067442151,111.0,0.205,0.2325,0.21375
5572,928,../environments/random.12.csv,dist_only_social_success,4,-1,1,1,0,1,1,1,3622058494,884777651,500,False,12,7,37,18.02150350871804,136.0,0.192,0.218,0.207
5573,928,../environments/random.12.csv,dist_only_social_success,4,-1,1,1,0,1,1,1,3622058494,884777651,599,False,16,8,44,50.395268922783785,161.0,0.2003338898163606,0.22036727879799667,0.20784641068447413
5574,929,../environments/random.12.csv,dist_only_social_success,4,-1,1,1,0,1,1,1,3622058494,2299003041,100,False,2,0,4,37.30835690601009,27.0,0.16,0.27,0.195
5575,929,../environments/random.12.csv,dist_only_social_success,4,-1,1,1,0,1,1,1,3622058494,2299003041,200,False,4,1,10,60.60799045895656,56.0,0.18,0.255,0.20375
5576,929,../environments/random.12.csv,dist_only_social_success,4,-1,1,1,0,1,1,1,3622058494,2299003041,300,False,5,1,15,38.150107333918086,85.0,0.19666666666666666,0.23,0.21333333333333335
5577,929,../environments/random.12.csv,dist_only_social_success,4,-1,1,1,0,1,1,1,3622058494,2299003041,400,False,8,5,24,57.0375968202012,112.0,0.195,0.26,0.216875
5578,929,../environments/random.12.csv,dist_only_social_success,4,-1,1,1,0,1,1,1,3622058494,2299003041,500,False,9,5,27,60.54447943833027,136.0,0.202,0.262,0.226
5579,929,../environments/random.12.csv,dist_only_social_success,4,-1,1,1,0,1,1,1,3622058494,2299003041,599,False,11,7,37,35.83924763732152,165.0,0.20701168614357263,0.24707846410684475,0.22328881469115192
5580,930,../environments/random.12.csv,dist_only_social_success,4,-1,1,1,0,1,1,1,3859649351,3334515826,100,False,4,2,11,66.96468055213208,26.0,0.14,0.32,0.2175
5581,930,../environments/random.12.csv,dist_only_social_success,4,-1,1,1,0,1,1,1,3859649351,3334515826,200,False,6,4,18,48.424247613376636,52.0,0.19,0.29,0.24625
5582,930,../environments/random.12.csv,dist_only_social_success,4,-1,1,1,0,1,1,1,3859649351,3334515826,300,False,7,5,25,21.29635446217891,78.0,0.23333333333333334,0.2833333333333333,0.25333333333333335
5583,930,../environments/random.12.csv,dist_only_social_success,4,-1,1,1,0,1,1,1,3859649351,3334515826,400,False,9,7,33,28.294058798682876,105.0,0.2275,0.27,0.241875
5584,930,../environments/random.12.csv,dist_only_social_success,4,-1,1,1,0,1,1,1,3859649351,3334515826,500,False,13,9,43,78.7548219924729,133.0,0.224,0.264,0.239
5585,930,../environments/random.12.csv,dist_only_social_success,4,-1,1,1,0,1,1,1,3859649351,3334515826,599,False,15,9,48,72.20515537985779,159.0,0.22036727879799667,0.2838063439065108,0.2395659432387312
5586,931,../environments/random.12.csv,dist_only_social_success,4,-1,1,1,0,1,1,1,3859649351,262994761,100,False,2,1,6,33.37636594167383,26.0,0.16,0.28,0.2275
5587,931,../environments/random.12.csv,dist_only_social_success,4,-1,1,1,0,1,1,1,3859649351,262994761,200,False,4,2,12,76.03386698541027,53.0,0.18,0.245,0.2175
5588,931,../environments/random.12.csv,dist_only_social_success,4,-1,1,1,0,1,1,1,3859649351,262994761,300,False,7,5,24,45.303361266923275,83.0,0.19666666666666666,0.25,0.2125
5589,931,../environments/random.12.csv,dist_only_social_success,4,-1,1,1,0,1,1,1,3859649351,262994761,400,False,9,6,28,55.65803581947497,111.0,0.1975,0.225,0.210625
5590,931,../environments/random.12.csv,dist_only_social_success,4,-1,1,1,0,1,1,1,3859649351,262994761,500,False,10,7,36,31.288876901525658,141.0,0.206,0.23,0.2135
5591,931,../environments/random.12.csv,dist_only_social_success,4,-1,1,1,0,1,1,1,3859649351,262994761,599,False,13,9,42,51.0193573242736,169.0,0.19365609348914858,0.22203672787979967,0.21160267111853087
5592,932,../environments/random.12.csv,dist_only_social_success,4,-1,1,1,0,1,1,1,3859649351,3602806192,100,False,3,1,7,72.80123796161084,26.0,0.18,0.33,0.245
5593,932,../environments/random.12.csv,dist_only_social_success,4,-1,1,1,0,1,1,1,3859649351,3602806192,200,False,6,4,18,31.330648177754348,52.0,0.17,0.335,0.265
5594,932,../environments/random.12.csv,dist_only_social_success,4,-1,1,1,0,1,1,1,3859649351,3602806192,300,False,8,4,21,48.621204692610874,80.0,0.17333333333333334,0.30666666666666664,0.2425
5595,932,../environments/random.12.csv,dist_only_social_success,4,-1,1,1,0,1,1,1,3859649351,3602806192,400,False,8,5,27,35.14329371604886,107.0,0.185,0.305,0.235625
5596,932,../environments/random.12.csv,dist_only_social_success,4,-1,1,1,0,1,1,1,3859649351,3602806192,500,False,9,6,31,47.3365381711258,137.0,0.192,0.276,0.2275
5597,932,../environments/random.12.csv,dist_only_social_success,4,-1,1,1,0,1,1,1,3859649351,3602806192,599,False,10,7,37,58.17467491533752,163.0,0.2020033388981636,0.2570951585976628,0.23121869782971619
5598,933,../environments/random.12.csv,dist_only_social_success,4,-1,1,1,0,1,1,1,3859649351,3437971635,100,False,2,1,6,70.78936647093693,26.0,0.18,0.26,0.2275
5599,933,../environments/random.12.csv,dist_only_social_success,4,-1,1,1,0,1,1,1,3859649351,3437971635,200,False,4,2,11,47.98154168277117,54.0,0.185,0.275,0.21375
5600,933,../environments/random.12.csv,dist_only_social_success,4,-1,1,1,0,1,1,1,3859649351,3437971635,300,False,5,2,15,57.492877608115464,82.0,0.19666666666666666,0.24666666666666667,0.22166666666666668
5601,933,../environments/random.12.csv,dist_only_social_success,4,-1,1,1,0,1,1,1,3859649351,3437971635,400,False,8,5,25,70.5494367435565,110.0,0.205,0.25,0.225
5602,933,../environments/random.12.csv,dist_only_social_success,4,-1,1,1,0,1,1,1,3859649351,3437971635,500,False,11,5,32,12.877054302287245,136.0,0.19,0.254,0.232
5603,933,../environments/random.12.csv,dist_only_social_success,4,-1,1,1,0,1,1,1,3859649351,3437971635,599,False,13,7,38,50.72181166051759,161.0,0.19532554257095158,0.24207011686143573,0.22746243739565944
5604,934,../environments/random.12.csv,dist_only_social_success,4,-1,1,1,0,1,1,1,3859649351,4010425793,100,False,4,0,8,44.206709173041325,25.0,0.23,0.32,0.2725
5605,934,../environments/random.12.csv,dist_only_social_success,4,-1,1,1,0,1,1,1,3859649351,4010425793,200,False,4,3,15,61.92134723295689,53.0,0.22,0.29,0.2475
5606,934,../environments/random.12.csv,dist_only_social_success,4,-1,1,1,0,1,1,1,3859649351,4010425793,300,False,7,4,21,36.323889692699105,81.0,0.19666666666666666,0.27,0.23916666666666667
5607,934,../environments/random.12.csv,dist_only_social_success,4,-1,1,1,0,1,1,1,3859649351,4010425793,400,False,9,5,27,54.231616403487465,108.0,0.1975,0.26,0.234375
5608,934,../environments/random.12.csv,dist_only_social_success,4,-1,1,1,0,1,1,1,3859649351,4010425793,500,False,10,7,34,36.07406768185441,136.0,0.188,0.25,0.228
5609,934,../environments/random.12.csv,dist_only_social_success,4,-1,1,1,0,1,1,1,3859649351,4010425793,599,False,12,7,37,56.564798192692386,164.0,0.19365609348914858,0.24207011686143573,0.22203672787979967
5610,935,../environments/random.12.csv,dist_only_social_success,4,-1,1,1,0,1,1,1,3859649351,2734561081,100,False,4,0,8,29.60704890416115,26.0,0.2,0.35,0.255
5611,935,../environments/random.12.csv,dist_only_social_success,4,-1,1,1,0,1,1,1,3859649351,2734561081,200,False,6,0,14,66.5812992047445,52.0,0.22,0.345,0.26625
5612,935,../environments/random.12.csv,dist_only_social_success,4,-1,1,1,0,1,1,1,3859649351,2734561081,300,False,9,1,21,46.49043807615008,79.0,0.26666666666666666,0.2733333333333333,0.26916666666666667
5613,935,../environments/random.12.csv,dist_only_social_success,4,-1,1,1,0,1,1,1,3859649351,2734561081,400,False,9,3,27,55.925864785658355,108.0,0.2525,0.26,0.254375
5614,935,../environments/random.12.csv,dist_only_social_success,4,-1,1,1,0,1,1,1,3859649351,2734561081,500,False,11,3,31,19.482605577751237,134.0,0.244,0.26,0.254
5615,935,../environments/random.12.csv,dist_only_social_success,4,-1,1,1,0,1,1,1,3859649351,2734561081,599,False,14,5,39,58.673180357142925,160.0,0.2387312186978297,0.24874791318864775,0.24415692821368948
5616,936,../environments/random.12.csv,dist_only_social_success,4,-1,1,1,0,1,1,1,3859649351,1253946826,100,False,3,1,6,48.91082013074686,26.0,0.24,0.29,0.26
5617,936,../environments/random.12.csv,dist_only_social_success,4,-1,1,1,0,1,1,1,3859649351,1253946826,200,False,6,2,13,75.76751671758801,53.0,0.2,0.26,0.23625
5618,936,../environments/random.12.csv,dist_only_social_success,4,-1,1,1,0,1,1,1,3859649351,1253946826,300,False,7,3,18,68.28934571396408,83.0,0.20666666666666667,0.23,0.22083333333333333
5619,936,../environments/random.12.csv,dist_only_social_success,4,-1,1,1,0,1,1,1,3859649351,1253946826,400,False,8,4,22,73.59036750602633,111.0,0.205,0.2575,0.228125
5620,936,../environments/random.12.csv,dist_only_social_success,4,-1,1,1,0,1,1,1,3859649351,1253946826,500,False,11,7,32,49.38486445542544,138.0,0.21,0.264,0.2295
5621,936,../environments/random.12.csv,dist_only_social_success,4,-1,1,1,0,1,1,1,3859649351,1253946826,599,False,12,8,37,27.72911063161544,163.0,0.21702838063439064,0.24707846410684475,0.2295492487479132
5622,937,../environments/random.12.csv,dist_only_social_success,4,-1,1,1,0,1,1,1,3859649351,1347984585,100,False,4,0,7,84.71367679456799,28.0,0.13,0.35,0.24
5623,937,../environments/random.12.csv,dist_only_social_success,4,-1,1,1,0,1,1,1,3859649351,1347984585,200,False,7,2,17,58.74790886040594,53.0,0.2,0.295,0.24875
5624,937,../environments/random.12.csv,dist_only_social_success,4,-1,1,1,0,1,1,1,3859649351,1347984585,300,False,11,2,23,23.36307051624961,82.0,0.19666666666666666,0.26666666666666666,0.22916666666666666
5625,937,../environments/random.12.csv,dist_only_social_success,4,-1,1,1,0,1,1,1,3859649351,1347984585,400,False,12,3,28,46.58847873459274,109.0,0.195,0.255,0.226875
5626,937,../environments/random.12.csv,dist_only_social_success,4,-1,1,1,0,1,1,1,3859649351,1347984585,500,False,13,4,33,39.50182020365429,135.0,0.208,0.254,0.23
5627,937,../environments/random.12.csv,dist_only_social_success,4,-1,1,1,0,1,1,1,3859649351,1347984585,599,False,15,5,36,40.36980872954948,160.0,0.21202003338898165,0.2654424040066778,0.23998330550918198
5628,938,../environments/random.12.csv,dist_only_social_success,4,-1,1,1,0,1,1,1,3859649351,884777651,100,False,2,0,4,60.01474060950955,26.0,0.17,0.35,0.2425
5629,938,../environments/random.12.csv,dist_only_social_success,4,-1,1,1,0,1,1,1,3859649351,884777651,200,False,6,0,13,31.664304128216557,55.0,0.145,0.29,0.23
5630,938,../environments/random.12.csv,dist_only_social_success,4,-1,1,1,0,1,1,1,3859649351,884777651,300,False,7,3,20,57.88492636043564,82.0,0.17666666666666667,0.26,0.23
5631,938,../environments/random.12.csv,dist_only_social_success,4,-1,1,1,0,1,1,1,3859649351,884777651,400,False,10,5,28,47.77778838274776,108.0,0.1975,0.2425,0.228125
5632,938,../environments/random.12.csv,dist_only_social_success,4,-1,1,1,0,1,1,1,3859649351,884777651,500,False,12,5,32,50.80587477737966,134.0,0.212,0.256,0.2285
5633,938,../environments/random.12.csv,dist_only_social_success,4,-1,1,1,0,1,1,1,3859649351,884777651,599,False,16,7,42,31.601946210287018,161.0,0.21202003338898165,0.2621035058430718,0.23163606010016694
5634,939,../environments/random.12.csv,dist_only_social_success,4,-1,1,1,0,1,1,1,3859649351,2299003041,100,False,3,1,7,77.75493006765697,28.0,0.14,0.24,0.2075
5635,939,../environments/random.12.csv,dist_only_social_success,4,-1,1,1,0,1,1,1,3859649351,2299003041,200,False,6,2,15,55.18720020177828,55.0,0.19,0.255,0.2225
5636,939,../environments/random.12.csv,dist_only_social_success,4,-1,1,1,0,1,1,1,3859649351,2299003041,300,False,6,5,22,45.01169073939648,83.0,0.21,0.25333333333333335,0.2275
5637,939,../environments/random.12.csv,dist_only_social_success,4,-1,1,1,0,1,1,1,3859649351,2299003041,400,False,11,7,34,71.41422719849555,112.0,0.205,0.255,0.22625
5638,939,../environments/random.12.csv,dist_only_social_success,4,-1,1,1,0,1,1,1,3859649351,2299003041,500,False,11,8,38,47.54738366997041,137.0,0.226,0.244,0.233
5639,939,../environments/random.12.csv,dist_only_social_success,4,-1,1,1,0,1,1,1,3859649351,2299003041,599,False,15,8,44,71.60788528916999,165.0,0.21535893155258765,0.2303839732888147,0.22328881469115192
5640,940,../environments/random.12.csv,dist_only_social_success,4,-1,1,1,0,1,1,1,3788962293,3334515826,100,False,3,1,8,52.089244546611475,25.0,0.15,0.35,0.2825
5641,940,../environments/random.12.csv,dist_only_social_success,4,-1,1,1,0,1,1,1,3788962293,3334515826,200,False,6,2,15,53.30331887028543,53.0,0.22,0.335,0.27
5642,940,../environments/random.12.csv,dist_only_social_success,4,-1,1,1,0,1,1,1,3788962293,3334515826,300,False,7,4,21,59.494779962213656,79.0,0.23333333333333334,0.30666666666666664,0.2625
5643,940,../environments/random.12.csv,dist_only_social_success,4,-1,1,1,0,1,1,1,3788962293,3334515826,400,False,10,5,29,38.29929335549506,107.0,0.2175,0.2775,0.244375
5644,940,../environments/random.12.csv,dist_only_social_success,4,-1,1,1,0,1,1,1,3788962293,3334515826,500,False,11,6,34,54.17939651178524,133.0,0.22,0.276,0.242
5645,940,../environments/random.12.csv,dist_only_social_success,4,-1,1,1,0,1,1,1,3788962293,3334515826,599,False,13,8,42,35.784314113819086,161.0,0.21702838063439064,0.2671118530884808,0.2353923205342237
5646,941,../environments/random.12.csv,dist_only_social_success,4,-1,1,1,0,1,1,1,3788962293,262994761,100,False,3,1,6,40.20521191328206,25.0,0.23,0.33,0.265
5647,941,../environments/random.12.csv,dist_only_social_success,4,-1,1,1,0,1,1,1,3788962293,262994761,200,False,4,1,10,59.09805998927586,53.0,0.215,0.295,0.23875
5648,941,../environments/random.12.csv,dist_only_social_success,4,-1,1,1,0,1,1,1,3788962293,262994761,300,False,7,3,19,66.99727517850333,81.0,0.20666666666666667,0.2866666666666667,0.235
5649,941,../environments/random.12.csv,dist_only_social_success,4,-1,1,1,0,1,1,1,3788962293,262994761,400,False,8,5,27,61.06804692021606,110.0,0.205,0.27,0.22875
5650,941,../environments/random.12.csv,dist_only_social_success,4,-1,1,1,0,1,1,1,3788962293,262994761,500,False,11,5,31,46.87950953958868,137.0,0.204,0.258,0.2335
5651,941,../environments/random.12.csv,dist_only_social_success,4,-1,1,1,0,1,1,1,3788962293,262994761,599,False,13,8,39,71.4267760745131,165.0,0.19532554257095158,0.25041736227045075,0.2262103505843072
5652,942,../environments/random.12.csv,dist_only_social_success,4,-1,1,1,0,1,1,1,3788962293,3602806192,100,False,2,0,4,56.29734749435345,24.0,0.19,0.38,0.29
5653,942,../environments/random.12.csv,dist_only_social_success,4,-1,1,1,0,1,1,1,3788962293,3602806192,200,False,4,1,9,65.75356007667565,52.0,0.185,0.31,0.25125
5654,942,../environments/random.12.csv,dist_only_social_success,4,-1,1,1,0,1,1,1,3788962293,3602806192,300,False,6,2,16,75.33939976626858,81.0,0.18666666666666668,0.2833333333333333,0.24333333333333335
5655,942,../environments/random.12.csv,dist_only_social_success,4,-1,1,1,0,1,1,1,3788962293,3602806192,400,False,8,3,22,17.08052295485581,107.0,0.2075,0.285,0.249375
5656,942,../environments/random.12.csv,dist_only_social_success,4,-1,1,1,0,1,1,1,3788962293,3602806192,500,False,8,3,24,56.34369516722177,136.0,0.2,0.276,0.245
5657,942,../environments/random.12.csv,dist_only_social_success,4,-1,1,1,0,1,1,1,3788962293,3602806192,599,False,12,6,35,60.63641141307438,164.0,0.1986644407345576,0.2671118530884808,0.23831385642737896
5658,943,../environments/random.12.csv,dist_only_social_success,4,-1,1,1,0,1,1,1,3788962293,3437971635,100,False,3,0,6,76.3201230928857,25.0,0.18,0.33,0.2625
5659,943,../environments/random.12.csv,dist_only_social_success,4,-1,1,1,0,1,1,1,3788962293,3437971635,200,False,3,0,7,49.77480760394519,53.0,0.205,0.265,0.23625
5660,943,../environments/random.12.csv,dist_only_social_success,4,-1,1,1,0,1,1,1,3788962293,3437971635,300,False,5,2,14,30.677557000327877,81.0,0.20666666666666667,0.25666666666666665,0.23583333333333334
5661,943,../environments/random.12.csv,dist_only_social_success,4,-1,1,1,0,1,1,1,3788962293,3437971635,400,False,9,4,24,63.68686428305503,107.0,0.2325,0.2475,0.2375
5662,943,../environments/random.12.csv,dist_only_social_success,4,-1,1,1,0,1,1,1,3788962293,3437971635,500,False,10,5,29,54.72230650277902,131.0,0.236,0.258,0.2435
5663,943,../environments/random.12.csv,dist_only_social_success,4,-1,1,1,0,1,1,1,3788962293,3437971635,599,False,10,6,36,84.1674232066324,160.0,0.2303839732888147,0.2570951585976628,0.24165275459098498
5664,944,../environments/random.12.csv,dist_only_social_success,4,-1,1,1,0,1,1,1,3788962293,4010425793,100,False,3,1,9,65.83290114891248,25.0,0.24,0.33,0.2925
5665,944,../environments/random.12.csv,dist_only_social_success,4,-1,1,1,0,1,1,1,3788962293,4010425793,200,False,6,2,15,63.69966617154441,54.0,0.21,0.285,0.2475
5666,944,../environments/random.12.csv,dist_only_social_success,4,-1,1,1,0,1,1,1,3788962293,4010425793,300,False,8,5,24,63.81121102260886,80.0,0.22333333333333333,0.2733333333333333,0.24333333333333335
5667,944,../environments/random.12.csv,dist_only_social_success,4,-1,1,1,0,1,1,1,3788962293,4010425793,400,False,10,6,32,52.88218282322008,107.0,0.205,0.2825,0.250625
5668,944,../environments/random.12.csv,dist_only_social_success,4,-1,1,1,0,1,1,1,3788962293,4010425793,500,False,13,8,40,59.006760351485646,132.0,0.212,0.288,0.254
5669,944,../environments/random.12.csv,dist_only_social_success,4,-1,1,1,0,1,1,1,3788962293,4010425793,599,False,15,10,50,46.66864192870467,159.0,0.21202003338898165,0.27879799666110183,0.25459098497495825
5670,945,../environments/random.12.csv,dist_only_social_success,4,-1,1,1,0,1,1,1,3788962293,2734561081,100,False,1,0,3,19.679143857428578,28.0,0.21,0.24,0.23
5671,945,../environments/random.12.csv,dist_only_social_success,4,-1,1,1,0,1,1,1,3788962293,2734561081,200,False,5,0,11,64.4245468406857,56.0,0.18,0.24,0.20625
5672,945,../environments/random.12.csv,dist_only_social_success,4,-1,1,1,0,1,1,1,3788962293,2734561081,300,False,7,1,16,68.97926629880996,84.0,0.19666666666666666,0.26666666666666666,0.22666666666666666
5673,945,../environments/random.12.csv,dist_only_social_success,4,-1,1,1,0,1,1,1,3788962293,2734561081,400,False,8,1,20,41.95700584873546,110.0,0.19,0.26,0.2325
5674,945,../environments/random.12.csv,dist_only_social_success,4,-1,1,1,0,1,1,1,3788962293,2734561081,500,False,9,1,25,45.75131409644263,137.0,0.188,0.254,0.225
5675,945,../environments/random.12.csv,dist_only_social_success,4,-1,1,1,0,1,1,1,3788962293,2734561081,599,False,10,6,33,38.80844200623549,166.0,0.2003338898163606,0.24874791318864775,0.22203672787979967
5676,946,../environments/random.12.csv,dist_only_social_success,4,-1,1,1,0,1,1,1,3788962293,1253946826,100,False,3,1,6,41.04971551778267,26.0,0.2,0.32,0.26
5677,946,../environments/random.12.csv,dist_only_social_success,4,-1,1,1,0,1,1,1,3788962293,1253946826,200,False,6,3,16,47.63015335858812,51.0,0.215,0.295,0.2575
5678,946,../environments/random.12.csv,dist_only_social_success,4,-1,1,1,0,1,1,1,3788962293,1253946826,300,False,7,4,23,52.171919108786525,79.0,0.24,0.27,0.255
5679,946,../environments/random.12.csv,dist_only_social_success,4,-1,1,1,0,1,1,1,3788962293,1253946826,400,False,9,6,29,75.97040275330946,109.0,0.23,0.26,0.24125
5680,946,../environments/random.12.csv,dist_only_social_success,4,-1,1,1,0,1,1,1,3788962293,1253946826,500,False,11,7,33,81.88090802614022,136.0,0.216,0.244,0.2345
5681,946,../environments/random.12.csv,dist_only_social_success,4,-1,1,1,0,1,1,1,3788962293,1253946826,599,False,12,9,44,39.25883336842672,164.0,0.22203672787979967,0.24874791318864775,0.23497495826377296
5682,947,../environments/random.12.csv,dist_only_social_success,4,-1,1,1,0,1,1,1,3788962293,1347984585,100,False,3,0,9,55.406135292004464,24.0,0.27,0.3,0.285
5683,947,../environments/random.12.csv,dist_only_social_success,4,-1,1,1,0,1,1,1,3788962293,1347984585,200,False,6,2,16,90.2335508689427,53.0,0.225,0.255,0.24
5684,947,../environments/random.12.csv,dist_only_social_success,4,-1,1,1,0,1,1,1,3788962293,1347984585,300,False,8,4,25,42.191631669843204,80.0,0.20333333333333334,0.2833333333333333,0.23666666666666666
5685,947,../environments/random.12.csv,dist_only_social_success,4,-1,1,1,0,1,1,1,3788962293,1347984585,400,False,10,5,31,51.2024353011155,106.0,0.1975,0.2925,0.240625
5686,947,../environments/random.12.csv,dist_only_social_success,4,-1,1,1,0,1,1,1,3788962293,1347984585,500,False,13,6,37,21.643089128064798,134.0,0.208,0.276,0.235
5687,947,../environments/random.12.csv,dist_only_social_success,4,-1,1,1,0,1,1,1,3788962293,1347984585,599,False,17,8,49,14.549823185463149,161.0,0.19699499165275458,0.25542570951585974,0.22996661101836394
5688,948,../environments/random.12.csv,dist_only_social_success,4,-1,1,1,0,1,1,1,3788962293,884777651,100,False,4,0,6,30.214156859008106,29.0,0.13,0.24,0.2025
5689,948,../environments/random.12.csv,dist_only_social_success,4,-1,1,1,0,1,1,1,3788962293,884777651,200,False,6,0,11,57.48121664123923,55.0,0.18,0.235,0.21125
5690,948,../environments/random.12.csv,dist_only_social_success,4,-1,1,1,0,1,1,1,3788962293,884777651,300,False,9,0,18,38.91550281810511,84.0,0.19333333333333333,0.23,0.215
5691,948,../environments/random.12.csv,dist_only_social_success,4,-1,1,1,0,1,1,1,3788962293,884777651,400,False,10,1,25,60.250278429635536,111.0,0.1825,0.2525,0.2175
5692,948,../environments/random.12.csv,dist_only_social_success,4,-1,1,1,0,1,1,1,3788962293,884777651,500,False,13,2,33,33.041069198314304,138.0,0.198,0.236,0.218
5693,948,../environments/random.12.csv,dist_only_social_success,4,-1,1,1,0,1,1,1,3788962293,884777651,599,False,14,2,37,58.687957167143,165.0,0.21035058430717862,0.2303839732888147,0.22036727879799667
5694,949,../environments/random.12.csv,dist_only_social_success,4,-1,1,1,0,1,1,1,3788962293,2299003041,100,False,2,1,7,62.92006322458242,26.0,0.16,0.28,0.215
5695,949,../environments/random.12.csv,dist_only_social_success,4,-1,1,1,0,1,1,1,3788962293,2299003041,200,False,6,2,15,41.70580594578564,53.0,0.16,0.26,0.22125
5696,949,../environments/random.12.csv,dist_only_social_success,4,-1,1,1,0,1,1,1,3788962293,2299003041,300,False,8,2,23,41.164736081681255,80.0,0.19666666666666666,0.25,0.225
5697,949,../environments/random.12.csv,dist_only_social_success,4,-1,1,1,0,1,1,1,3788962293,2299003041,400,False,9,4,30,93.42363919051775,108.0,0.19,0.24,0.223125
5698,949,../environments/random.12.csv,dist_only_social_success,4,-1,1,1,0,1,1,1,3788962293,2299003041,500,False,10,6,35,61.10990990738049,136.0,0.188,0.244,0.2245
5699,949,../environments/random.12.csv,dist_only_social_success,4,-1,1,1,0,1,1,1,3788962293,2299003041,599,False,12,9,42,67.17942860914476,163.0,0.19532554257095158,0.24373956594323873,0.22328881469115192
5700,950,../environments/random.12.csv,dist_only_social_success,4,-1,1,1,0,1,1,1,4075238685,3334515826,100,False,2,0,5,52.13573286194951,27.0,0.23,0.26,0.2425
5701,950,../environments/random.12.csv,dist_only_social_success,4,-1,1,1,0,1,1,1,4075238685,3334515826,200,False,4,2,14,63.412254207859796,55.0,0.225,0.285,0.245
5702,950,../environments/random.12.csv,dist_only_social_success,4,-1,1,1,0,1,1,1,4075238685,3334515826,300,False,6,5,22,48.0778066927462,83.0,0.19666666666666666,0.25,0.22916666666666666
5703,950,../environments/random.12.csv,dist_only_social_success,4,-1,1,1,0,1,1,1,4075238685,3334515826,400,False,8,5,27,43.857401179261615,110.0,0.2275,0.24,0.234375
5704,950,../environments/random.12.csv,dist_only_social_success,4,-1,1,1,0,1,1,1,4075238685,3334515826,500,False,10,9,37,35.92952831382726,136.0,0.214,0.246,0.2345
5705,950,../environments/random.12.csv,dist_only_social_success,4,-1,1,1,0,1,1,1,4075238685,3334515826,599,False,13,9,44,50.48879854339476,164.0,0.21535893155258765,0.24874791318864775,0.2345575959933222
5706,951,../environments/random.12.csv,dist_only_social_success,4,-1,1,1,0,1,1,1,4075238685,262994761,100,False,4,1,9,54.711456418599255,26.0,0.21,0.35,0.2675
5707,951,../environments/random.12.csv,dist_only_social_success,4,-1,1,1,0,1,1,1,4075238685,262994761,200,False,5,2,15,71.43956960497326,53.0,0.22,0.345,0.26125
5708,951,../environments/random.12.csv,dist_only_social_success,4,-1,1,1,0,1,1,1,4075238685,262994761,300,False,6,5,21,72.58955154221896,83.0,0.19,0.29,0.2325
5709,951,../environments/random.12.csv,dist_only_social_success,4,-1,1,1,0,1,1,1,4075238685,262994761,400,False,9,5,28,65.30081993310625,110.0,0.19,0.3075,0.235
5710,951,../environments/random.12.csv,dist_only_social_success,4,-1,1,1,0,1,1,1,4075238685,262994761,500,False,11,7,33,47.40095963550645,139.0,0.186,0.29,0.2305
5711,951,../environments/random.12.csv,dist_only_social_success,4,-1,1,1,0,1,1,1,4075238685,262994761,599,False,11,8,38,44.415923051508365,164.0,0.19365609348914858,0.27545909849749584,0.23205342237061768
5712,952,../environments/random.12.csv,dist_only_social_success,4,-1,1,1,0,1,1,1,4075238685,3602806192,100,False,2,0,6,37.60765581778925,25.0,0.21,0.26,0.23
5713,952,../environments/random.12.csv,dist_only_social_success,4,-1,1,1,0,1,1,1,4075238685,3602806192,200,False,4,2,11,51.6297613993662,54.0,0.18,0.25,0.22125
5714,952,../environments/random.12.csv,dist_only_social_success,4,-1,1,1,0,1,1,1,4075238685,3602806192,300,False,5,4,18,72.01476183375675,83.0,0.18,0.23666666666666666,0.21083333333333334
5715,952,../environments/random.12.csv,dist_only_social_success,4,-1,1,1,0,1,1,1,4075238685,3602806192,400,False,6,5,23,18.077687230463567,108.0,0.2,0.235,0.22
5716,952,../environments/random.12.csv,dist_only_social_success,4,-1,1,1,0,1,1,1,4075238685,3602806192,500,False,8,6,27,40.13734099061922,138.0,0.192,0.232,0.2135
5717,952,../environments/random.12.csv,dist_only_social_success,4,-1,1,1,0,1,1,1,4075238685,3602806192,599,False,10,9,37,62.970562748477136,167.0,0.2003338898163606,0.2303839732888147,0.21160267111853087
5718,953,../environments/random.12.csv,dist_only_social_success,4,-1,1,1,0,1,1,1,4075238685,3437971635,100,False,2,0,5,54.71693880957776,26.0,0.18,0.27,0.225
5719,953,../environments/random.12.csv,dist_only_social_success,4,-1,1,1,0,1,1,1,4075238685,3437971635,200,False,6,1,15,32.249485172350965,54.0,0.18,0.275,0.24625
5720,953,../environments/random.12.csv,dist_only_social_success,4,-1,1,1,0,1,1,1,4075238685,3437971635,300,False,7,2,19,60.82596326723874,81.0,0.17333333333333334,0.27666666666666667,0.23916666666666667
5721,953,../environments/random.12.csv,dist_only_social_success,4,-1,1,1,0,1,1,1,4075238685,3437971635,400,False,9,3,24,47.001893703273936,110.0,0.1775,0.2775,0.24
5722,953,../environments/random.12.csv,dist_only_social_success,4,-1,1,1,0,1,1,1,4075238685,3437971635,500,False,12,5,31,73.51262023509918,138.0,0.196,0.256,0.234
5723,953,../environments/random.12.csv,dist_only_social_success,4,-1,1,1,0,1,1,1,4075238685,3437971635,599,False,16,6,40,25.036131920015983,165.0,0.1986644407345576,0.2570951585976628,0.2345575959933222
5724,954,../environments/random.12.csv,dist_only_social_success,4,-1,1,1,0,1,1,1,4075238685,4010425793,100,False,3,1,8,46.11420270652174,28.0,0.14,0.24,0.1925
5725,954,../environments/random.12.csv,dist_only_social_success,4,-1,1,1,0,1,1,1,4075238685,4010425793,200,False,5,2,15,49.13015932102881,55.0,0.16,0.285,0.2275
5726,954,../environments/random.12.csv,dist_only_social_success,4,-1,1,1,0,1,1,1,4075238685,4010425793,300,False,8,4,21,53.4621809349091,84.0,0.15666666666666668,0.2733333333333333,0.22083333333333333
5727,954,../environments/random.12.csv,dist_only_social_success,4,-1,1,1,0,1,1,1,4075238685,4010425793,400,False,10,5,29,69.23709570245515,112.0,0.2025,0.26,0.2275
5728,954,../environments/random.12.csv,dist_only_social_success,4,-1,1,1,0,1,1,1,4075238685,4010425793,500,False,12,6,35,57.10872562132734,137.0,0.204,0.258,0.2325
5729,954,../environments/random.12.csv,dist_only_social_success,4,-1,1,1,0,1,1,1,4075238685,4010425793,599,False,13,7,41,78.26789842946829,166.0,0.19198664440734559,0.2621035058430718,0.23163606010016694
5730,955,../environments/random.12.csv,dist_only_social_success,4,-1,1,1,0,1,1,1,4075238685,2734561081,100,False,2,0,6,75.83917505615963,27.0,0.2,0.29,0.2425
5731,955,../environments/random.12.csv,dist_only_social_success,4,-1,1,1,0,1,1,1,4075238685,2734561081,200,False,5,1,12,40.0257017485586,52.0,0.21,0.285,0.25625
5732,955,../environments/random.12.csv,dist_only_social_success,4,-1,1,1,0,1,1,1,4075238685,2734561081,300,False,6,4,21,29.026816205768768,81.0,0.21666666666666667,0.2633333333333333,0.24333333333333335
5733,955,../environments/random.12.csv,dist_only_social_success,4,-1,1,1,0,1,1,1,4075238685,2734561081,400,False,8,5,28,48.92981740351782,109.0,0.2125,0.2525,0.23
5734,955,../environments/random.12.csv,dist_only_social_success,4,-1,1,1,0,1,1,1,4075238685,2734561081,500,False,10,6,34,64.48151226023352,137.0,0.222,0.238,0.227
5735,955,../environments/random.12.csv,dist_only_social_success,4,-1,1,1,0,1,1,1,4075238685,2734561081,599,False,12,8,41,61.42686974273046,164.0,0.21535893155258765,0.2353923205342237,0.22454090150250416
5736,956,../environments/random.12.csv,dist_only_social_success,4,-1,1,1,0,1,1,1,4075238685,1253946826,100,False,2,0,5,18.32897378153354,25.0,0.14,0.35,0.2425
5737,956,../environments/random.12.csv,dist_only_social_success,4,-1,1,1,0,1,1,1,4075238685,1253946826,200,False,3,2,9,58.130372503543015,54.0,0.18,0.25,0.21875
5738,956,../environments/random.12.csv,dist_only_social_success,4,-1,1,1,0,1,1,1,4075238685,1253946826,300,False,5,4,17,38.097331899462574,80.0,0.20333333333333334,0.27,0.24333333333333335
5739,956,../environments/random.12.csv,dist_only_social_success,4,-1,1,1,0,1,1,1,4075238685,1253946826,400,False,6,5,22,50.2764682031276,106.0,0.205,0.26,0.2375
5740,956,../environments/random.12.csv,dist_only_social_success,4,-1,1,1,0,1,1,1,4075238685,1253946826,500,False,8,6,28,16.683040792709015,134.0,0.222,0.252,0.238
5741,956,../environments/random.12.csv,dist_only_social_success,4,-1,1,1,0,1,1,1,4075238685,1253946826,599,False,10,8,38,51.590370080880575,162.0,0.21202003338898165,0.2654424040066778,0.23121869782971619
5742,957,../environments/random.12.csv,dist_only_social_success,4,-1,1,1,0,1,1,1,4075238685,1347984585,100,False,2,0,4,55.348816054374836,27.0,0.22,0.28,0.245
5743,957,../environments/random.12.csv,dist_only_social_success,4,-1,1,1,0,1,1,1,4075238685,1347984585,200,False,4,0,11,44.582016608085716,54.0,0.18,0.29,0.24
5744,957,../environments/random.12.csv,dist_only_social_success,4,-1,1,1,0,1,1,1,4075238685,1347984585,300,False,7,0,17,45.42581914266954,80.0,0.16333333333333333,0.2866666666666667,0.2325
5745,957,../environments/random.12.csv,dist_only_social_success,4,-1,1,1,0,1,1,1,4075238685,1347984585,400,False,10,2,25,71.9637985507315,109.0,0.1775,0.26,0.225625
5746,957,../environments/random.12.csv,dist_only_social_success,4,-1,1,1,0,1,1,1,4075238685,1347984585,500,False,11,4,29,37.770717416616705,135.0,0.186,0.258,0.2335
5747,957,../environments/random.12.csv,dist_only_social_success,4,-1,1,1,0,1,1,1,4075238685,1347984585,599,False,13,5,38,65.40584822079794,164.0,0.19198664440734559,0.24874791318864775,0.22913188647746244
5748,958,../environments/random.12.csv,dist_only_social_success,4,-1,1,1,0,1,1,1,4075238685,884777651,100,False,3,1,9,37.49993985164295,24.0,0.22,0.3,0.255
5749,958,../environments/random.12.csv,dist_only_social_success,4,-1,1,1,0,1,1,1,4075238685,884777651,200,False,5,1,13,63.40518734938862,52.0,0.21,0.25,0.23375
5750,958,../environments/random.12.csv,dist_only_social_success,4,-1,1,1,0,1,1,1,4075238685,884777651,300,False,8,3,21,50.47795035541091,79.0,0.23,0.27666666666666667,0.25166666666666665
5751,958,../environments/random.12.csv,dist_only_social_success,4,-1,1,1,0,1,1,1,4075238685,884777651,400,False,11,5,27,41.56804555975161,107.0,0.2325,0.26,0.248125
5752,958,../environments/random.12.csv,dist_only_social_success,4,-1,1,1,0,1,1,1,4075238685,884777651,500,False,12,7,36,21.235870242132965,134.0,0.22,0.256,0.242
5753,958,../environments/random.12.csv,dist_only_social_success,4,-1,1,1,0,1,1,1,4075238685,884777651,599,False,14,8,42,48.8663851586514,160.0,0.2287145242070117,0.25208681135225375,0.24081803005008348
5754,959,../environments/random.12.csv,dist_only_social_success,4,-1,1,1,0,1,1,1,4075238685,2299003041,100,False,3,0,5,61.632762714887505,28.0,0.13,0.24,0.18
5755,959,../environments/random.12.csv,dist_only_social_success,4,-1,1,1,0,1,1,1,4075238685,2299003041,200,False,6,2,13,23.037629130066136,53.0,0.175,0.25,0.2175
5756,959,../environments/random.12.csv,dist_only_social_success,4,-1,1,1,0,1,1,1,4075238685,2299003041,300,False,7,4,20,37.57181313000535,80.0,0.17333333333333334,0.24333333333333335,0.2175
5757,959,../environments/random.12.csv,dist_only_social_success,4,-1,1,1,0,1,1,1,4075238685,2299003041,400,False,9,5,26,49.619637382033616,111.0,0.175,0.2325,0.216875
5758,959,../environments/random.12.csv,dist_only_social_success,4,-1,1,1,0,1,1,1,4075238685,2299003041,500,False,12,6,32,50.55804831001041,137.0,0.174,0.232,0.217
5759,959,../environments/random.12.csv,dist_only_social_success,4,-1,1,1,0,1,1,1,4075238685,2299003041,599,False,16,7,39,79.32518369281499,166.0,0.17529215358931552,0.2287145242070117,0.2132721202003339
5760,960,../environments/random.12.csv,dist_only_social_success,4,-1,1,1,0,1,1,1,1315049272,3334515826,100,False,3,1,7,52.73632679135269,27.0,0.13,0.35,0.23
5761,960,../environments/random.12.csv,dist_only_social_success,4,-1,1,1,0,1,1,1,1315049272,3334515826,200,False,5,3,15,49.71435978160961,53.0,0.18,0.345,0.26
5762,960,../environments/random.12.csv,dist_only_social_success,4,-1,1,1,0,1,1,1,1315049272,3334515826,300,False,8,5,24,25.618420401562958,80.0,0.19,0.32,0.2525
5763,960,../environments/random.12.csv,dist_only_social_success,4,-1,1,1,0,1,1,1,1315049272,3334515826,400,False,9,7,31,36.644394938110665,107.0,0.19,0.3,0.244375
5764,960,../environments/random.12.csv,dist_only_social_success,4,-1,1,1,0,1,1,1,1315049272,3334515826,500,False,10,7,35,68.28648406055738,132.0,0.19,0.294,0.242
5765,960,../environments/random.12.csv,dist_only_social_success,4,-1,1,1,0,1,1,1,1315049272,3334515826,599,False,12,9,42,28.096145981738623,159.0,0.21202003338898165,0.27545909849749584,0.24332220367278798
5766,961,../environments/random.12.csv,dist_only_social_success,4,-1,1,1,0,1,1,1,1315049272,262994761,100,False,4,1,8,53.8686040116134,26.0,0.15,0.31,0.22
5767,961,../environments/random.12.csv,dist_only_social_success,4,-1,1,1,0,1,1,1,1315049272,262994761,200,False,9,1,20,68.05470781293181,57.0,0.165,0.24,0.20375
5768,961,../environments/random.12.csv,dist_only_social_success,4,-1,1,1,0,1,1,1,1315049272,262994761,300,False,12,2,28,11.738768882709856,80.0,0.15666666666666668,0.26666666666666666,0.225
5769,961,../environments/random.12.csv,dist_only_social_success,4,-1,1,1,0,1,1,1,1315049272,262994761,400,False,14,4,32,57.95594343150421,107.0,0.175,0.2425,0.214375
5770,961,../environments/random.12.csv,dist_only_social_success,4,-1,1,1,0,1,1,1,1315049272,262994761,500,False,15,4,40,45.832734014164956,135.0,0.194,0.236,0.216
5771,961,../environments/random.12.csv,dist_only_social_success,4,-1,1,1,0,1,1,1,1315049272,262994761,599,False,17,4,46,15.785844453984339,163.0,0.1986644407345576,0.2337228714524207,0.21702838063439064
5772,962,../environments/random.12.csv,dist_only_social_success,4,-1,1,1,0,1,1,1,1315049272,3602806192,100,False,3,1,7,42.873943205090576,26.0,0.2,0.39,0.26
5773,962,../environments/random.12.csv,dist_only_social_success,4,-1,1,1,0,1,1,1,1315049272,3602806192,200,False,5,2,12,25.082074561122383,52.0,0.195,0.35,0.2575
5774,962,../environments/random.12.csv,dist_only_social_success,4,-1,1,1,0,1,1,1,1315049272,3602806192,300,False,8,2,16,63.34665252034169,81.0,0.19333333333333333,0.33,0.25166666666666665
5775,962,../environments/random.12.csv,dist_only_social_success,4,-1,1,1,0,1,1,1,1315049272,3602806192,400,False,12,3,26,68.22100944184503,110.0,0.2025,0.2975,0.24125
5776,962,../environments/random.12.csv,dist_only_social_success,4,-1,1,1,0,1,1,1,1315049272,3602806192,500,False,14,5,32,51.42668106629668,136.0,0.206,0.288,0.241
5777,962,../environments/random.12.csv,dist_only_social_success,4,-1,1,1,0,1,1,1,1315049272,3602806192,599,False,16,6,36,61.33714942581166,163.0,0.21202003338898165,0.2687813021702838,0.23580968280467446
5778,963,../environments/random.12.csv,dist_only_social_success,4,-1,1,1,0,1,1,1,1315049272,3437971635,100,False,6,0,11,26.47181295288096,26.0,0.16,0.32,0.2475
5779,963,../environments/random.12.csv,dist_only_social_success,4,-1,1,1,0,1,1,1,1315049272,3437971635,200,False,8,1,16,60.89143653134106,56.0,0.18,0.29,0.22125
5780,963,../environments/random.12.csv,dist_only_social_success,4,-1,1,1,0,1,1,1,1315049272,3437971635,300,False,9,3,22,30.003992403808642,82.0,0.18666666666666668,0.2833333333333333,0.23166666666666666
5781,963,../environments/random.12.csv,dist_only_social_success,4,-1,1,1,0,1,1,1,1315049272,3437971635,400,False,11,5,30,27.301748785095917,106.0,0.18,0.3025,0.233125
5782,963,../environments/random.12.csv,dist_only_social_success,4,-1,1,1,0,1,1,1,1315049272,3437971635,500,False,12,5,35,62.10410716562528,135.0,0.188,0.276,0.23
5783,963,../environments/random.12.csv,dist_only_social_success,4,-1,1,1,0,1,1,1,1315049272,3437971635,599,False,13,6,40,34.800681381649,162.0,0.19699499165275458,0.2621035058430718,0.22913188647746244
5784,964,../environments/random.12.csv,dist_only_social_success,4,-1,1,1,0,1,1,1,1315049272,4010425793,100,False,2,1,7,50.20619739834778,24.0,0.2,0.29,0.2575
5785,964,../environments/random.12.csv,dist_only_social_success,4,-1,1,1,0,1,1,1,1315049272,4010425793,200,False,5,3,16,40.601600465962456,53.0,0.195,0.29,0.2475
5786,964,../environments/random.12.csv,dist_only_social_success,4,-1,1,1,0,1,1,1,1315049272,4010425793,300,False,6,4,21,61.377734377992255,81.0,0.19333333333333333,0.2633333333333333,0.23666666666666666
5787,964,../environments/random.12.csv,dist_only_social_success,4,-1,1,1,0,1,1,1,1315049272,4010425793,400,False,11,5,31,66.04607428856878,109.0,0.1925,0.28,0.240625
5788,964,../environments/random.12.csv,dist_only_social_success,4,-1,1,1,0,1,1,1,1315049272,4010425793,500,False,12,6,36,47.30673109894577,136.0,0.184,0.274,0.2345
5789,964,../environments/random.12.csv,dist_only_social_success,4,-1,1,1,0,1,1,1,1315049272,4010425793,599,False,13,7,43,68.38243301562699,166.0,0.19198664440734559,0.2637729549248748,0.23163606010016694
5790,965,../environments/random.12.csv,dist_only_social_success,4,-1,1,1,0,1,1,1,1315049272,2734561081,100,False,1,0,2,49.67896932582056,26.0,0.17,0.32,0.255
5791,965,../environments/random.12.csv,dist_only_social_success,4,-1,1,1,0,1,1,1,1315049272,2734561081,200,False,4,1,10,46.662827363426594,54.0,0.18,0.26,0.23875
5792,965,../environments/random.12.csv,dist_only_social_success,4,-1,1,1,0,1,1,1,1315049272,2734561081,300,False,7,3,19,67.70115828321094,82.0,0.22333333333333333,0.25666666666666665,0.2375
5793,965,../environments/random.12.csv,dist_only_social_success,4,-1,1,1,0,1,1,1,1315049272,2734561081,400,False,9,3,24,76.87804425179095,109.0,0.22,0.25,0.2325
5794,965,../environments/random.12.csv,dist_only_social_success,4,-1,1,1,0,1,1,1,1315049272,2734561081,500,False,10,5,30,42.68261053819914,135.0,0.216,0.244,0.233
5795,965,../environments/random.12.csv,dist_only_social_success,4,-1,1,1,0,1,1,1,1315049272,2734561081,599,False,11,8,38,18.15532775194854,162.0,0.22370617696160267,0.2370617696160267,0.2295492487479132
5796,966,../environments/random.12.csv,dist_only_social_success,4,-1,1,1,0,1,1,1,1315049272,1253946826,100,False,3,0,5,77.32367212133545,27.0,0.17,0.3,0.225
5797,966,../environments/random.12.csv,dist_only_social_success,4,-1,1,1,0,1,1,1,1315049272,1253946826,200,False,6,0,14,57.338929172202,55.0,0.18,0.29,0.245
5798,966,../environments/random.12.csv,dist_only_social_success,4,-1,1,1,0,1,1,1,1315049272,1253946826,300,False,8,2,19,47.25714950830955,81.0,0.19,0.29,0.24166666666666667
5799,966,../environments/random.12.csv,dist_only_social_success,4,-1,1,1,0,1,1,1,1315049272,1253946826,400,False,10,3,27,53.22138150394342,109.0,0.1875,0.2875,0.23125
5800,966,../environments/random.12.csv,dist_only_social_success,4,-1,1,1,0,1,1,1,1315049272,1253946826,500,False,10,6,34,54.02506075728964,135.0,0.212,0.292,0.239
5801,966,../environments/random.12.csv,dist_only_social_success,4,-1,1,1,0,1,1,1,1315049272,1253946826,599,False,13,8,41,87.28779496347755,164.0,0.2036727879799666,0.27712854757929883,0.23205342237061768
5802,967,../environments/random.12.csv,dist_only_social_success,4,-1,1,1,0,1,1,1,1315049272,1347984585,100,False,3,1,9,28.52113675100191,23.0,0.22,0.42,0.3125
5803,967,../environments/random.12.csv,dist_only_social_success,4,-1,1,1,0,1,1,1,1315049272,1347984585,200,False,7,3,18,38.61164995657664,52.0,0.19,0.3,0.25125
5804,967,../environments/random.12.csv,dist_only_social_success,4,-1,1,1,0,1,1,1,1315049272,1347984585,300,False,10,4,24,26.767209233443776,81.0,0.19666666666666666,0.27666666666666667,0.2375
5805,967,../environments/random.12.csv,dist_only_social_success,4,-1,1,1,0,1,1,1,1315049272,1347984585,400,False,13,5,30,58.50649162879412,108.0,0.21,0.28,0.245625
5806,967,../environments/random.12.csv,dist_only_social_success,4,-1,1,1,0,1,1,1,1315049272,1347984585,500,False,16,6,40,38.97425857823616,133.0,0.242,0.286,0.2545
5807,967,../environments/random.12.csv,dist_only_social_success,4,-1,1,1,0,1,1,1,1315049272,1347984585,599,False,16,9,48,56.024664560009256,163.0,0.2303839732888147,0.28046744574290483,0.24373956594323873
5808,968,../environments/random.12.csv,dist_only_social_success,4,-1,1,1,0,1,1,1,1315049272,884777651,100,False,2,0,6,42.80667259827904,26.0,0.19,0.29,0.23
5809,968,../environments/random.12.csv,dist_only_social_success,4,-1,1,1,0,1,1,1,1315049272,884777651,200,False,4,1,12,70.44590641737447,55.0,0.18,0.31,0.22125
5810,968,../environments/random.12.csv,dist_only_social_success,4,-1,1,1,0,1,1,1,1315049272,884777651,300,False,6,1,19,57.762971913310835,83.0,0.19666666666666666,0.26666666666666666,0.21833333333333332
5811,968,../environments/random.12.csv,dist_only_social_success,4,-1,1,1,0,1,1,1,1315049272,884777651,400,False,10,2,27,39.11999930026194,112.0,0.195,0.235,0.215
5812,968,../environments/random.12.csv,dist_only_social_success,4,-1,1,1,0,1,1,1,1315049272,884777651,500,False,13,2,33,67.7677852799662,140.0,0.194,0.226,0.2095
5813,968,../environments/random.12.csv,dist_only_social_success,4,-1,1,1,0,1,1,1,1315049272,884777651,599,False,16,3,40,42.06017336168356,164.0,0.19532554257095158,0.25375626043405675,0.22245409015025042
5814,969,../environments/random.12.csv,dist_only_social_success,4,-1,1,1,0,1,1,1,1315049272,2299003041,100,False,3,1,6,44.62281911710902,26.0,0.22,0.33,0.275
5815,969,../environments/random.12.csv,dist_only_social_success,4,-1,1,1,0,1,1,1,1315049272,2299003041,200,False,5,1,14,67.98489590189024,54.0,0.21,0.29,0.24
5816,969,../environments/random.12.csv,dist_only_social_success,4,-1,1,1,0,1,1,1,1315049272,2299003041,300,False,6,3,21,41.297762111663374,80.0,0.22666666666666666,0.26666666666666666,0.2425
5817,969,../environments/random.12.csv,dist_only_social_success,4,-1,1,1,0,1,1,1,1315049272,2299003041,400,False,9,3,25,74.93017396307474,108.0,0.225,0.26,0.239375
5818,969,../environments/random.12.csv,dist_only_social_success,4,-1,1,1,0,1,1,1,1315049272,2299003041,500,False,11,4,31,37.52682168663141,134.0,0.228,0.276,0.253
5819,969,../environments/random.12.csv,dist_only_social_success,4,-1,1,1,0,1,1,1,1315049272,2299003041,599,False,11,6,37,61.88921384088668,160.0,0.21702838063439064,0.2704507512520868,0.24624373956594323
5820,970,../environments/random.12.csv,dist_only_social_success,4,-1,1,1,0,1,1,1,664961228,3334515826,100,False,2,1,6,64.88907804263981,27.0,0.17,0.32,0.2175
5821,970,../environments/random.12.csv,dist_only_social_success,4,-1,1,1,0,1,1,1,664961228,3334515826,200,False,4,3,13,48.34097461092892,55.0,0.22,0.29,0.2425
5822,970,../environments/random.12.csv,dist_only_social_success,4,-1,1,1,0,1,1,1,664961228,3334515826,300,False,6,3,18,57.35850198678487,83.0,0.19666666666666666,0.26666666666666666,0.23333333333333334
5823,970,../environments/random.12.csv,dist_only_social_success,4,-1,1,1,0,1,1,1,664961228,3334515826,400,False,8,5,26,39.247717423115766,109.0,0.21,0.2875,0.246875
5824,970,../environments/random.12.csv,dist_only_social_success,4,-1,1,1,0,1,1,1,664961228,3334515826,500,False,10,6,31,51.341437005621614,135.0,0.224,0.298,0.2515
5825,970,../environments/random.12.csv,dist_only_social_success,4,-1,1,1,0,1,1,1,664961228,3334515826,599,False,13,8,41,65.84977349110116,163.0,0.21368948247078465,0.27545909849749584,0.2395659432387312
5826,971,../environments/random.12.csv,dist_only_social_success,4,-1,1,1,0,1,1,1,664961228,262994761,100,False,2,2,8,50.44257316249741,28.0,0.16,0.24,0.22
5827,971,../environments/random.12.csv,dist_only_social_success,4,-1,1,1,0,1,1,1,664961228,262994761,200,False,7,2,16,68.96153905657624,54.0,0.17,0.25,0.22125
5828,971,../environments/random.12.csv,dist_only_social_success,4,-1,1,1,0,1,1,1,664961228,262994761,300,False,9,2,21,29.512265896972114,85.0,0.16,0.23,0.2075
5829,971,../environments/random.12.csv,dist_only_social_success,4,-1,1,1,0,1,1,1,664961228,262994761,400,False,13,2,26,48.334538151134936,111.0,0.17,0.2075,0.1975
5830,971,../environments/random.12.csv,dist_only_social_success,4,-1,1,1,0,1,1,1,664961228,262994761,500,False,15,3,31,38.07402053518576,139.0,0.188,0.232,0.208
5831,971,../environments/random.12.csv,dist_only_social_success,4,-1,1,1,0,1,1,1,664961228,262994761,599,False,17,4,35,33.22502355909323,163.0,0.19532554257095158,0.2353923205342237,0.21035058430717862
5832,972,../environments/random.12.csv,dist_only_social_success,4,-1,1,1,0,1,1,1,664961228,3602806192,100,False,3,1,9,69.77964973374586,25.0,0.18,0.28,0.2325
5833,972,../environments/random.12.csv,dist_only_social_success,4,-1,1,1,0,1,1,1,664961228,3602806192,200,False,5,3,16,62.37919756846393,51.0,0.185,0.305,0.24125
5834,972,../environments/random.12.csv,dist_only_social_success,4,-1,1,1,0,1,1,1,664961228,3602806192,300,False,6,3,20,40.478714253529894,81.0,0.19,0.26666666666666666,0.23583333333333334
5835,972,../environments/random.12.csv,dist_only_social_success,4,-1,1,1,0,1,1,1,664961228,3602806192,400,False,9,5,28,49.86898207774658,108.0,0.205,0.2625,0.231875
5836,972,../environments/random.12.csv,dist_only_social_success,4,-1,1,1,0,1,1,1,664961228,3602806192,500,False,10,6,35,46.20637451769825,138.0,0.198,0.252,0.227
5837,972,../environments/random.12.csv,dist_only_social_success,4,-1,1,1,0,1,1,1,664961228,3602806192,599,False,14,7,43,38.59902831562192,164.0,0.2003338898163606,0.24874791318864775,0.22370617696160267
5838,973,../environments/random.12.csv,dist_only_social_success,4,-1,1,1,0,1,1,1,664961228,3437971635,100,False,3,2,9,70.88987631007546,27.0,0.18,0.26,0.2225
5839,973,../environments/random.12.csv,dist_only_social_success,4,-1,1,1,0,1,1,1,664961228,3437971635,200,False,6,3,15,53.020421704905274,54.0,0.19,0.235,0.215
5840,973,../environments/random.12.csv,dist_only_social_success,4,-1,1,1,0,1,1,1,664961228,3437971635,300,False,9,4,22,39.503030106903736,80.0,0.19666666666666666,0.24,0.22166666666666668
5841,973,../environments/random.12.csv,dist_only_social_success,4,-1,1,1,0,1,1,1,664961228,3437971635,400,False,13,5,31,50.25382401274075,110.0,0.205,0.23,0.215625
5842,973,../environments/random.12.csv,dist_only_social_success,4,-1,1,1,0,1,1,1,664961228,3437971635,500,False,15,8,40,75.76539962668136,135.0,0.212,0.234,0.224
5843,973,../environments/random.12.csv,dist_only_social_success,4,-1,1,1,0,1,1,1,664961228,3437971635,599,False,18,10,51,22.41438478796192,162.0,0.21869782971619364,0.24040066777963273,0.22746243739565944
5844,974,../environments/random.12.csv,dist_only_social_success,4,-1,1,1,0,1,1,1,664961228,4010425793,100,False,3,1,7,63.6542956791077,26.0,0.15,0.35,0.24
5845,974,../environments/random.12.csv,dist_only_social_success,4,-1,1,1,0,1,1,1,664961228,4010425793,200,False,6,2,17,30.406826207668846,53.0,0.19,0.265,0.23
5846,974,../environments/random.12.csv,dist_only_social_success,4,-1,1,1,0,1,1,1,664961228,4010425793,300,False,8,5,25,55.42245946084491,82.0,0.2,0.24666666666666667,0.22083333333333333
5847,974,../environments/random.12.csv,dist_only_social_success,4,-1,1,1,0,1,1,1,664961228,4010425793,400,False,10,5,28,44.43312182546585,110.0,0.2,0.2375,0.219375
5848,974,../environments/random.12.csv,dist_only_social_success,4,-1,1,1,0,1,1,1,664961228,4010425793,500,False,12,7,35,49.45682936423278,138.0,0.208,0.254,0.227
5849,974,../environments/random.12.csv,dist_only_social_success,4,-1,1,1,0,1,1,1,664961228,4010425793,599,False,15,9,46,63.196161512181924,163.0,0.21202003338898165,0.24540901502504173,0.22913188647746244
5850,975,../environments/random.12.csv,dist_only_social_success,4,-1,1,1,0,1,1,1,664961228,2734561081,100,False,3,1,8,77.78174593052023,26.0,0.2,0.35,0.255
5851,975,../environments/random.12.csv,dist_only_social_success,4,-1,1,1,0,1,1,1,664961228,2734561081,200,False,5,1,14,82.88718559359825,55.0,0.18,0.3,0.22625
5852,975,../environments/random.12.csv,dist_only_social_success,4,-1,1,1,0,1,1,1,664961228,2734561081,300,False,6,1,18,27.08478483504519,82.0,0.17666666666666667,0.27,0.23416666666666666
5853,975,../environments/random.12.csv,dist_only_social_success,4,-1,1,1,0,1,1,1,664961228,2734561081,400,False,9,3,27,39.67052201753039,107.0,0.1925,0.2525,0.231875
5854,975,../environments/random.12.csv,dist_only_social_success,4,-1,1,1,0,1,1,1,664961228,2734561081,500,False,12,5,34,72.89091311656932,134.0,0.196,0.262,0.235
5855,975,../environments/random.12.csv,dist_only_social_success,4,-1,1,1,0,1,1,1,664961228,2734561081,599,False,14,7,44,67.43306604005295,159.0,0.2003338898163606,0.28046744574290483,0.24373956594323873
5856,976,../environments/random.12.csv,dist_only_social_success,4,-1,1,1,0,1,1,1,664961228,1253946826,100,False,5,0,9,65.13915110225396,27.0,0.2,0.26,0.2275
5857,976,../environments/random.12.csv,dist_only_social_success,4,-1,1,1,0,1,1,1,664961228,1253946826,200,False,6,2,17,67.78210240968241,53.0,0.215,0.295,0.23625
5858,976,../environments/random.12.csv,dist_only_social_success,4,-1,1,1,0,1,1,1,664961228,1253946826,300,False,9,3,26,55.14425654680246,82.0,0.18666666666666668,0.30666666666666664,0.23583333333333334
5859,976,../environments/random.12.csv,dist_only_social_success,4,-1,1,1,0,1,1,1,664961228,1253946826,400,False,11,3,31,60.282782203418435,109.0,0.1775,0.2825,0.228125
5860,976,../environments/random.12.csv,dist_only_social_success,4,-1,1,1,0,1,1,1,664961228,1253946826,500,False,14,3,36,57.46760075793465,138.0,0.208,0.276,0.2315
5861,976,../environments/random.12.csv,dist_only_social_success,4,-1,1,1,0,1,1,1,664961228,1253946826,599,False,16,4,41,35.30133657308379,166.0,0.19365609348914858,0.2654424040066778,0.22537562604340566
5862,977,../environments/random.12.csv,dist_only_social_success,4,-1,1,1,0,1,1,1,664961228,1347984585,100,False,2,1,6,70.3552183868398,25.0,0.15,0.37,0.2575
5863,977,../environments/random.12.csv,dist_only_social_success,4,-1,1,1,0,1,1,1,664961228,1347984585,200,False,6,1,14,45.12419419921836,54.0,0.15,0.31,0.24
5864,977,../environments/random.12.csv,dist_only_social_success,4,-1,1,1,0,1,1,1,664961228,1347984585,300,False,8,3,20,52.90189895474978,82.0,0.20666666666666667,0.26,0.24
5865,977,../environments/random.12.csv,dist_only_social_success,4,-1,1,1,0,1,1,1,664961228,1347984585,400,False,9,6,29,48.419866826682856,110.0,0.2075,0.26,0.2375
5866,977,../environments/random.12.csv,dist_only_social_success,4,-1,1,1,0,1,1,1,664961228,1347984585,500,False,10,8,36,41.43616168979928,136.0,0.21,0.256,0.2325
5867,977,../environments/random.12.csv,dist_only_social_success,4,-1,1,1,0,1,1,1,664961228,1347984585,599,False,13,9,44,23.699596848159135,165.0,0.21202003338898165,0.24874791318864775,0.2328881469115192
5868,978,../environments/random.12.csv,dist_only_social_success,4,-1,1,1,0,1,1,1,664961228,884777651,100,False,2,2,8,57.8239413820866,26.0,0.17,0.24,0.2125
5869,978,../environments/random.12.csv,dist_only_social_success,4,-1,1,1,0,1,1,1,664961228,884777651,200,False,5,3,15,49.84951608446978,55.0,0.18,0.235,0.2175
5870,978,../environments/random.12.csv,dist_only_social_success,4,-1,1,1,0,1,1,1,664961228,884777651,300,False,9,3,21,28.5417182170695,81.0,0.19666666666666666,0.29333333333333333,0.23916666666666667
5871,978,../environments/random.12.csv,dist_only_social_success,4,-1,1,1,0,1,1,1,664961228,884777651,400,False,12,4,29,40.44053321659379,109.0,0.1825,0.2675,0.22
5872,978,../environments/random.12.csv,dist_only_social_success,4,-1,1,1,0,1,1,1,664961228,884777651,500,False,14,5,37,35.25230371012901,136.0,0.182,0.25,0.219
5873,978,../environments/random.12.csv,dist_only_social_success,4,-1,1,1,0,1,1,1,664961228,884777651,599,False,17,6,45,29.175380028085588,162.0,0.19198664440734559,0.24874791318864775,0.2278797996661102
5874,979,../environments/random.12.csv,dist_only_social_success,4,-1,1,1,0,1,1,1,664961228,2299003041,100,False,4,1,8,67.54823811670697,25.0,0.14,0.3,0.23
5875,979,../environments/random.12.csv,dist_only_social_success,4,-1,1,1,0,1,1,1,664961228,2299003041,200,False,5,1,12,55.29560093486778,53.0,0.165,0.28,0.22375
5876,979,../environments/random.12.csv,dist_only_social_success,4,-1,1,1,0,1,1,1,664961228,2299003041,300,False,6,2,18,65.43646314115392,80.0,0.20666666666666667,0.26666666666666666,0.235
5877,979,../environments/random.12.csv,dist_only_social_success,4,-1,1,1,0,1,1,1,664961228,2299003041,400,False,8,3,25,43.9453983258408,108.0,0.205,0.2575,0.234375
5878,979,../environments/random.12.csv,dist_only_social_success,4,-1,1,1,0,1,1,1,664961228,2299003041,500,False,11,5,33,73.22504646449994,136.0,0.21,0.248,0.2315
5879,979,../environments/random.12.csv,dist_only_social_success,4,-1,1,1,0,1,1,1,664961228,2299003041,599,False,13,7,42,48.923959288669685,162.0,0.2303839732888147,0.24874791318864775,0.2395659432387312
5880,980,../environments/random.12.csv,dist_only_social_success,4,-1,1,1,0,1,1,1,1177807013,3334515826,100,False,3,2,10,33.53830718012236,27.0,0.19,0.24,0.21
5881,980,../environments/random.12.csv,dist_only_social_success,4,-1,1,1,0,1,1,1,1177807013,3334515826,200,False,4,3,15,51.647545144895126,55.0,0.18,0.25,0.21875
5882,980,../environments/random.12.csv,dist_only_social_success,4,-1,1,1,0,1,1,1,1177807013,3334515826,300,False,8,5,23,30.798796848936064,82.0,0.16666666666666666,0.26,0.21083333333333334
5883,980,../environments/random.12.csv,dist_only_social_success,4,-1,1,1,0,1,1,1,1177807013,3334515826,400,False,9,7,30,31.673430504143106,109.0,0.2,0.24,0.215625
5884,980,../environments/random.12.csv,dist_only_social_success,4,-1,1,1,0,1,1,1,1177807013,3334515826,500,False,12,7,37,49.04920888728295,137.0,0.2,0.236,0.214
5885,980,../environments/random.12.csv,dist_only_social_success,4,-1,1,1,0,1,1,1,1177807013,3334515826,599,False,15,8,44,61.96637173150438,166.0,0.2003338898163606,0.2303839732888147,0.2141068447412354
5886,981,../environments/random.12.csv,dist_only_social_success,4,-1,1,1,0,1,1,1,1177807013,262994761,100,False,3,1,7,69.85136402165038,26.0,0.2,0.26,0.2325
5887,981,../environments/random.12.csv,dist_only_social_success,4,-1,1,1,0,1,1,1,1177807013,262994761,200,False,6,2,14,62.93270177621104,52.0,0.205,0.27,0.23875
5888,981,../environments/random.12.csv,dist_only_social_success,4,-1,1,1,0,1,1,1,1177807013,262994761,300,False,8,4,22,53.4323772437377,82.0,0.19666666666666666,0.24666666666666667,0.2175
5889,981,../environments/random.12.csv,dist_only_social_success,4,-1,1,1,0,1,1,1,1177807013,262994761,400,False,8,5,25,59.35275897998389,109.0,0.195,0.2325,0.21875
5890,981,../environments/random.12.csv,dist_only_social_success,4,-1,1,1,0,1,1,1,1177807013,262994761,500,False,10,6,33,38.288761061560095,137.0,0.204,0.232,0.2155
5891,981,../environments/random.12.csv,dist_only_social_success,4,-1,1,1,0,1,1,1,1177807013,262994761,599,False,13,7,37,38.84460515400963,161.0,0.2036727879799666,0.2337228714524207,0.2182804674457429
5892,982,../environments/random.12.csv,dist_only_social_success,4,-1,1,1,0,1,1,1,1177807013,3602806192,100,False,4,1,8,70.39878606280931,27.0,0.2,0.29,0.2375
5893,982,../environments/random.12.csv,dist_only_social_success,4,-1,1,1,0,1,1,1,1177807013,3602806192,200,False,5,2,14,57.87950986917387,55.0,0.195,0.25,0.225
5894,982,../environments/random.12.csv,dist_only_social_success,4,-1,1,1,0,1,1,1,1177807013,3602806192,300,False,9,4,23,31.631799062620185,84.0,0.19666666666666666,0.25,0.22166666666666668
5895,982,../environments/random.12.csv,dist_only_social_success,4,-1,1,1,0,1,1,1,1177807013,3602806192,400,False,10,4,27,54.58045834857157,113.0,0.205,0.2325,0.2225
5896,982,../environments/random.12.csv,dist_only_social_success,4,-1,1,1,0,1,1,1,1177807013,3602806192,500,False,12,5,35,56.09818145760738,139.0,0.214,0.246,0.2265
5897,982,../environments/random.12.csv,dist_only_social_success,4,-1,1,1,0,1,1,1,1177807013,3602806192,599,False,14,6,42,58.499007316160544,167.0,0.21702838063439064,0.2370617696160267,0.2278797996661102
5898,983,../environments/random.12.csv,dist_only_social_success,4,-1,1,1,0,1,1,1,1177807013,3437971635,100,False,3,1,7,81.41772262196376,28.0,0.16,0.24,0.1975
5899,983,../environments/random.12.csv,dist_only_social_success,4,-1,1,1,0,1,1,1,1177807013,3437971635,200,False,6,1,14,43.40994278038547,55.0,0.185,0.275,0.2175
5900,983,../environments/random.12.csv,dist_only_social_success,4,-1,1,1,0,1,1,1,1177807013,3437971635,300,False,7,3,21,67.7823739105314,83.0,0.19666666666666666,0.26666666666666666,0.2225
5901,983,../environments/random.12.csv,dist_only_social_success,4,-1,1,1,0,1,1,1,1177807013,3437971635,400,False,10,3,30,52.00392854262792,111.0,0.1875,0.2375,0.22
5902,983,../environments/random.12.csv,dist_only_social_success,4,-1,1,1,0,1,1,1,1177807013,3437971635,500,False,12,5,34,83.14067365505034,139.0,0.202,0.246,0.223
5903,983,../environments/random.12.csv,dist_only_social_success,4,-1,1,1,0,1,1,1,1177807013,3437971635,599,False,15,7,40,58.30317238410108,167.0,0.20868113522537562,0.24874791318864775,0.2270450751252087
5904,984,../environments/random.12.csv,dist_only_social_success,4,-1,1,1,0,1,1,1,1177807013,4010425793,100,False,3,1,7,36.30846899953387,23.0,0.18,0.37,0.2925
5905,984,../environments/random.12.csv,dist_only_social_success,4,-1,1,1,0,1,1,1,1177807013,4010425793,200,False,4,1,10,25.33557614009919,50.0,0.205,0.25,0.23625
5906,984,../environments/random.12.csv,dist_only_social_success,4,-1,1,1,0,1,1,1,1177807013,4010425793,300,False,7,2,16,64.05636315808835,80.0,0.23,0.23666666666666666,0.23333333333333334
5907,984,../environments/random.12.csv,dist_only_social_success,4,-1,1,1,0,1,1,1,1177807013,4010425793,400,False,7,2,22,24.953208711671294,106.0,0.2275,0.24,0.233125
5908,984,../environments/random.12.csv,dist_only_social_success,4,-1,1,1,0,1,1,1,1177807013,4010425793,500,False,10,6,32,51.75935917356635,135.0,0.226,0.23,0.2285
5909,984,../environments/random.12.csv,dist_only_social_success,4,-1,1,1,0,1,1,1,1177807013,4010425793,599,False,12,6,39,36.11045236934384,158.0,0.2287145242070117,0.2587646076794658,0.24123539232053423
5910,985,../environments/random.12.csv,dist_only_social_success,4,-1,1,1,0,1,1,1,1177807013,2734561081,100,False,5,0,10,44.03433568054856,27.0,0.21,0.33,0.25
5911,985,../environments/random.12.csv,dist_only_social_success,4,-1,1,1,0,1,1,1,1177807013,2734561081,200,False,7,1,17,58.46924997693194,54.0,0.225,0.28,0.2525
5912,985,../environments/random.12.csv,dist_only_social_success,4,-1,1,1,0,1,1,1,1177807013,2734561081,300,False,8,4,23,52.941099723937924,79.0,0.23333333333333334,0.27,0.24833333333333332
5913,985,../environments/random.12.csv,dist_only_social_success,4,-1,1,1,0,1,1,1,1177807013,2734561081,400,False,11,5,32,37.7220382698756,107.0,0.2325,0.2575,0.2475
5914,985,../environments/random.12.csv,dist_only_social_success,4,-1,1,1,0,1,1,1,1177807013,2734561081,500,False,12,5,35,63.611512168101214,135.0,0.218,0.26,0.243
5915,985,../environments/random.12.csv,dist_only_social_success,4,-1,1,1,0,1,1,1,1177807013,2734561081,599,False,16,8,46,49.11843137791642,165.0,0.21202003338898165,0.24707846410684475,0.23330550918196996
5916,986,../environments/random.12.csv,dist_only_social_success,4,-1,1,1,0,1,1,1,1177807013,1253946826,100,False,2,1,6,35.60735600281596,26.0,0.16,0.25,0.1975
5917,986,../environments/random.12.csv,dist_only_social_success,4,-1,1,1,0,1,1,1,1177807013,1253946826,200,False,6,1,14,42.199065243387956,55.0,0.17,0.245,0.19875
5918,986,../environments/random.12.csv,dist_only_social_success,4,-1,1,1,0,1,1,1,1177807013,1253946826,300,False,8,2,19,79.23041253105889,85.0,0.15666666666666668,0.23666666666666666,0.19416666666666665
5919,986,../environments/random.12.csv,dist_only_social_success,4,-1,1,1,0,1,1,1,1177807013,1253946826,400,False,10,4,25,55.49278435682937,112.0,0.1825,0.25,0.205625
5920,986,../environments/random.12.csv,dist_only_social_success,4,-1,1,1,0,1,1,1,1177807013,1253946826,500,False,13,5,32,18.66327593272365,140.0,0.182,0.238,0.2115
5921,986,../environments/random.12.csv,dist_only_social_success,4,-1,1,1,0,1,1,1,1177807013,1253946826,599,False,16,5,39,41.47342779967985,166.0,0.18196994991652754,0.2303839732888147,0.2124373956594324
5922,987,../environments/random.12.csv,dist_only_social_success,4,-1,1,1,0,1,1,1,1177807013,1347984585,100,False,3,1,9,45.06691972930429,27.0,0.21,0.26,0.2325
5923,987,../environments/random.12.csv,dist_only_social_success,4,-1,1,1,0,1,1,1,1177807013,1347984585,200,False,5,1,11,61.122301019178565,56.0,0.18,0.235,0.2075
5924,987,../environments/random.12.csv,dist_only_social_success,4,-1,1,1,0,1,1,1,1177807013,1347984585,300,False,7,3,18,39.611208920900225,85.0,0.19333333333333333,0.23333333333333334,0.21
5925,987,../environments/random.12.csv,dist_only_social_success,4,-1,1,1,0,1,1,1,1177807013,1347984585,400,False,9,5,27,55.06006872097726,113.0,0.19,0.23,0.208125
5926,987,../environments/random.12.csv,dist_only_social_success,4,-1,1,1,0,1,1,1,1177807013,1347984585,500,False,11,7,35,55.5096347458629,139.0,0.204,0.234,0.2145
5927,987,../environments/random.12.csv,dist_only_social_success,4,-1,1,1,0,1,1,1,1177807013,1347984585,599,False,13,7,41,55.30908073519001,168.0,0.1986644407345576,0.22537562604340566,0.21285475792988315
5928,988,../environments/random.12.csv,dist_only_social_success,4,-1,1,1,0,1,1,1,1177807013,884777651,100,False,3,0,7,55.64096993075508,27.0,0.16,0.25,0.2025
5929,988,../environments/random.12.csv,dist_only_social_success,4,-1,1,1,0,1,1,1,1177807013,884777651,200,False,5,2,14,51.371023662633405,57.0,0.18,0.24,0.20875
5930,988,../environments/random.12.csv,dist_only_social_success,4,-1,1,1,0,1,1,1,1177807013,884777651,300,False,6,4,20,9.536631057245561,83.0,0.19,0.23333333333333334,0.22
5931,988,../environments/random.12.csv,dist_only_social_success,4,-1,1,1,0,1,1,1,1177807013,884777651,400,False,8,6,27,59.30837266729779,109.0,0.21,0.23,0.220625
5932,988,../environments/random.12.csv,dist_only_social_success,4,-1,1,1,0,1,1,1,1177807013,884777651,500,False,11,6,33,69.43903773081219,136.0,0.214,0.242,0.2255
5933,988,../environments/random.12.csv,dist_only_social_success,4,-1,1,1,0,1,1,1,1177807013,884777651,599,False,12,8,40,76.10128016443578,162.0,0.21035058430717862,0.2604340567612688,0.2278797996661102
5934,989,../environments/random.12.csv,dist_only_social_success,4,-1,1,1,0,1,1,1,1177807013,2299003041,100,False,3,1,8,40.74245013159047,26.0,0.22,0.3,0.255
5935,989,../environments/random.12.csv,dist_only_social_success,4,-1,1,1,0,1,1,1,1177807013,2299003041,200,False,6,4,20,35.14992507078108,53.0,0.195,0.275,0.2425
5936,989,../environments/random.12.csv,dist_only_social_success,4,-1,1,1,0,1,1,1,1177807013,2299003041,300,False,8,6,27,40.60827303245388,81.0,0.19666666666666666,0.27,0.24166666666666667
5937,989,../environments/random.12.csv,dist_only_social_success,4,-1,1,1,0,1,1,1,1177807013,2299003041,400,False,9,7,32,61.248639181350825,109.0,0.205,0.26,0.24
5938,989,../environments/random.12.csv,dist_only_social_success,4,-1,1,1,0,1,1,1,1177807013,2299003041,500,False,10,9,39,70.74567847455208,136.0,0.206,0.262,0.238
5939,989,../environments/random.12.csv,dist_only_social_success,4,-1,1,1,0,1,1,1,1177807013,2299003041,599,False,13,10,46,65.7844492838548,165.0,0.21202003338898165,0.24874791318864775,0.2395659432387312
5940,990,../environments/random.12.csv,dist_only_social_success,4,-1,1,1,0,1,1,1,2622444117,3334515826,100,False,3,1,7,38.14038800469734,26.0,0.14,0.23,0.2025
5941,990,../environments/random.12.csv,dist_only_social_success,4,-1,1,1,0,1,1,1,2622444117,3334515826,200,False,4,1,8,77.06096597134669,53.0,0.19,0.23,0.21
5942,990,../environments/random.12.csv,dist_only_social_success,4,-1,1,1,0,1,1,1,2622444117,3334515826,300,False,6,2,13,33.334647744488066,82.0,0.19666666666666666,0.23333333333333334,0.21583333333333332
5943,990,../environments/random.12.csv,dist_only_social_success,4,-1,1,1,0,1,1,1,2622444117,3334515826,400,False,7,4,21,65.59360826313333,108.0,0.205,0.2425,0.226875
5944,990,../environments/random.12.csv,dist_only_social_success,4,-1,1,1,0,1,1,1,2622444117,3334515826,500,False,8,6,27,36.18536337391621,136.0,0.216,0.232,0.2275
5945,990,../environments/random.12.csv,dist_only_social_success,4,-1,1,1,0,1,1,1,2622444117,3334515826,599,False,11,7,37,56.05985025167913,164.0,0.21202003338898165,0.2353923205342237,0.2270450751252087
5946,991,../environments/random.12.csv,dist_only_social_success,4,-1,1,1,0,1,1,1,2622444117,262994761,100,False,2,1,6,70.05807999217035,28.0,0.15,0.23,0.1925
5947,991,../environments/random.12.csv,dist_only_social_success,4,-1,1,1,0,1,1,1,2622444117,262994761,200,False,5,1,12,82.78689218394499,57.0,0.17,0.225,0.20375
5948,991,../environments/random.12.csv,dist_only_social_success,4,-1,1,1,0,1,1,1,2622444117,262994761,300,False,8,3,21,41.986628758795035,83.0,0.18666666666666668,0.24,0.21916666666666668
5949,991,../environments/random.12.csv,dist_only_social_success,4,-1,1,1,0,1,1,1,2622444117,262994761,400,False,8,5,27,61.963253827347415,111.0,0.1825,0.2525,0.220625
5950,991,../environments/random.12.csv,dist_only_social_success,4,-1,1,1,0,1,1,1,2622444117,262994761,500,False,12,7,36,56.68233315336991,139.0,0.21,0.254,0.2255
5951,991,../environments/random.12.csv,dist_only_social_success,4,-1,1,1,0,1,1,1,2622444117,262994761,599,False,14,7,43,45.49784941058839,165.0,0.21035058430717862,0.27212020033388984,0.2345575959933222
5952,992,../environments/random.12.csv,dist_only_social_success,4,-1,1,1,0,1,1,1,2622444117,3602806192,100,False,2,1,7,74.5437467560405,27.0,0.18,0.25,0.215
5953,992,../environments/random.12.csv,dist_only_social_success,4,-1,1,1,0,1,1,1,2622444117,3602806192,200,False,5,1,14,49.868070097305804,54.0,0.21,0.29,0.245
5954,992,../environments/random.12.csv,dist_only_social_success,4,-1,1,1,0,1,1,1,2622444117,3602806192,300,False,7,3,24,58.78562939744673,82.0,0.23333333333333334,0.25,0.23916666666666667
5955,992,../environments/random.12.csv,dist_only_social_success,4,-1,1,1,0,1,1,1,2622444117,3602806192,400,False,11,5,31,24.763368408365245,108.0,0.22,0.2725,0.248125
5956,992,../environments/random.12.csv,dist_only_social_success,4,-1,1,1,0,1,1,1,2622444117,3602806192,500,False,11,5,35,65.65201937261727,137.0,0.222,0.274,0.244
5957,992,../environments/random.12.csv,dist_only_social_success,4,-1,1,1,0,1,1,1,2622444117,3602806192,599,False,14,5,41,81.79019142995189,164.0,0.22203672787979967,0.2654424040066778,0.24332220367278798
5958,993,../environments/random.12.csv,dist_only_social_success,4,-1,1,1,0,1,1,1,2622444117,3437971635,100,False,3,2,10,54.33100921020477,27.0,0.14,0.21,0.18
5959,993,../environments/random.12.csv,dist_only_social_success,4,-1,1,1,0,1,1,1,2622444117,3437971635,200,False,5,3,18,52.900506632279225,55.0,0.18,0.235,0.1975
5960,993,../environments/random.12.csv,dist_only_social_success,4,-1,1,1,0,1,1,1,2622444117,3437971635,300,False,7,6,25,13.935664825658925,79.0,0.17666666666666667,0.30666666666666664,0.23416666666666666
5961,993,../environments/random.12.csv,dist_only_social_success,4,-1,1,1,0,1,1,1,2622444117,3437971635,400,False,12,7,35,42.78053123853445,109.0,0.175,0.2825,0.220625
5962,993,../environments/random.12.csv,dist_only_social_success,4,-1,1,1,0,1,1,1,2622444117,3437971635,500,False,12,9,40,44.97340587189672,136.0,0.182,0.28,0.221
5963,993,../environments/random.12.csv,dist_only_social_success,4,-1,1,1,0,1,1,1,2622444117,3437971635,599,False,13,10,45,56.67182750899203,164.0,0.17529215358931552,0.2654424040066778,0.21702838063439064
5964,994,../environments/random.12.csv,dist_only_social_success,4,-1,1,1,0,1,1,1,2622444117,4010425793,100,False,2,1,7,53.119275424654624,28.0,0.18,0.24,0.22
5965,994,../environments/random.12.csv,dist_only_social_success,4,-1,1,1,0,1,1,1,2622444117,4010425793,200,False,6,3,17,53.18795979233838,56.0,0.15,0.27,0.2125
5966,994,../environments/random.12.csv,dist_only_social_success,4,-1,1,1,0,1,1,1,2622444117,4010425793,300,False,7,5,23,24.564385023606043,82.0,0.17333333333333334,0.25333333333333335,0.21166666666666667
5967,994,../environments/random.12.csv,dist_only_social_success,4,-1,1,1,0,1,1,1,2622444117,4010425793,400,False,9,6,30,45.3961327179657,110.0,0.1875,0.2425,0.216875
5968,994,../environments/random.12.csv,dist_only_social_success,4,-1,1,1,0,1,1,1,2622444117,4010425793,500,False,12,8,38,70.96253062336973,138.0,0.184,0.232,0.2155
5969,994,../environments/random.12.csv,dist_only_social_success,4,-1,1,1,0,1,1,1,2622444117,4010425793,599,False,13,9,42,65.5030117444432,166.0,0.18030050083472454,0.2353923205342237,0.20993322203672787
5970,995,../environments/random.12.csv,dist_only_social_success,4,-1,1,1,0,1,1,1,2622444117,2734561081,100,False,6,0,10,59.79749520093095,27.0,0.2,0.25,0.2325
5971,995,../environments/random.12.csv,dist_only_social_success,4,-1,1,1,0,1,1,1,2622444117,2734561081,200,False,9,1,14,20.750222989126254,54.0,0.21,0.25,0.2275
5972,995,../environments/random.12.csv,dist_only_social_success,4,-1,1,1,0,1,1,1,2622444117,2734561081,300,False,10,2,18,74.51467793842241,83.0,0.20333333333333334,0.23333333333333334,0.21583333333333332
5973,995,../environments/random.12.csv,dist_only_social_success,4,-1,1,1,0,1,1,1,2622444117,2734561081,400,False,14,4,28,29.26817039169805,111.0,0.1925,0.2525,0.22375
5974,995,../environments/random.12.csv,dist_only_social_success,4,-1,1,1,0,1,1,1,2622444117,2734561081,500,False,16,5,36,48.91204575004935,140.0,0.188,0.254,0.2235
5975,995,../environments/random.12.csv,dist_only_social_success,4,-1,1,1,0,1,1,1,2622444117,2734561081,599,False,17,7,43,41.20672549404795,167.0,0.20701168614357263,0.24540901502504173,0.22454090150250416
5976,996,../environments/random.12.csv,dist_only_social_success,4,-1,1,1,0,1,1,1,2622444117,1253946826,100,False,3,1,9,46.22281382393051,27.0,0.14,0.25,0.205
5977,996,../environments/random.12.csv,dist_only_social_success,4,-1,1,1,0,1,1,1,2622444117,1253946826,200,False,4,1,12,17.605551275463988,54.0,0.21,0.24,0.2275
5978,996,../environments/random.12.csv,dist_only_social_success,4,-1,1,1,0,1,1,1,2622444117,1253946826,300,False,5,2,17,61.47879297087448,80.0,0.21,0.25,0.22666666666666666
5979,996,../environments/random.12.csv,dist_only_social_success,4,-1,1,1,0,1,1,1,2622444117,1253946826,400,False,9,2,23,56.36889974433693,109.0,0.205,0.2325,0.2225
5980,996,../environments/random.12.csv,dist_only_social_success,4,-1,1,1,0,1,1,1,2622444117,1253946826,500,False,11,4,31,52.11639940335664,134.0,0.212,0.254,0.2265
5981,996,../environments/random.12.csv,dist_only_social_success,4,-1,1,1,0,1,1,1,2622444117,1253946826,599,False,13,5,35,53.76917498910833,162.0,0.20868113522537562,0.25041736227045075,0.2262103505843072
5982,997,../environments/random.12.csv,dist_only_social_success,4,-1,1,1,0,1,1,1,2622444117,1347984585,100,False,3,2,10,50.28983851245386,27.0,0.19,0.3,0.2325
5983,997,../environments/random.12.csv,dist_only_social_success,4,-1,1,1,0,1,1,1,2622444117,1347984585,200,False,5,3,17,40.80644134609007,54.0,0.18,0.27,0.20625
5984,997,../environments/random.12.csv,dist_only_social_success,4,-1,1,1,0,1,1,1,2622444117,1347984585,300,False,7,4,20,44.81463570126996,81.0,0.18666666666666668,0.26666666666666666,0.21333333333333335
5985,997,../environments/random.12.csv,dist_only_social_success,4,-1,1,1,0,1,1,1,2622444117,1347984585,400,False,8,5,27,33.399080305359185,108.0,0.1775,0.26,0.21125
5986,997,../environments/random.12.csv,dist_only_social_success,4,-1,1,1,0,1,1,1,2622444117,1347984585,500,False,12,6,38,20.337043900937882,137.0,0.176,0.252,0.2085
5987,997,../environments/random.12.csv,dist_only_social_success,4,-1,1,1,0,1,1,1,2622444117,1347984585,599,False,13,10,45,76.59320263915885,166.0,0.17529215358931552,0.24707846410684475,0.21118530884808012
5988,998,../environments/random.12.csv,dist_only_social_success,4,-1,1,1,0,1,1,1,2622444117,884777651,100,False,2,1,6,37.08467421971716,28.0,0.17,0.22,0.1875
5989,998,../environments/random.12.csv,dist_only_social_success,4,-1,1,1,0,1,1,1,2622444117,884777651,200,False,4,1,11,54.51827815227165,56.0,0.16,0.235,0.20375
5990,998,../environments/random.12.csv,dist_only_social_success,4,-1,1,1,0,1,1,1,2622444117,884777651,300,False,6,2,19,58.11482845694764,85.0,0.19666666666666666,0.23333333333333334,0.20916666666666667
5991,998,../environments/random.12.csv,dist_only_social_success,4,-1,1,1,0,1,1,1,2622444117,884777651,400,False,8,3,24,52.78609145111619,110.0,0.2,0.2325,0.216875
5992,998,../environments/random.12.csv,dist_only_social_success,4,-1,1,1,0,1,1,1,2622444117,884777651,500,False,10,5,34,62.689319420960786,138.0,0.198,0.228,0.215
5993,998,../environments/random.12.csv,dist_only_social_success,4,-1,1,1,0,1,1,1,2622444117,884777651,599,False,12,6,38,36.69615707257573,161.0,0.20701168614357263,0.2287145242070117,0.22078464106844742
5994,999,../environments/random.12.csv,dist_only_social_success,4,-1,1,1,0,1,1,1,2622444117,2299003041,100,False,3,1,8,36.460183309575825,26.0,0.15,0.29,0.215
5995,999,../environments/random.12.csv,dist_only_social_success,4,-1,1,1,0,1,1,1,2622444117,2299003041,200,False,6,3,18,34.750133006942896,53.0,0.18,0.285,0.235
5996,999,../environments/random.12.csv,dist_only_social_success,4,-1,1,1,0,1,1,1,2622444117,2299003041,300,False,7,4,23,42.7992317603358,80.0,0.19666666666666666,0.2633333333333333,0.23583333333333334
5997,999,../environments/random.12.csv,dist_only_social_success,4,-1,1,1,0,1,1,1,2622444117,2299003041,400,False,9,6,31,46.043986658300426,107.0,0.205,0.2475,0.234375
5998,999,../environments/random.12.csv,dist_only_social_success,4,-1,1,1,0,1,1,1,2622444117,2299003041,500,False,10,9,38,44.124369744570835,134.0,0.222,0.254,0.2395
5999,999,../environments/random.12.csv,dist_only_social_success,4,-1,1,1,0,1,1,1,2622444117,2299003041,599,False,13,10,44,65.70213488930975,161.0,0.21535893155258765,0.25542570951585974,0.2337228714524207
6000,1000,../environments/smooth.17.csv,dist_only_social_any,4,-1,1,1,1,0,1,1,2271760180,3334515826,100,False,1,0,3,13.595241580617241,26.0,0.16,0.33,0.2475
6001,1000,../environments/smooth.17.csv,dist_only_social_any,4,-1,1,1,1,0,1,1,2271760180,3334515826,200,False,1,1,4,36.70293510049773,54.0,0.18,0.265,0.22875
6002,1000,../environments/smooth.17.csv,dist_only_social_any,4,-1,1,1,1,0,1,1,2271760180,3334515826,300,False,6,1,13,34.58887009268315,81.0,0.18666666666666668,0.24,0.22166666666666668
6003,1000,../environments/smooth.17.csv,dist_only_social_any,4,-1,1,1,1,0,1,1,2271760180,3334515826,400,False,7,1,20,24.550577372679363,106.0,0.195,0.26,0.2225
6004,1000,../environments/smooth.17.csv,dist_only_social_any,4,-1,1,1,1,0,1,1,2271760180,3334515826,500,False,10,3,30,51.578007765052135,135.0,0.188,0.242,0.214
6005,1000,../environments/smooth.17.csv,dist_only_social_any,4,-1,1,1,1,0,1,1,2271760180,3334515826,599,False,13,4,35,62.30616912607491,161.0,0.20534223706176963,0.24040066777963273,0.22245409015025042
6006,1001,../environments/smooth.17.csv,dist_only_social_any,4,-1,1,1,1,0,1,1,2271760180,262994761,100,False,5,0,10,16.321144652803227,26.0,0.23,0.34,0.265
6007,1001,../environments/smooth.17.csv,dist_only_social_any,4,-1,1,1,1,0,1,1,2271760180,262994761,200,False,6,2,19,25.98741997481298,53.0,0.205,0.28,0.23375
6008,1001,../environments/smooth.17.csv,dist_only_social_any,4,-1,1,1,1,0,1,1,2271760180,262994761,300,False,7,2,21,55.994475738100334,79.0,0.19,0.24666666666666667,0.21
6009,1001,../environments/smooth.17.csv,dist_only_social_any,4,-1,1,1,1,0,1,1,2271760180,262994761,400,False,10,3,31,63.23760110887066,108.0,0.18,0.2375,0.205
6010,1001,../environments/smooth.17.csv,dist_only_social_any,4,-1,1,1,1,0,1,1,2271760180,262994761,500,False,14,4,40,75.66810806649129,136.0,0.188,0.23,0.2055
6011,1001,../environments/smooth.17.csv,dist_only_social_any,4,-1,1,1,1,0,1,1,2271760180,262994761,599,False,16,4,42,46.155185608850246,161.0,0.19198664440734559,0.24207011686143573,0.21702838063439064
6012,1002,../environments/smooth.17.csv,dist_only_social_any,4,-1,1,1,1,0,1,1,2271760180,3602806192,100,False,2,0,5,64.8459713474939,24.0,0.22,0.4,0.3025
6013,1002,../environments/smooth.17.csv,dist_only_social_any,4,-1,1,1,1,0,1,1,2271760180,3602806192,200,False,3,1,7,52.235245953087244,51.0,0.23,0.345,0.29875
6014,1002,../environments/smooth.17.csv,dist_only_social_any,4,-1,1,1,1,0,1,1,2271760180,3602806192,300,False,5,2,16,57.573577326915384,74.0,0.2633333333333333,0.3233333333333333,0.2841666666666667
6015,1002,../environments/smooth.17.csv,dist_only_social_any,4,-1,1,1,1,0,1,1,2271760180,3602806192,400,False,8,3,23,26.26119330982823,99.0,0.255,0.2975,0.276875
6016,1002,../environments/smooth.17.csv,dist_only_social_any,4,-1,1,1,1,0,1,1,2271760180,3602806192,500,False,10,3,26,32.146520420228036,123.0,0.234,0.29,0.259
6017,1002,../environments/smooth.17.csv,dist_only_social_any,4,-1,1,1,1,0,1,1,2271760180,3602806192,599,False,13,4,36,18.46284073991415,147.0,0.22370617696160267,0.2938230383973289,0.25041736227045075
6018,1003,../environments/smooth.17.csv,dist_only_social_any,4,-1,1,1,1,0,1,1,2271760180,3437971635,100,False,2,1,5,44.48939962342378,26.0,0.22,0.33,0.28
6019,1003,../environments/smooth.17.csv,dist_only_social_any,4,-1,1,1,1,0,1,1,2271760180,3437971635,200,False,4,1,11,20.802124216294438,54.0,0.225,0.26,0.2425
6020,1003,../environments/smooth.17.csv,dist_only_social_any,4,-1,1,1,1,0,1,1,2271760180,3437971635,300,False,6,2,15,39.757150804280876,79.0,0.23,0.25,0.24083333333333334
6021,1003,../environments/smooth.17.csv,dist_only_social_any,4,-1,1,1,1,0,1,1,2271760180,3437971635,400,False,9,5,27,23.625118400082528,107.0,0.23,0.2375,0.2325
6022,1003,../environments/smooth.17.csv,dist_only_social_any,4,-1,1,1,1,0,1,1,2271760180,3437971635,500,False,12,7,36,17.34009275541994,133.0,0.212,0.248,0.23
6023,1003,../environments/smooth.17.csv,dist_only_social_any,4,-1,1,1,1,0,1,1,2271760180,3437971635,599,False,12,7,38,25.356808738774966,159.0,0.20701168614357263,0.2353923205342237,0.22287145242070117
6024,1004,../environments/smooth.17.csv,dist_only_social_any,4,-1,1,1,1,0,1,1,2271760180,4010425793,100,False,5,0,8,21.763415117343843,25.0,0.23,0.3,0.275
6025,1004,../environments/smooth.17.csv,dist_only_social_any,4,-1,1,1,1,0,1,1,2271760180,4010425793,200,False,10,3,21,33.50968299586092,53.0,0.235,0.275,0.24625
6026,1004,../environments/smooth.17.csv,dist_only_social_any,4,-1,1,1,1,0,1,1,2271760180,4010425793,300,False,11,5,28,74.02951341120522,81.0,0.21666666666666667,0.25,0.23583333333333334
6027,1004,../environments/smooth.17.csv,dist_only_social_any,4,-1,1,1,1,0,1,1,2271760180,4010425793,400,False,15,6,39,50.641147581996265,106.0,0.22,0.285,0.25
6028,1004,../environments/smooth.17.csv,dist_only_social_any,4,-1,1,1,1,0,1,1,2271760180,4010425793,500,False,17,7,45,27.090832649702563,130.0,0.226,0.264,0.2465
6029,1004,../environments/smooth.17.csv,dist_only_social_any,4,-1,1,1,1,0,1,1,2271760180,4010425793,599,False,17,10,52,29.9669508070099,154.0,0.2270450751252087,0.2604340567612688,0.24290484140233723
6030,1005,../environments/smooth.17.csv,dist_only_social_any,4,-1,1,1,1,0,1,1,2271760180,2734561081,100,False,2,0,4,23.97520579901702,25.0,0.24,0.34,0.2875
6031,1005,../environments/smooth.17.csv,dist_only_social_any,4,-1,1,1,1,0,1,1,2271760180,2734561081,200,False,4,2,13,51.29498713919482,52.0,0.24,0.285,0.265
6032,1005,../environments/smooth.17.csv,dist_only_social_any,4,-1,1,1,1,0,1,1,2271760180,2734561081,300,False,6,3,18,26.247199081797568,78.0,0.22666666666666666,0.27,0.24583333333333332
6033,1005,../environments/smooth.17.csv,dist_only_social_any,4,-1,1,1,1,0,1,1,2271760180,2734561081,400,False,8,3,24,20.758545018230862,103.0,0.2275,0.2675,0.243125
6034,1005,../environments/smooth.17.csv,dist_only_social_any,4,-1,1,1,1,0,1,1,2271760180,2734561081,500,False,11,6,31,34.84664927998166,131.0,0.218,0.266,0.2405
6035,1005,../environments/smooth.17.csv,dist_only_social_any,4,-1,1,1,1,0,1,1,2271760180,2734561081,599,False,14,8,44,34.96324340119251,155.0,0.21035058430717862,0.2570951585976628,0.23747913188647746
6036,1006,../environments/smooth.17.csv,dist_only_social_any,4,-1,1,1,1,0,1,1,2271760180,1253946826,100,False,4,1,10,59.35003719823134,24.0,0.29,0.35,0.315
6037,1006,../environments/smooth.17.csv,dist_only_social_any,4,-1,1,1,1,0,1,1,2271760180,1253946826,200,False,7,2,14,56.674155818653674,48.0,0.235,0.33,0.2725
6038,1006,../environments/smooth.17.csv,dist_only_social_any,4,-1,1,1,1,0,1,1,2271760180,1253946826,300,False,10,3,21,45.03130389794551,74.0,0.21,0.29333333333333333,0.25916666666666666
6039,1006,../environments/smooth.17.csv,dist_only_social_any,4,-1,1,1,1,0,1,1,2271760180,1253946826,400,False,11,4,26,16.520763132540637,99.0,0.2575,0.2925,0.26875
6040,1006,../environments/smooth.17.csv,dist_only_social_any,4,-1,1,1,1,0,1,1,2271760180,1253946826,500,False,12,6,35,42.15437736144659,126.0,0.262,0.276,0.2715
6041,1006,../environments/smooth.17.csv,dist_only_social_any,4,-1,1,1,1,0,1,1,2271760180,1253946826,599,False,12,7,39,44.49017450553626,148.0,0.24707846410684475,0.2938230383973289,0.2725375626043406
6042,1007,../environments/smooth.17.csv,dist_only_social_any,4,-1,1,1,1,0,1,1,2271760180,1347984585,100,False,2,0,4,33.17694762875913,24.0,0.24,0.43,0.3175
6043,1007,../environments/smooth.17.csv,dist_only_social_any,4,-1,1,1,1,0,1,1,2271760180,1347984585,200,False,5,1,10,29.06000740694697,52.0,0.23,0.34,0.28125
6044,1007,../environments/smooth.17.csv,dist_only_social_any,4,-1,1,1,1,0,1,1,2271760180,1347984585,300,False,7,2,16,30.784858805761843,76.0,0.21666666666666667,0.34,0.265
6045,1007,../environments/smooth.17.csv,dist_only_social_any,4,-1,1,1,1,0,1,1,2271760180,1347984585,400,False,7,2,19,17.605551275463988,101.0,0.2125,0.2975,0.246875
6046,1007,../environments/smooth.17.csv,dist_only_social_any,4,-1,1,1,1,0,1,1,2271760180,1347984585,500,False,10,4,28,43.09791759001888,124.0,0.228,0.274,0.242
6047,1007,../environments/smooth.17.csv,dist_only_social_any,4,-1,1,1,1,0,1,1,2271760180,1347984585,599,False,12,4,30,45.9009566333952,147.0,0.2303839732888147,0.2687813021702838,0.24207011686143573
6048,1008,../environments/smooth.17.csv,dist_only_social_any,4,-1,1,1,1,0,1,1,2271760180,884777651,100,False,3,0,5,55.98449500354839,25.0,0.24,0.35,0.2725
6049,1008,../environments/smooth.17.csv,dist_only_social_any,4,-1,1,1,1,0,1,1,2271760180,884777651,200,False,6,0,12,44.86224502594996,49.0,0.235,0.295,0.27875
6050,1008,../environments/smooth.17.csv,dist_only_social_any,4,-1,1,1,1,0,1,1,2271760180,884777651,300,False,9,2,24,30.14353472880122,75.0,0.24333333333333335,0.30666666666666664,0.2833333333333333
6051,1008,../environments/smooth.17.csv,dist_only_social_any,4,-1,1,1,1,0,1,1,2271760180,884777651,400,False,11,4,31,25.95714103609813,101.0,0.2525,0.27,0.26
6052,1008,../environments/smooth.17.csv,dist_only_social_any,4,-1,1,1,1,0,1,1,2271760180,884777651,500,False,12,5,35,30.74177524633668,127.0,0.236,0.258,0.2505
6053,1008,../environments/smooth.17.csv,dist_only_social_any,4,-1,1,1,1,0,1,1,2271760180,884777651,599,False,13,7,41,29.963414139948497,154.0,0.2303839732888147,0.25041736227045075,0.24207011686143573
6054,1009,../environments/smooth.17.csv,dist_only_social_any,4,-1,1,1,1,0,1,1,2271760180,2299003041,100,False,2,1,5,34.9162158207594,26.0,0.18,0.28,0.2375
6055,1009,../environments/smooth.17.csv,dist_only_social_any,4,-1,1,1,1,0,1,1,2271760180,2299003041,200,False,3,2,10,44.24955769341752,54.0,0.21,0.29,0.24375
6056,1009,../environments/smooth.17.csv,dist_only_social_any,4,-1,1,1,1,0,1,1,2271760180,2299003041,300,False,7,2,20,49.756989015057414,80.0,0.22666666666666666,0.2866666666666667,0.25416666666666665
6057,1009,../environments/smooth.17.csv,dist_only_social_any,4,-1,1,1,1,0,1,1,2271760180,2299003041,400,False,7,3,23,78.16496061118963,109.0,0.2125,0.2775,0.24125
6058,1009,../environments/smooth.17.csv,dist_only_social_any,4,-1,1,1,1,0,1,1,2271760180,2299003041,500,False,10,4,28,54.53569164443221,136.0,0.212,0.254,0.233
6059,1009,../environments/smooth.17.csv,dist_only_social_any,4,-1,1,1,1,0,1,1,2271760180,2299003041,599,False,11,7,36,58.686988483128594,161.0,0.22537562604340566,0.2570951585976628,0.2370617696160267
6060,1010,../environments/smooth.17.csv,dist_only_social_any,4,-1,1,1,1,0,1,1,2515763587,3334515826,100,False,4,1,7,54.405882034941776,24.0,0.14,0.24,0.1825
6061,1010,../environments/smooth.17.csv,dist_only_social_any,4,-1,1,1,1,0,1,1,2515763587,3334515826,200,False,6,2,16,45.263788369876785,48.0,0.16,0.255,0.21625
6062,1010,../environments/smooth.17.csv,dist_only_social_any,4,-1,1,1,1,0,1,1,2515763587,3334515826,300,False,6,3,20,28.903240845503877,74.0,0.16,0.25,0.2125
6063,1010,../environments/smooth.17.csv,dist_only_social_any,4,-1,1,1,1,0,1,1,2515763587,3334515826,400,False,10,3,28,17.369643225869105,100.0,0.2,0.23,0.215
6064,1010,../environments/smooth.17.csv,dist_only_social_any,4,-1,1,1,1,0,1,1,2515763587,3334515826,500,False,12,8,40,45.478859483913055,127.0,0.204,0.23,0.213
6065,1010,../environments/smooth.17.csv,dist_only_social_any,4,-1,1,1,1,0,1,1,2515763587,3334515826,599,False,15,11,52,54.153415505762055,153.0,0.1986644407345576,0.22537562604340566,0.20951585976627712
6066,1011,../environments/smooth.17.csv,dist_only_social_any,4,-1,1,1,1,0,1,1,2515763587,262994761,100,False,3,0,5,56.39144503760905,25.0,0.24,0.35,0.2725
6067,1011,../environments/smooth.17.csv,dist_only_social_any,4,-1,1,1,1,0,1,1,2515763587,262994761,200,False,3,1,9,19.481108167966386,49.0,0.22,0.355,0.27875
6068,1011,../environments/smooth.17.csv,dist_only_social_any,4,-1,1,1,1,0,1,1,2515763587,262994761,300,False,7,2,18,53.139233112865156,76.0,0.23333333333333334,0.32,0.26666666666666666
6069,1011,../environments/smooth.17.csv,dist_only_social_any,4,-1,1,1,1,0,1,1,2515763587,262994761,400,False,8,2,21,15.76782893563237,103.0,0.2325,0.3375,0.263125
6070,1011,../environments/smooth.17.csv,dist_only_social_any,4,-1,1,1,1,0,1,1,2515763587,262994761,500,False,11,3,29,9.89292222699217,125.0,0.22,0.31,0.248
6071,1011,../environments/smooth.17.csv,dist_only_social_any,4,-1,1,1,1,0,1,1,2515763587,262994761,599,False,14,6,40,32.0503231332719,146.0,0.21368948247078465,0.2854757929883139,0.2378964941569282
6072,1012,../environments/smooth.17.csv,dist_only_social_any,4,-1,1,1,1,0,1,1,2515763587,3602806192,100,False,3,1,7,36.54634677978066,26.0,0.18,0.31,0.2425
6073,1012,../environments/smooth.17.csv,dist_only_social_any,4,-1,1,1,1,0,1,1,2515763587,3602806192,200,False,3,2,10,23.34651446079949,54.0,0.19,0.25,0.2275
6074,1012,../environments/smooth.17.csv,dist_only_social_any,4,-1,1,1,1,0,1,1,2515763587,3602806192,300,False,4,3,15,46.487447782602636,80.0,0.17333333333333334,0.25666666666666665,0.225
6075,1012,../environments/smooth.17.csv,dist_only_social_any,4,-1,1,1,1,0,1,1,2515763587,3602806192,400,False,8,5,24,36.00207844060712,106.0,0.205,0.265,0.228125
6076,1012,../environments/smooth.17.csv,dist_only_social_any,4,-1,1,1,1,0,1,1,2515763587,3602806192,500,False,11,7,34,19.304887669508666,132.0,0.214,0.254,0.2315
6077,1012,../environments/smooth.17.csv,dist_only_social_any,4,-1,1,1,1,0,1,1,2515763587,3602806192,599,False,12,8,41,16.246537600251443,156.0,0.2003338898163606,0.2621035058430718,0.2287145242070117
6078,1013,../environments/smooth.17.csv,dist_only_social_any,4,-1,1,1,1,0,1,1,2515763587,3437971635,100,False,3,1,8,39.901689239237314,26.0,0.23,0.27,0.2525
6079,1013,../environments/smooth.17.csv,dist_only_social_any,4,-1,1,1,1,0,1,1,2515763587,3437971635,200,False,4,2,12,36.478840584669356,48.0,0.215,0.305,0.25
6080,1013,../environments/smooth.17.csv,dist_only_social_any,4,-1,1,1,1,0,1,1,2515763587,3437971635,300,False,6,3,19,30.626146573427157,74.0,0.21,0.30666666666666664,0.24916666666666668
6081,1013,../environments/smooth.17.csv,dist_only_social_any,4,-1,1,1,1,0,1,1,2515763587,3437971635,400,False,8,4,26,9.0,95.0,0.2125,0.275,0.23625
6082,1013,../environments/smooth.17.csv,dist_only_social_any,4,-1,1,1,1,0,1,1,2515763587,3437971635,500,False,11,6,33,20.03174475092653,116.0,0.208,0.29,0.2325
6083,1013,../environments/smooth.17.csv,dist_only_social_any,4,-1,1,1,1,0,1,1,2515763587,3437971635,599,False,11,6,35,32.91747944709037,142.0,0.20868113522537562,0.2704507512520868,0.22579298831385644
6084,1014,../environments/smooth.17.csv,dist_only_social_any,4,-1,1,1,1,0,1,1,2515763587,4010425793,100,False,3,1,8,58.0625863154908,24.0,0.16,0.35,0.2575
6085,1014,../environments/smooth.17.csv,dist_only_social_any,4,-1,1,1,1,0,1,1,2515763587,4010425793,200,False,5,3,15,44.852614753039504,53.0,0.23,0.285,0.24875
6086,1014,../environments/smooth.17.csv,dist_only_social_any,4,-1,1,1,1,0,1,1,2515763587,4010425793,300,False,8,3,21,42.94813266248331,78.0,0.23,0.26666666666666666,0.24583333333333332
6087,1014,../environments/smooth.17.csv,dist_only_social_any,4,-1,1,1,1,0,1,1,2515763587,4010425793,400,False,11,3,26,55.55032311912267,104.0,0.22,0.285,0.26125
6088,1014,../environments/smooth.17.csv,dist_only_social_any,4,-1,1,1,1,0,1,1,2515763587,4010425793,500,False,12,6,35,13.99070478491457,127.0,0.224,0.284,0.266
6089,1014,../environments/smooth.17.csv,dist_only_social_any,4,-1,1,1,1,0,1,1,2515763587,4010425793,599,False,12,6,41,46.84221848167554,152.0,0.21535893155258765,0.2671118530884808,0.253338898163606
6090,1015,../environments/smooth.17.csv,dist_only_social_any,4,-1,1,1,1,0,1,1,2515763587,2734561081,100,False,4,1,10,13.625118400082528,24.0,0.24,0.33,0.285
6091,1015,../environments/smooth.17.csv,dist_only_social_any,4,-1,1,1,1,0,1,1,2515763587,2734561081,200,False,4,1,13,42.14945525074495,48.0,0.2,0.25,0.23125
6092,1015,../environments/smooth.17.csv,dist_only_social_any,4,-1,1,1,1,0,1,1,2515763587,2734561081,300,False,6,5,21,32.54212284687839,73.0,0.22,0.29,0.26
6093,1015,../environments/smooth.17.csv,dist_only_social_any,4,-1,1,1,1,0,1,1,2515763587,2734561081,400,False,7,5,24,30.699222381405214,102.0,0.2225,0.28,0.249375
6094,1015,../environments/smooth.17.csv,dist_only_social_any,4,-1,1,1,1,0,1,1,2515763587,2734561081,500,False,11,5,29,52.42910244859607,126.0,0.218,0.252,0.2365
6095,1015,../environments/smooth.17.csv,dist_only_social_any,4,-1,1,1,1,0,1,1,2515763587,2734561081,599,False,12,6,31,40.54444241625583,149.0,0.22036727879799667,0.24707846410684475,0.23330550918196996
6096,1016,../environments/smooth.17.csv,dist_only_social_any,4,-1,1,1,1,0,1,1,2515763587,1253946826,100,False,3,1,8,44.42698225185454,26.0,0.17,0.28,0.2275
6097,1016,../environments/smooth.17.csv,dist_only_social_any,4,-1,1,1,1,0,1,1,2515763587,1253946826,200,False,7,4,21,39.63889913401566,53.0,0.2,0.225,0.21625
6098,1016,../environments/smooth.17.csv,dist_only_social_any,4,-1,1,1,1,0,1,1,2515763587,1253946826,300,False,8,4,25,14.520763132540633,79.0,0.19,0.22666666666666666,0.20666666666666667
6099,1016,../environments/smooth.17.csv,dist_only_social_any,4,-1,1,1,1,0,1,1,2515763587,1253946826,400,False,9,6,30,34.743504409004466,101.0,0.2,0.23,0.214375
6100,1016,../environments/smooth.17.csv,dist_only_social_any,4,-1,1,1,1,0,1,1,2515763587,1253946826,500,False,10,7,34,24.63465187785428,127.0,0.198,0.222,0.212
6101,1016,../environments/smooth.17.csv,dist_only_social_any,4,-1,1,1,1,0,1,1,2515763587,1253946826,599,False,10,7,37,58.62478685386458,154.0,0.2003338898163606,0.22370617696160267,0.2132721202003339
6102,1017,../environments/smooth.17.csv,dist_only_social_any,4,-1,1,1,1,0,1,1,2515763587,1347984585,100,False,2,0,5,27.652483307853373,25.0,0.17,0.35,0.2425
6103,1017,../environments/smooth.17.csv,dist_only_social_any,4,-1,1,1,1,0,1,1,2515763587,1347984585,200,False,8,2,18,28.935371441164058,52.0,0.16,0.29,0.22875
6104,1017,../environments/smooth.17.csv,dist_only_social_any,4,-1,1,1,1,0,1,1,2515763587,1347984585,300,False,13,4,28,9.899494936611667,79.0,0.16,0.2866666666666667,0.225
6105,1017,../environments/smooth.17.csv,dist_only_social_any,4,-1,1,1,1,0,1,1,2515763587,1347984585,400,False,14,4,32,41.887587087587356,104.0,0.1675,0.2575,0.218125
6106,1017,../environments/smooth.17.csv,dist_only_social_any,4,-1,1,1,1,0,1,1,2515763587,1347984585,500,False,16,5,38,41.858666324302334,128.0,0.196,0.258,0.2235
6107,1017,../environments/smooth.17.csv,dist_only_social_any,4,-1,1,1,1,0,1,1,2515763587,1347984585,599,False,19,5,47,29.294870414774433,156.0,0.19365609348914858,0.2604340567612688,0.2328881469115192
6108,1018,../environments/smooth.17.csv,dist_only_social_any,4,-1,1,1,1,0,1,1,2515763587,884777651,100,False,1,0,3,47.588882512843426,23.0,0.23,0.39,0.3
6109,1018,../environments/smooth.17.csv,dist_only_social_any,4,-1,1,1,1,0,1,1,2515763587,884777651,200,False,5,1,11,10.94427190999916,52.0,0.185,0.29,0.25875
6110,1018,../environments/smooth.17.csv,dist_only_social_any,4,-1,1,1,1,0,1,1,2515763587,884777651,300,False,8,4,22,12.039529675674169,76.0,0.22,0.2633333333333333,0.25083333333333335
6111,1018,../environments/smooth.17.csv,dist_only_social_any,4,-1,1,1,1,0,1,1,2515763587,884777651,400,False,9,5,30,30.589439066874185,97.0,0.205,0.25,0.235625
6112,1018,../environments/smooth.17.csv,dist_only_social_any,4,-1,1,1,1,0,1,1,2515763587,884777651,500,False,10,6,33,62.79547969175435,116.0,0.198,0.254,0.2295
6113,1018,../environments/smooth.17.csv,dist_only_social_any,4,-1,1,1,1,0,1,1,2515763587,884777651,599,False,11,7,36,41.64406796358507,138.0,0.21035058430717862,0.25375626043405675,0.23747913188647746
6114,1019,../environments/smooth.17.csv,dist_only_social_any,4,-1,1,1,1,0,1,1,2515763587,2299003041,100,False,5,2,14,17.861384090800865,25.0,0.23,0.42,0.28
6115,1019,../environments/smooth.17.csv,dist_only_social_any,4,-1,1,1,1,0,1,1,2515763587,2299003041,200,False,8,4,23,45.22168812749541,51.0,0.185,0.29,0.23125
6116,1019,../environments/smooth.17.csv,dist_only_social_any,4,-1,1,1,1,0,1,1,2515763587,2299003041,300,False,9,6,31,38.08116803427922,78.0,0.21333333333333335,0.26666666666666666,0.2375
6117,1019,../environments/smooth.17.csv,dist_only_social_any,4,-1,1,1,1,0,1,1,2515763587,2299003041,400,False,12,8,39,44.67516919851123,102.0,0.205,0.2475,0.22625
6118,1019,../environments/smooth.17.csv,dist_only_social_any,4,-1,1,1,1,0,1,1,2515763587,2299003041,500,False,12,9,44,16.47213595499958,122.0,0.194,0.232,0.218
6119,1019,../environments/smooth.17.csv,dist_only_social_any,4,-1,1,1,1,0,1,1,2515763587,2299003041,599,False,14,10,47,3.0,134.0,0.18530884808013356,0.2287145242070117,0.20742904841402338
6120,1020,../environments/smooth.17.csv,dist_only_social_any,4,-1,1,1,1,0,1,1,3622058494,3334515826,100,False,4,1,9,39.35281253226659,27.0,0.13,0.35,0.265
6121,1020,../environments/smooth.17.csv,dist_only_social_any,4,-1,1,1,1,0,1,1,3622058494,3334515826,200,False,5,2,14,37.0508361461664,50.0,0.17,0.28,0.23875
6122,1020,../environments/smooth.17.csv,dist_only_social_any,4,-1,1,1,1,0,1,1,3622058494,3334515826,300,False,9,4,25,56.83107884839438,77.0,0.17333333333333334,0.24666666666666667,0.225
6123,1020,../environments/smooth.17.csv,dist_only_social_any,4,-1,1,1,1,0,1,1,3622058494,3334515826,400,False,11,4,32,60.71072720407204,106.0,0.1825,0.23,0.216875
6124,1020,../environments/smooth.17.csv,dist_only_social_any,4,-1,1,1,1,0,1,1,3622058494,3334515826,500,False,13,5,37,43.6228810461351,132.0,0.188,0.236,0.2155
6125,1020,../environments/smooth.17.csv,dist_only_social_any,4,-1,1,1,1,0,1,1,3622058494,3334515826,599,False,14,6,43,39.73210353522097,157.0,0.20701168614357263,0.2270450751252087,0.2174457429048414
6126,1021,../environments/smooth.17.csv,dist_only_social_any,4,-1,1,1,1,0,1,1,3622058494,262994761,100,False,2,0,6,36.22831146953803,24.0,0.25,0.3,0.2725
6127,1021,../environments/smooth.17.csv,dist_only_social_any,4,-1,1,1,1,0,1,1,3622058494,262994761,200,False,6,2,17,47.13795061607139,53.0,0.23,0.305,0.25125
6128,1021,../environments/smooth.17.csv,dist_only_social_any,4,-1,1,1,1,0,1,1,3622058494,262994761,300,False,7,3,22,81.69332451630822,79.0,0.20666666666666667,0.27666666666666667,0.23666666666666666
6129,1021,../environments/smooth.17.csv,dist_only_social_any,4,-1,1,1,1,0,1,1,3622058494,262994761,400,False,9,7,33,33.47866561329729,107.0,0.2325,0.2475,0.239375
6130,1021,../environments/smooth.17.csv,dist_only_social_any,4,-1,1,1,1,0,1,1,3622058494,262994761,500,False,13,7,41,19.714025932047107,134.0,0.22,0.236,0.2295
6131,1021,../environments/smooth.17.csv,dist_only_social_any,4,-1,1,1,1,0,1,1,3622058494,262994761,599,False,14,9,48,10.0,150.0,0.21202003338898165,0.2287145242070117,0.21953255425709517
6132,1022,../environments/smooth.17.csv,dist_only_social_any,4,-1,1,1,1,0,1,1,3622058494,3602806192,100,False,2,1,5,49.16593452979202,24.0,0.21,0.35,0.29
6133,1022,../environments/smooth.17.csv,dist_only_social_any,4,-1,1,1,1,0,1,1,3622058494,3602806192,200,False,5,1,14,13.15298244508295,46.0,0.235,0.295,0.2575
6134,1022,../environments/smooth.17.csv,dist_only_social_any,4,-1,1,1,1,0,1,1,3622058494,3602806192,300,False,6,1,17,40.217508839436256,71.0,0.22333333333333333,0.25,0.23333333333333334
6135,1022,../environments/smooth.17.csv,dist_only_social_any,4,-1,1,1,1,0,1,1,3622058494,3602806192,400,False,8,1,23,72.86822084505039,99.0,0.2125,0.2575,0.233125
6136,1022,../environments/smooth.17.csv,dist_only_social_any,4,-1,1,1,1,0,1,1,3622058494,3602806192,500,False,11,2,33,39.55934590281511,125.0,0.218,0.266,0.24
6137,1022,../environments/smooth.17.csv,dist_only_social_any,4,-1,1,1,1,0,1,1,3622058494,3602806192,599,False,14,5,40,18.41640786499874,151.0,0.22203672787979967,0.2604340567612688,0.24332220367278798
6138,1023,../environments/smooth.17.csv,dist_only_social_any,4,-1,1,1,1,0,1,1,3622058494,3437971635,100,False,3,0,4,34.450641774995006,25.0,0.18,0.24,0.215
6139,1023,../environments/smooth.17.csv,dist_only_social_any,4,-1,1,1,1,0,1,1,3622058494,3437971635,200,False,3,0,7,29.855973326605913,49.0,0.21,0.29,0.24625
6140,1023,../environments/smooth.17.csv,dist_only_social_any,4,-1,1,1,1,0,1,1,3622058494,3437971635,300,False,5,1,12,27.00958355690494,75.0,0.23333333333333334,0.2966666666666667,0.26916666666666667
6141,1023,../environments/smooth.17.csv,dist_only_social_any,4,-1,1,1,1,0,1,1,3622058494,3437971635,400,False,7,2,18,38.22426673883888,102.0,0.2325,0.2775,0.2575
6142,1023,../environments/smooth.17.csv,dist_only_social_any,4,-1,1,1,1,0,1,1,3622058494,3437971635,500,False,8,4,26,32.70223290889979,127.0,0.238,0.278,0.253
6143,1023,../environments/smooth.17.csv,dist_only_social_any,4,-1,1,1,1,0,1,1,3622058494,3437971635,599,False,11,6,34,58.59188375526257,154.0,0.2287145242070117,0.28213689482470783,0.251669449081803
6144,1024,../environments/smooth.17.csv,dist_only_social_any,4,-1,1,1,1,0,1,1,3622058494,4010425793,100,False,3,1,8,33.564430450668326,24.0,0.24,0.31,0.275
6145,1024,../environments/smooth.17.csv,dist_only_social_any,4,-1,1,1,1,0,1,1,3622058494,4010425793,200,False,4,1,10,36.51403821837035,50.0,0.23,0.29,0.2575
6146,1024,../environments/smooth.17.csv,dist_only_social_any,4,-1,1,1,1,0,1,1,3622058494,4010425793,300,False,6,2,16,46.19407628628223,78.0,0.20333333333333334,0.2633333333333333,0.24166666666666667
6147,1024,../environments/smooth.17.csv,dist_only_social_any,4,-1,1,1,1,0,1,1,3622058494,4010425793,400,False,8,3,21,64.45607273228833,104.0,0.23,0.2675,0.255625
6148,1024,../environments/smooth.17.csv,dist_only_social_any,4,-1,1,1,1,0,1,1,3622058494,4010425793,500,False,10,3,27,23.20005801635743,130.0,0.244,0.274,0.2585
6149,1024,../environments/smooth.17.csv,dist_only_social_any,4,-1,1,1,1,0,1,1,3622058494,4010425793,599,False,11,6,37,54.017927784907585,159.0,0.2287145242070117,0.2604340567612688,0.24499165275459098
6150,1025,../environments/smooth.17.csv,dist_only_social_any,4,-1,1,1,1,0,1,1,3622058494,2734561081,100,False,3,0,7,50.93846380700316,25.0,0.24,0.29,0.2625
6151,1025,../environments/smooth.17.csv,dist_only_social_any,4,-1,1,1,1,0,1,1,3622058494,2734561081,200,False,5,3,16,38.442874016930496,52.0,0.235,0.305,0.26875
6152,1025,../environments/smooth.17.csv,dist_only_social_any,4,-1,1,1,1,0,1,1,3622058494,2734561081,300,False,9,5,25,21.217990560223427,77.0,0.23333333333333334,0.2966666666666667,0.25833333333333336
6153,1025,../environments/smooth.17.csv,dist_only_social_any,4,-1,1,1,1,0,1,1,3622058494,2734561081,400,False,10,5,30,28.124564866636536,103.0,0.2275,0.28,0.2525
6154,1025,../environments/smooth.17.csv,dist_only_social_any,4,-1,1,1,1,0,1,1,3622058494,2734561081,500,False,15,9,45,57.60850608345022,131.0,0.214,0.258,0.238
6155,1025,../environments/smooth.17.csv,dist_only_social_any,4,-1,1,1,1,0,1,1,3622058494,2734561081,599,False,17,10,50,18.717301412217974,158.0,0.21202003338898165,0.2654424040066778,0.2328881469115192
6156,1026,../environments/smooth.17.csv,dist_only_social_any,4,-1,1,1,1,0,1,1,3622058494,1253946826,100,False,5,0,9,55.763010289784255,27.0,0.22,0.35,0.2625
6157,1026,../environments/smooth.17.csv,dist_only_social_any,4,-1,1,1,1,0,1,1,3622058494,1253946826,200,False,8,2,20,35.94505467215007,52.0,0.225,0.29,0.26625
6158,1026,../environments/smooth.17.csv,dist_only_social_any,4,-1,1,1,1,0,1,1,3622058494,1253946826,300,False,8,3,24,29.15290398246649,77.0,0.22333333333333333,0.27,0.24833333333333332
6159,1026,../environments/smooth.17.csv,dist_only_social_any,4,-1,1,1,1,0,1,1,3622058494,1253946826,400,False,10,4,30,8.650281539872886,103.0,0.205,0.2825,0.238125
6160,1026,../environments/smooth.17.csv,dist_only_social_any,4,-1,1,1,1,0,1,1,3622058494,1253946826,500,False,11,4,35,50.180956721280246,124.0,0.208,0.274,0.232
6161,1026,../environments/smooth.17.csv,dist_only_social_any,4,-1,1,1,1,0,1,1,3622058494,1253946826,599,False,16,5,45,47.79792667101054,150.0,0.2020033388981636,0.2637729549248748,0.2295492487479132
6162,1027,../environments/smooth.17.csv,dist_only_social_any,4,-1,1,1,1,0,1,1,3622058494,1347984585,100,False,2,0,5,27.761131054417813,22.0,0.28,0.46,0.365
6163,1027,../environments/smooth.17.csv,dist_only_social_any,4,-1,1,1,1,0,1,1,3622058494,1347984585,200,False,3,1,8,30.46966475698153,47.0,0.23,0.385,0.29625
6164,1027,../environments/smooth.17.csv,dist_only_social_any,4,-1,1,1,1,0,1,1,3622058494,1347984585,300,False,5,3,16,21.48683298050514,74.0,0.23,0.33666666666666667,0.2725
6165,1027,../environments/smooth.17.csv,dist_only_social_any,4,-1,1,1,1,0,1,1,3622058494,1347984585,400,False,7,4,22,61.59447264492917,96.0,0.2025,0.3,0.24625
6166,1027,../environments/smooth.17.csv,dist_only_social_any,4,-1,1,1,1,0,1,1,3622058494,1347984585,500,False,9,6,31,53.95360178225097,120.0,0.228,0.296,0.2555
6167,1027,../environments/smooth.17.csv,dist_only_social_any,4,-1,1,1,1,0,1,1,3622058494,1347984585,599,False,11,6,36,33.66475354531422,145.0,0.21869782971619364,0.31886477462437396,0.2587646076794658
6168,1028,../environments/smooth.17.csv,dist_only_social_any,4,-1,1,1,1,0,1,1,3622058494,884777651,100,False,4,1,7,16.537319187990754,24.0,0.24,0.29,0.27
6169,1028,../environments/smooth.17.csv,dist_only_social_any,4,-1,1,1,1,0,1,1,3622058494,884777651,200,False,6,2,14,25.8030148285253,52.0,0.215,0.255,0.235
6170,1028,../environments/smooth.17.csv,dist_only_social_any,4,-1,1,1,1,0,1,1,3622058494,884777651,300,False,8,4,24,56.023959174917266,79.0,0.21666666666666667,0.23666666666666666,0.2275
6171,1028,../environments/smooth.17.csv,dist_only_social_any,4,-1,1,1,1,0,1,1,3622058494,884777651,400,False,9,6,30,62.29900654838964,106.0,0.215,0.2425,0.22875
6172,1028,../environments/smooth.17.csv,dist_only_social_any,4,-1,1,1,1,0,1,1,3622058494,884777651,500,False,13,8,41,56.701776869025295,132.0,0.22,0.254,0.238
6173,1028,../environments/smooth.17.csv,dist_only_social_any,4,-1,1,1,1,0,1,1,3622058494,884777651,599,False,13,10,46,80.3778491040978,158.0,0.2303839732888147,0.24874791318864775,0.23747913188647746
6174,1029,../environments/smooth.17.csv,dist_only_social_any,4,-1,1,1,1,0,1,1,3622058494,2299003041,100,False,3,0,7,32.31256715963959,25.0,0.2,0.34,0.2425
6175,1029,../environments/smooth.17.csv,dist_only_social_any,4,-1,1,1,1,0,1,1,3622058494,2299003041,200,False,4,0,8,41.53325309458991,51.0,0.225,0.29,0.24375
6176,1029,../environments/smooth.17.csv,dist_only_social_any,4,-1,1,1,1,0,1,1,3622058494,2299003041,300,False,5,1,10,46.851158541529315,75.0,0.24666666666666667,0.27,0.25916666666666666
6177,1029,../environments/smooth.17.csv,dist_only_social_any,4,-1,1,1,1,0,1,1,3622058494,2299003041,400,False,9,3,25,35.19544280638978,101.0,0.2575,0.2875,0.270625
6178,1029,../environments/smooth.17.csv,dist_only_social_any,4,-1,1,1,1,0,1,1,3622058494,2299003041,500,False,12,4,31,41.47684640528054,128.0,0.232,0.274,0.2575
6179,1029,../environments/smooth.17.csv,dist_only_social_any,4,-1,1,1,1,0,1,1,3622058494,2299003041,599,False,14,4,35,19.33095291210556,153.0,0.2270450751252087,0.27545909849749584,0.26001669449081805
6180,1030,../environments/smooth.17.csv,dist_only_social_any,4,-1,1,1,1,0,1,1,3859649351,3334515826,100,False,4,0,7,28.642645883972182,25.0,0.24,0.33,0.2725
6181,1030,../environments/smooth.17.csv,dist_only_social_any,4,-1,1,1,1,0,1,1,3859649351,3334515826,200,False,8,2,17,43.379065689411185,53.0,0.215,0.29,0.25
6182,1030,../environments/smooth.17.csv,dist_only_social_any,4,-1,1,1,1,0,1,1,3859649351,3334515826,300,False,9,4,25,22.688252656979387,71.0,0.19333333333333333,0.27,0.24083333333333334
6183,1030,../environments/smooth.17.csv,dist_only_social_any,4,-1,1,1,1,0,1,1,3859649351,3334515826,400,False,10,4,29,42.78321819989436,95.0,0.2025,0.265,0.235625
6184,1030,../environments/smooth.17.csv,dist_only_social_any,4,-1,1,1,1,0,1,1,3859649351,3334515826,500,False,11,6,33,35.66861797844858,121.0,0.212,0.266,0.235
6185,1030,../environments/smooth.17.csv,dist_only_social_any,4,-1,1,1,1,0,1,1,3859649351,3334515826,599,False,12,7,37,17.30056307974577,147.0,0.20868113522537562,0.2570951585976628,0.23580968280467446
6186,1031,../environments/smooth.17.csv,dist_only_social_any,4,-1,1,1,1,0,1,1,3859649351,262994761,100,False,3,1,8,22.431384499219423,27.0,0.21,0.25,0.2275
6187,1031,../environments/smooth.17.csv,dist_only_social_any,4,-1,1,1,1,0,1,1,3859649351,262994761,200,False,5,2,17,11.576491222541474,55.0,0.205,0.245,0.2225
6188,1031,../environments/smooth.17.csv,dist_only_social_any,4,-1,1,1,1,0,1,1,3859649351,262994761,300,False,7,3,20,20.387910653921345,80.0,0.20333333333333334,0.22666666666666666,0.21333333333333335
6189,1031,../environments/smooth.17.csv,dist_only_social_any,4,-1,1,1,1,0,1,1,3859649351,262994761,400,False,11,5,30,35.09594316407815,109.0,0.195,0.225,0.2075
6190,1031,../environments/smooth.17.csv,dist_only_social_any,4,-1,1,1,1,0,1,1,3859649351,262994761,500,False,13,6,40,36.97856986995895,133.0,0.198,0.206,0.2025
6191,1031,../environments/smooth.17.csv,dist_only_social_any,4,-1,1,1,1,0,1,1,3859649351,262994761,599,False,13,7,42,54.38788821705253,160.0,0.20701168614357263,0.21035058430717862,0.20909849749582637
6192,1032,../environments/smooth.17.csv,dist_only_social_any,4,-1,1,1,1,0,1,1,3859649351,3602806192,100,False,7,0,9,23.44362450511928,26.0,0.12,0.36,0.26
6193,1032,../environments/smooth.17.csv,dist_only_social_any,4,-1,1,1,1,0,1,1,3859649351,3602806192,200,False,7,1,14,50.06413521811346,49.0,0.18,0.315,0.26125
6194,1032,../environments/smooth.17.csv,dist_only_social_any,4,-1,1,1,1,0,1,1,3859649351,3602806192,300,False,8,4,22,39.591260281974,76.0,0.22333333333333333,0.29,0.25583333333333336
6195,1032,../environments/smooth.17.csv,dist_only_social_any,4,-1,1,1,1,0,1,1,3859649351,3602806192,400,False,9,4,23,44.181444068749045,103.0,0.2325,0.265,0.25125
6196,1032,../environments/smooth.17.csv,dist_only_social_any,4,-1,1,1,1,0,1,1,3859649351,3602806192,500,False,10,8,37,51.535397539946516,130.0,0.232,0.27,0.247
6197,1032,../environments/smooth.17.csv,dist_only_social_any,4,-1,1,1,1,0,1,1,3859649351,3602806192,599,False,14,12,50,66.15555988858719,154.0,0.2370617696160267,0.27712854757929883,0.2491652754590985
6198,1033,../environments/smooth.17.csv,dist_only_social_any,4,-1,1,1,1,0,1,1,3859649351,3437971635,100,False,3,0,6,24.04017985953637,25.0,0.24,0.33,0.3025
6199,1033,../environments/smooth.17.csv,dist_only_social_any,4,-1,1,1,1,0,1,1,3859649351,3437971635,200,False,4,0,10,31.374499883789287,49.0,0.215,0.3,0.25
6200,1033,../environments/smooth.17.csv,dist_only_social_any,4,-1,1,1,1,0,1,1,3859649351,3437971635,300,False,9,1,20,16.94427190999916,76.0,0.21666666666666667,0.2733333333333333,0.24916666666666668
6201,1033,../environments/smooth.17.csv,dist_only_social_any,4,-1,1,1,1,0,1,1,3859649351,3437971635,400,False,11,4,28,23.058093618215317,97.0,0.205,0.26,0.235625
6202,1033,../environments/smooth.17.csv,dist_only_social_any,4,-1,1,1,1,0,1,1,3859649351,3437971635,500,False,13,7,36,22.819532102431587,121.0,0.212,0.26,0.2455
6203,1033,../environments/smooth.17.csv,dist_only_social_any,4,-1,1,1,1,0,1,1,3859649351,3437971635,599,False,15,7,39,40.80825405009334,150.0,0.20868113522537562,0.25542570951585974,0.24040066777963273
6204,1034,../environments/smooth.17.csv,dist_only_social_any,4,-1,1,1,1,0,1,1,3859649351,4010425793,100,False,4,0,6,14.94427190999916,25.0,0.19,0.35,0.275
6205,1034,../environments/smooth.17.csv,dist_only_social_any,4,-1,1,1,1,0,1,1,3859649351,4010425793,200,False,6,1,16,69.6613700059643,52.0,0.17,0.28,0.235
6206,1034,../environments/smooth.17.csv,dist_only_social_any,4,-1,1,1,1,0,1,1,3859649351,4010425793,300,False,10,5,29,25.30441328389933,74.0,0.22333333333333333,0.2633333333333333,0.24
6207,1034,../environments/smooth.17.csv,dist_only_social_any,4,-1,1,1,1,0,1,1,3859649351,4010425793,400,False,10,6,32,40.648951275224505,97.0,0.2175,0.2425,0.22875
6208,1034,../environments/smooth.17.csv,dist_only_social_any,4,-1,1,1,1,0,1,1,3859649351,4010425793,500,False,12,7,37,18.41640786499874,120.0,0.224,0.236,0.2315
6209,1034,../environments/smooth.17.csv,dist_only_social_any,4,-1,1,1,1,0,1,1,3859649351,4010425793,599,False,14,8,42,29.48110816796639,144.0,0.21202003338898165,0.2337228714524207,0.22537562604340566
6210,1035,../environments/smooth.17.csv,dist_only_social_any,4,-1,1,1,1,0,1,1,3859649351,2734561081,100,False,2,0,5,34.51598852410413,24.0,0.23,0.38,0.3025
6211,1035,../environments/smooth.17.csv,dist_only_social_any,4,-1,1,1,1,0,1,1,3859649351,2734561081,200,False,4,0,9,31.965531129045647,52.0,0.23,0.325,0.26875
6212,1035,../environments/smooth.17.csv,dist_only_social_any,4,-1,1,1,1,0,1,1,3859649351,2734561081,300,False,5,2,14,42.2784170858333,76.0,0.19333333333333333,0.2966666666666667,0.2575
6213,1035,../environments/smooth.17.csv,dist_only_social_any,4,-1,1,1,1,0,1,1,3859649351,2734561081,400,False,6,3,20,29.065954343264856,102.0,0.2075,0.275,0.2475
6214,1035,../environments/smooth.17.csv,dist_only_social_any,4,-1,1,1,1,0,1,1,3859649351,2734561081,500,False,9,6,30,13.76782893563237,128.0,0.22,0.27,0.2515
6215,1035,../environments/smooth.17.csv,dist_only_social_any,4,-1,1,1,1,0,1,1,3859649351,2734561081,599,False,13,7,38,8.30056307974577,147.0,0.2020033388981636,0.24707846410684475,0.23205342237061768
6216,1036,../environments/smooth.17.csv,dist_only_social_any,4,-1,1,1,1,0,1,1,3859649351,1253946826,100,False,2,1,6,42.48298072947236,25.0,0.23,0.35,0.2975
6217,1036,../environments/smooth.17.csv,dist_only_social_any,4,-1,1,1,1,0,1,1,3859649351,1253946826,200,False,3,2,9,51.49777713088551,51.0,0.23,0.27,0.2525
6218,1036,../environments/smooth.17.csv,dist_only_social_any,4,-1,1,1,1,0,1,1,3859649351,1253946826,300,False,4,3,15,18.01602785260983,77.0,0.21666666666666667,0.2866666666666667,0.24916666666666668
6219,1036,../environments/smooth.17.csv,dist_only_social_any,4,-1,1,1,1,0,1,1,3859649351,1253946826,400,False,7,5,26,49.52713078893245,105.0,0.205,0.2575,0.23125
6220,1036,../environments/smooth.17.csv,dist_only_social_any,4,-1,1,1,1,0,1,1,3859649351,1253946826,500,False,11,7,34,45.6556180714138,130.0,0.224,0.262,0.2355
6221,1036,../environments/smooth.17.csv,dist_only_social_any,4,-1,1,1,1,0,1,1,3859649351,1253946826,599,False,12,7,37,20.20667743495553,154.0,0.21702838063439064,0.2621035058430718,0.2370617696160267
6222,1037,../environments/smooth.17.csv,dist_only_social_any,4,-1,1,1,1,0,1,1,3859649351,1347984585,100,False,7,1,13,83.33495204269107,24.0,0.2,0.34,0.2675
6223,1037,../environments/smooth.17.csv,dist_only_social_any,4,-1,1,1,1,0,1,1,3859649351,1347984585,200,False,7,2,19,45.35744766144592,49.0,0.245,0.34,0.285
6224,1037,../environments/smooth.17.csv,dist_only_social_any,4,-1,1,1,1,0,1,1,3859649351,1347984585,300,False,12,4,27,33.754388213289616,73.0,0.25666666666666665,0.35333333333333333,0.29083333333333333
6225,1037,../environments/smooth.17.csv,dist_only_social_any,4,-1,1,1,1,0,1,1,3859649351,1347984585,400,False,15,4,32,56.20347081042361,99.0,0.2425,0.335,0.27125
6226,1037,../environments/smooth.17.csv,dist_only_social_any,4,-1,1,1,1,0,1,1,3859649351,1347984585,500,False,15,6,40,6.0,124.0,0.248,0.302,0.2645
6227,1037,../environments/smooth.17.csv,dist_only_social_any,4,-1,1,1,1,0,1,1,3859649351,1347984585,599,False,16,8,46,78.47246541939757,149.0,0.2353923205342237,0.27879799666110183,0.25125208681135225
6228,1038,../environments/smooth.17.csv,dist_only_social_any,4,-1,1,1,1,0,1,1,3859649351,884777651,100,False,3,1,7,36.08370019193008,25.0,0.22,0.32,0.2725
6229,1038,../environments/smooth.17.csv,dist_only_social_any,4,-1,1,1,1,0,1,1,3859649351,884777651,200,False,4,4,16,18.399582593338554,48.0,0.185,0.29,0.2375
6230,1038,../environments/smooth.17.csv,dist_only_social_any,4,-1,1,1,1,0,1,1,3859649351,884777651,300,False,7,5,25,11.30056307974577,75.0,0.19666666666666666,0.27,0.23
6231,1038,../environments/smooth.17.csv,dist_only_social_any,4,-1,1,1,1,0,1,1,3859649351,884777651,400,False,8,7,30,10.300563079745771,99.0,0.1775,0.2425,0.210625
6232,1038,../environments/smooth.17.csv,dist_only_social_any,4,-1,1,1,1,0,1,1,3859649351,884777651,500,False,11,8,36,32.72792206135786,113.0,0.18,0.222,0.2
6233,1038,../environments/smooth.17.csv,dist_only_social_any,4,-1,1,1,1,0,1,1,3859649351,884777651,599,False,11,8,36,22.64911064067352,129.0,0.18864774624373956,0.21368948247078465,0.2020033388981636
6234,1039,../environments/smooth.17.csv,dist_only_social_any,4,-1,1,1,1,0,1,1,3859649351,2299003041,100,False,3,1,7,43.1558344570431,24.0,0.3,0.34,0.315
6235,1039,../environments/smooth.17.csv,dist_only_social_any,4,-1,1,1,1,0,1,1,3859649351,2299003041,200,False,6,2,14,35.3437992497095,50.0,0.24,0.29,0.27375
6236,1039,../environments/smooth.17.csv,dist_only_social_any,4,-1,1,1,1,0,1,1,3859649351,2299003041,300,False,10,3,22,50.07348808175089,75.0,0.24333333333333335,0.31666666666666665,0.2783333333333333
6237,1039,../environments/smooth.17.csv,dist_only_social_any,4,-1,1,1,1,0,1,1,3859649351,2299003041,400,False,14,5,30,28.337043900937882,104.0,0.2425,0.31,0.265
6238,1039,../environments/smooth.17.csv,dist_only_social_any,4,-1,1,1,1,0,1,1,3859649351,2299003041,500,False,18,6,41,42.42933289846429,129.0,0.246,0.282,0.2575
6239,1039,../environments/smooth.17.csv,dist_only_social_any,4,-1,1,1,1,0,1,1,3859649351,2299003041,599,False,18,6,43,24.358861898682754,154.0,0.2387312186978297,0.2838063439065108,0.251669449081803
6240,1040,../environments/smooth.17.csv,dist_only_social_any,4,-1,1,1,1,0,1,1,3788962293,3334515826,100,False,3,1,9,30.631575888193055,25.0,0.19,0.41,0.275
6241,1040,../environments/smooth.17.csv,dist_only_social_any,4,-1,1,1,1,0,1,1,3788962293,3334515826,200,False,6,1,17,84.01615007198137,54.0,0.18,0.295,0.2375
6242,1040,../environments/smooth.17.csv,dist_only_social_any,4,-1,1,1,1,0,1,1,3788962293,3334515826,300,False,11,3,27,33.739674374426265,79.0,0.22333333333333333,0.30666666666666664,0.2658333333333333
6243,1040,../environments/smooth.17.csv,dist_only_social_any,4,-1,1,1,1,0,1,1,3788962293,3334515826,400,False,15,4,33,65.14164452794299,102.0,0.235,0.2925,0.259375
6244,1040,../environments/smooth.17.csv,dist_only_social_any,4,-1,1,1,1,0,1,1,3788962293,3334515826,500,False,18,8,45,45.66897736572895,130.0,0.236,0.278,0.259
6245,1040,../environments/smooth.17.csv,dist_only_social_any,4,-1,1,1,1,0,1,1,3788962293,3334515826,599,False,18,10,51,45.44827969076489,157.0,0.24874791318864775,0.2838063439065108,0.26502504173622704
6246,1041,../environments/smooth.17.csv,dist_only_social_any,4,-1,1,1,1,0,1,1,3788962293,262994761,100,False,3,0,7,43.763160796031926,25.0,0.24,0.35,0.29
6247,1041,../environments/smooth.17.csv,dist_only_social_any,4,-1,1,1,1,0,1,1,3788962293,262994761,200,False,3,1,8,64.7934924455916,50.0,0.25,0.305,0.275
6248,1041,../environments/smooth.17.csv,dist_only_social_any,4,-1,1,1,1,0,1,1,3788962293,262994761,300,False,7,3,20,16.43397840021018,76.0,0.24333333333333335,0.30666666666666664,0.2625
6249,1041,../environments/smooth.17.csv,dist_only_social_any,4,-1,1,1,1,0,1,1,3788962293,262994761,400,False,10,5,29,40.00730149057167,99.0,0.23,0.2875,0.24875
6250,1041,../environments/smooth.17.csv,dist_only_social_any,4,-1,1,1,1,0,1,1,3788962293,262994761,500,False,10,6,31,30.130023514118932,122.0,0.222,0.266,0.241
6251,1041,../environments/smooth.17.csv,dist_only_social_any,4,-1,1,1,1,0,1,1,3788962293,262994761,599,False,12,8,36,36.83860250847607,146.0,0.2303839732888147,0.25375626043405675,0.2395659432387312
6252,1042,../environments/smooth.17.csv,dist_only_social_any,4,-1,1,1,1,0,1,1,3788962293,3602806192,100,False,2,1,7,39.84314525820192,23.0,0.28,0.37,0.325
6253,1042,../environments/smooth.17.csv,dist_only_social_any,4,-1,1,1,1,0,1,1,3788962293,3602806192,200,False,4,4,16,37.924140996573385,50.0,0.255,0.34,0.295
6254,1042,../environments/smooth.17.csv,dist_only_social_any,4,-1,1,1,1,0,1,1,3788962293,3602806192,300,False,6,4,18,50.38448653617343,74.0,0.21,0.33,0.2841666666666667
6255,1042,../environments/smooth.17.csv,dist_only_social_any,4,-1,1,1,1,0,1,1,3788962293,3602806192,400,False,7,5,26,40.901286731122944,102.0,0.205,0.2875,0.261875
6256,1042,../environments/smooth.17.csv,dist_only_social_any,4,-1,1,1,1,0,1,1,3788962293,3602806192,500,False,9,7,32,27.079834602227642,124.0,0.226,0.29,0.269
6257,1042,../environments/smooth.17.csv,dist_only_social_any,4,-1,1,1,1,0,1,1,3788962293,3602806192,599,False,14,11,50,54.842643437940936,151.0,0.21869782971619364,0.27712854757929883,0.2558430717863105
6258,1043,../environments/smooth.17.csv,dist_only_social_any,4,-1,1,1,1,0,1,1,3788962293,3437971635,100,False,2,0,4,43.189856026709606,22.0,0.27,0.35,0.3075
6259,1043,../environments/smooth.17.csv,dist_only_social_any,4,-1,1,1,1,0,1,1,3788962293,3437971635,200,False,5,0,9,28.734486906552007,48.0,0.235,0.3,0.27
6260,1043,../environments/smooth.17.csv,dist_only_social_any,4,-1,1,1,1,0,1,1,3788962293,3437971635,300,False,7,1,17,54.54999129273463,72.0,0.23666666666666666,0.27,0.25083333333333335
6261,1043,../environments/smooth.17.csv,dist_only_social_any,4,-1,1,1,1,0,1,1,3788962293,3437971635,400,False,10,3,28,59.48603038912174,100.0,0.2375,0.26,0.25
6262,1043,../environments/smooth.17.csv,dist_only_social_any,4,-1,1,1,1,0,1,1,3788962293,3437971635,500,False,11,4,33,39.89200529441625,124.0,0.252,0.276,0.2585
6263,1043,../environments/smooth.17.csv,dist_only_social_any,4,-1,1,1,1,0,1,1,3788962293,3437971635,599,False,15,5,44,50.17443218659626,148.0,0.24540901502504173,0.2604340567612688,0.2508347245409015
6264,1044,../environments/smooth.17.csv,dist_only_social_any,4,-1,1,1,1,0,1,1,3788962293,4010425793,100,False,3,1,8,25.460129532132136,25.0,0.22,0.35,0.2775
6265,1044,../environments/smooth.17.csv,dist_only_social_any,4,-1,1,1,1,0,1,1,3788962293,4010425793,200,False,6,3,17,41.79260623365832,52.0,0.195,0.29,0.23875
6266,1044,../environments/smooth.17.csv,dist_only_social_any,4,-1,1,1,1,0,1,1,3788962293,4010425793,300,False,10,4,30,16.42366870536343,76.0,0.20666666666666667,0.2633333333333333,0.23
6267,1044,../environments/smooth.17.csv,dist_only_social_any,4,-1,1,1,1,0,1,1,3788962293,4010425793,400,False,13,6,37,46.158450637501836,104.0,0.2025,0.2375,0.221875
6268,1044,../environments/smooth.17.csv,dist_only_social_any,4,-1,1,1,1,0,1,1,3788962293,4010425793,500,False,15,6,41,39.74185163289751,129.0,0.196,0.248,0.219
6269,1044,../environments/smooth.17.csv,dist_only_social_any,4,-1,1,1,1,0,1,1,3788962293,4010425793,599,False,16,7,48,53.51004792173602,155.0,0.19031719532554256,0.24874791318864775,0.2149415692821369
6270,1045,../environments/smooth.17.csv,dist_only_social_any,4,-1,1,1,1,0,1,1,3788962293,2734561081,100,False,2,0,5,28.48946570352241,22.0,0.28,0.46,0.345
6271,1045,../environments/smooth.17.csv,dist_only_social_any,4,-1,1,1,1,0,1,1,3788962293,2734561081,200,False,5,0,12,18.404918347287662,49.0,0.24,0.375,0.29
6272,1045,../environments/smooth.17.csv,dist_only_social_any,4,-1,1,1,1,0,1,1,3788962293,2734561081,300,False,8,0,18,71.95243822429879,76.0,0.24,0.3,0.25833333333333336
6273,1045,../environments/smooth.17.csv,dist_only_social_any,4,-1,1,1,1,0,1,1,3788962293,2734561081,400,False,11,5,30,80.89311568557552,103.0,0.2425,0.26,0.25375
6274,1045,../environments/smooth.17.csv,dist_only_social_any,4,-1,1,1,1,0,1,1,3788962293,2734561081,500,False,13,6,36,12.0,127.0,0.238,0.272,0.2515
6275,1045,../environments/smooth.17.csv,dist_only_social_any,4,-1,1,1,1,0,1,1,3788962293,2734561081,599,False,13,7,39,40.3812165872466,151.0,0.2287145242070117,0.25208681135225375,0.23831385642737896
6276,1046,../environments/smooth.17.csv,dist_only_social_any,4,-1,1,1,1,0,1,1,3788962293,1253946826,100,False,4,0,8,27.657629838418647,23.0,0.32,0.35,0.34
6277,1046,../environments/smooth.17.csv,dist_only_social_any,4,-1,1,1,1,0,1,1,3788962293,1253946826,200,False,7,0,15,33.55560626007194,50.0,0.25,0.285,0.27125
6278,1046,../environments/smooth.17.csv,dist_only_social_any,4,-1,1,1,1,0,1,1,3788962293,1253946826,300,False,7,4,22,66.89730733627616,74.0,0.23,0.26666666666666666,0.25166666666666665
6279,1046,../environments/smooth.17.csv,dist_only_social_any,4,-1,1,1,1,0,1,1,3788962293,1253946826,400,False,9,5,26,32.26349883853107,99.0,0.2375,0.2725,0.258125
6280,1046,../environments/smooth.17.csv,dist_only_social_any,4,-1,1,1,1,0,1,1,3788962293,1253946826,500,False,10,5,30,54.274827542441685,125.0,0.248,0.276,0.2565
6281,1046,../environments/smooth.17.csv,dist_only_social_any,4,-1,1,1,1,0,1,1,3788962293,1253946826,599,False,14,5,35,18.165124682244546,150.0,0.2303839732888147,0.2671118530884808,0.24499165275459098
6282,1047,../environments/smooth.17.csv,dist_only_social_any,4,-1,1,1,1,0,1,1,3788962293,1347984585,100,False,1,0,1,42.82275242507494,24.0,0.24,0.4,0.31
6283,1047,../environments/smooth.17.csv,dist_only_social_any,4,-1,1,1,1,0,1,1,3788962293,1347984585,200,False,4,1,10,64.67458629390018,49.0,0.225,0.31,0.2775
6284,1047,../environments/smooth.17.csv,dist_only_social_any,4,-1,1,1,1,0,1,1,3788962293,1347984585,300,False,9,4,22,37.5303631951149,73.0,0.2,0.30333333333333334,0.26916666666666667
6285,1047,../environments/smooth.17.csv,dist_only_social_any,4,-1,1,1,1,0,1,1,3788962293,1347984585,400,False,10,6,30,38.079574803624396,99.0,0.1975,0.285,0.2475
6286,1047,../environments/smooth.17.csv,dist_only_social_any,4,-1,1,1,1,0,1,1,3788962293,1347984585,500,False,12,7,35,50.70269455127315,121.0,0.188,0.27,0.238
6287,1047,../environments/smooth.17.csv,dist_only_social_any,4,-1,1,1,1,0,1,1,3788962293,1347984585,599,False,14,8,42,39.30232829918366,145.0,0.18030050083472454,0.2587646076794658,0.22996661101836394
6288,1048,../environments/smooth.17.csv,dist_only_social_any,4,-1,1,1,1,0,1,1,3788962293,884777651,100,False,2,2,8,50.340889237960695,24.0,0.26,0.35,0.305
6289,1048,../environments/smooth.17.csv,dist_only_social_any,4,-1,1,1,1,0,1,1,3788962293,884777651,200,False,10,2,21,40.27450505473033,49.0,0.205,0.295,0.265
6290,1048,../environments/smooth.17.csv,dist_only_social_any,4,-1,1,1,1,0,1,1,3788962293,884777651,300,False,10,2,26,62.263926786569954,78.0,0.21,0.27,0.25166666666666665
6291,1048,../environments/smooth.17.csv,dist_only_social_any,4,-1,1,1,1,0,1,1,3788962293,884777651,400,False,11,3,29,29.24104796601093,104.0,0.22,0.28,0.256875
6292,1048,../environments/smooth.17.csv,dist_only_social_any,4,-1,1,1,1,0,1,1,3788962293,884777651,500,False,13,4,40,28.509407421793988,127.0,0.224,0.25,0.241
6293,1048,../environments/smooth.17.csv,dist_only_social_any,4,-1,1,1,1,0,1,1,3788962293,884777651,599,False,16,5,48,54.73237625552308,155.0,0.21035058430717862,0.24707846410684475,0.23080133555926544
6294,1049,../environments/smooth.17.csv,dist_only_social_any,4,-1,1,1,1,0,1,1,3788962293,2299003041,100,False,2,1,6,37.44355732869059,23.0,0.23,0.31,0.265
6295,1049,../environments/smooth.17.csv,dist_only_social_any,4,-1,1,1,1,0,1,1,3788962293,2299003041,200,False,7,2,15,74.562000262581,49.0,0.235,0.28,0.25875
6296,1049,../environments/smooth.17.csv,dist_only_social_any,4,-1,1,1,1,0,1,1,3788962293,2299003041,300,False,7,5,26,17.155374460927135,74.0,0.21333333333333335,0.28,0.25166666666666665
6297,1049,../environments/smooth.17.csv,dist_only_social_any,4,-1,1,1,1,0,1,1,3788962293,2299003041,400,False,11,5,34,23.318336072361213,96.0,0.19,0.2575,0.234375
6298,1049,../environments/smooth.17.csv,dist_only_social_any,4,-1,1,1,1,0,1,1,3788962293,2299003041,500,False,14,7,45,38.00066199102328,122.0,0.188,0.246,0.2235
6299,1049,../environments/smooth.17.csv,dist_only_social_any,4,-1,1,1,1,0,1,1,3788962293,2299003041,599,False,17,7,51,8.23606797749979,148.0,0.2003338898163606,0.2370617696160267,0.22370617696160267
6300,1050,../environments/smooth.17.csv,dist_only_social_any,4,-1,1,1,1,0,1,1,4075238685,3334515826,100,False,2,1,7,13.06449510224598,24.0,0.24,0.26,0.245
6301,1050,../environments/smooth.17.csv,dist_only_social_any,4,-1,1,1,1,0,1,1,4075238685,3334515826,200,False,4,1,10,40.75279741357053,50.0,0.23,0.25,0.2375
6302,1050,../environments/smooth.17.csv,dist_only_social_any,4,-1,1,1,1,0,1,1,4075238685,3334515826,300,False,8,1,17,32.91190989578396,74.0,0.24333333333333335,0.2833333333333333,0.25583333333333336
6303,1050,../environments/smooth.17.csv,dist_only_social_any,4,-1,1,1,1,0,1,1,4075238685,3334515826,400,False,8,2,24,44.473099237698065,104.0,0.2325,0.26,0.239375
6304,1050,../environments/smooth.17.csv,dist_only_social_any,4,-1,1,1,1,0,1,1,4075238685,3334515826,500,False,15,5,39,35.32889374040707,129.0,0.208,0.252,0.23
6305,1050,../environments/smooth.17.csv,dist_only_social_any,4,-1,1,1,1,0,1,1,4075238685,3334515826,599,False,15,8,44,44.59618739848485,155.0,0.1986644407345576,0.24373956594323873,0.22120200333889817
6306,1051,../environments/smooth.17.csv,dist_only_social_any,4,-1,1,1,1,0,1,1,4075238685,262994761,100,False,3,0,5,23.44193613341567,24.0,0.25,0.35,0.305
6307,1051,../environments/smooth.17.csv,dist_only_social_any,4,-1,1,1,1,0,1,1,4075238685,262994761,200,False,6,0,9,21.354852328929656,51.0,0.215,0.27,0.23625
6308,1051,../environments/smooth.17.csv,dist_only_social_any,4,-1,1,1,1,0,1,1,4075238685,262994761,300,False,8,2,17,12.36931687685298,69.0,0.2,0.23333333333333334,0.21583333333333332
6309,1051,../environments/smooth.17.csv,dist_only_social_any,4,-1,1,1,1,0,1,1,4075238685,262994761,400,False,8,4,22,20.147646691133836,92.0,0.1975,0.225,0.21
6310,1051,../environments/smooth.17.csv,dist_only_social_any,4,-1,1,1,1,0,1,1,4075238685,262994761,500,False,9,5,26,23.771590661401866,117.0,0.196,0.22,0.2095
6311,1051,../environments/smooth.17.csv,dist_only_social_any,4,-1,1,1,1,0,1,1,4075238685,262994761,599,False,14,7,38,32.036935774683414,144.0,0.18697829716193656,0.21869782971619364,0.20325542570951585
6312,1052,../environments/smooth.17.csv,dist_only_social_any,4,-1,1,1,1,0,1,1,4075238685,3602806192,100,False,4,0,7,38.59953867534756,23.0,0.29,0.35,0.3175
6313,1052,../environments/smooth.17.csv,dist_only_social_any,4,-1,1,1,1,0,1,1,4075238685,3602806192,200,False,6,1,13,32.04877168857469,50.0,0.27,0.29,0.28125
6314,1052,../environments/smooth.17.csv,dist_only_social_any,4,-1,1,1,1,0,1,1,4075238685,3602806192,300,False,8,1,18,23.0439283040169,75.0,0.24666666666666667,0.27,0.25916666666666666
6315,1052,../environments/smooth.17.csv,dist_only_social_any,4,-1,1,1,1,0,1,1,4075238685,3602806192,400,False,10,4,25,36.84224367718956,101.0,0.2475,0.2625,0.2575
6316,1052,../environments/smooth.17.csv,dist_only_social_any,4,-1,1,1,1,0,1,1,4075238685,3602806192,500,False,14,5,34,42.17217967988229,128.0,0.234,0.26,0.247
6317,1052,../environments/smooth.17.csv,dist_only_social_any,4,-1,1,1,1,0,1,1,4075238685,3602806192,599,False,15,7,41,39.54698668878106,156.0,0.2303839732888147,0.27378964941569284,0.2491652754590985
6318,1053,../environments/smooth.17.csv,dist_only_social_any,4,-1,1,1,1,0,1,1,4075238685,3437971635,100,False,5,0,9,42.557227761646494,26.0,0.17,0.27,0.2225
6319,1053,../environments/smooth.17.csv,dist_only_social_any,4,-1,1,1,1,0,1,1,4075238685,3437971635,200,False,6,1,14,16.28538328578604,52.0,0.19,0.215,0.20375
6320,1053,../environments/smooth.17.csv,dist_only_social_any,4,-1,1,1,1,0,1,1,4075238685,3437971635,300,False,8,2,17,25.816740946526078,77.0,0.19666666666666666,0.23,0.22166666666666668
6321,1053,../environments/smooth.17.csv,dist_only_social_any,4,-1,1,1,1,0,1,1,4075238685,3437971635,400,False,10,4,24,33.36031668735395,104.0,0.19,0.23,0.210625
6322,1053,../environments/smooth.17.csv,dist_only_social_any,4,-1,1,1,1,0,1,1,4075238685,3437971635,500,False,12,6,33,21.48683298050514,128.0,0.202,0.226,0.2125
6323,1053,../environments/smooth.17.csv,dist_only_social_any,4,-1,1,1,1,0,1,1,4075238685,3437971635,599,False,14,6,39,5.82842712474619,148.0,0.19699499165275458,0.22370617696160267,0.20951585976627712
6324,1054,../environments/smooth.17.csv,dist_only_social_any,4,-1,1,1,1,0,1,1,4075238685,4010425793,100,False,3,1,7,25.09152954254336,23.0,0.24,0.33,0.2975
6325,1054,../environments/smooth.17.csv,dist_only_social_any,4,-1,1,1,1,0,1,1,4075238685,4010425793,200,False,6,3,17,68.2896305299821,50.0,0.23,0.29,0.255
6326,1054,../environments/smooth.17.csv,dist_only_social_any,4,-1,1,1,1,0,1,1,4075238685,4010425793,300,False,6,3,17,61.6801561413031,76.0,0.25333333333333335,0.29333333333333333,0.2675
6327,1054,../environments/smooth.17.csv,dist_only_social_any,4,-1,1,1,1,0,1,1,4075238685,4010425793,400,False,9,4,25,52.65981606336605,102.0,0.25,0.265,0.259375
6328,1054,../environments/smooth.17.csv,dist_only_social_any,4,-1,1,1,1,0,1,1,4075238685,4010425793,500,False,9,6,30,55.31726674375732,126.0,0.252,0.26,0.257
6329,1054,../environments/smooth.17.csv,dist_only_social_any,4,-1,1,1,1,0,1,1,4075238685,4010425793,599,False,10,6,36,42.0,151.0,0.24874791318864775,0.2621035058430718,0.25626043405676124
6330,1055,../environments/smooth.17.csv,dist_only_social_any,4,-1,1,1,1,0,1,1,4075238685,2734561081,100,False,2,0,4,67.15317039566008,25.0,0.18,0.35,0.2675
6331,1055,../environments/smooth.17.csv,dist_only_social_any,4,-1,1,1,1,0,1,1,4075238685,2734561081,200,False,3,2,10,44.98349238253972,52.0,0.2,0.295,0.26
6332,1055,../environments/smooth.17.csv,dist_only_social_any,4,-1,1,1,1,0,1,1,4075238685,2734561081,300,False,5,2,14,63.82489466312678,80.0,0.23333333333333334,0.29333333333333333,0.2625
6333,1055,../environments/smooth.17.csv,dist_only_social_any,4,-1,1,1,1,0,1,1,4075238685,2734561081,400,False,8,4,20,43.20414159336797,106.0,0.2325,0.285,0.26125
6334,1055,../environments/smooth.17.csv,dist_only_social_any,4,-1,1,1,1,0,1,1,4075238685,2734561081,500,False,9,4,27,46.22905674582486,133.0,0.232,0.28,0.258
6335,1055,../environments/smooth.17.csv,dist_only_social_any,4,-1,1,1,1,0,1,1,4075238685,2734561081,599,False,12,9,42,63.28780583002762,160.0,0.2303839732888147,0.28046744574290483,0.2508347245409015
6336,1056,../environments/smooth.17.csv,dist_only_social_any,4,-1,1,1,1,0,1,1,4075238685,1253946826,100,False,3,1,8,43.113803709881125,26.0,0.2,0.29,0.2425
6337,1056,../environments/smooth.17.csv,dist_only_social_any,4,-1,1,1,1,0,1,1,4075238685,1253946826,200,False,3,1,9,32.95257240588266,51.0,0.205,0.285,0.24875
6338,1056,../environments/smooth.17.csv,dist_only_social_any,4,-1,1,1,1,0,1,1,4075238685,1253946826,300,False,6,3,17,18.201609622624005,77.0,0.23333333333333334,0.2966666666666667,0.26166666666666666
6339,1056,../environments/smooth.17.csv,dist_only_social_any,4,-1,1,1,1,0,1,1,4075238685,1253946826,400,False,7,6,26,27.52072772124596,106.0,0.2275,0.28,0.24625
6340,1056,../environments/smooth.17.csv,dist_only_social_any,4,-1,1,1,1,0,1,1,4075238685,1253946826,500,False,12,6,37,48.474574876158925,134.0,0.208,0.256,0.236
6341,1056,../environments/smooth.17.csv,dist_only_social_any,4,-1,1,1,1,0,1,1,4075238685,1253946826,599,False,13,7,40,32.87915729288112,162.0,0.20701168614357263,0.2654424040066778,0.23497495826377296
6342,1057,../environments/smooth.17.csv,dist_only_social_any,4,-1,1,1,1,0,1,1,4075238685,1347984585,100,False,3,0,5,61.11177296305348,26.0,0.18,0.35,0.28
6343,1057,../environments/smooth.17.csv,dist_only_social_any,4,-1,1,1,1,0,1,1,4075238685,1347984585,200,False,3,0,6,27.027524835675752,51.0,0.195,0.305,0.27125
6344,1057,../environments/smooth.17.csv,dist_only_social_any,4,-1,1,1,1,0,1,1,4075238685,1347984585,300,False,8,0,19,44.15106720106307,77.0,0.2,0.3,0.25083333333333335
6345,1057,../environments/smooth.17.csv,dist_only_social_any,4,-1,1,1,1,0,1,1,4075238685,1347984585,400,False,11,3,28,65.16441131866932,102.0,0.185,0.2975,0.245625
6346,1057,../environments/smooth.17.csv,dist_only_social_any,4,-1,1,1,1,0,1,1,4075238685,1347984585,500,False,13,4,35,37.5995769362893,127.0,0.214,0.276,0.255
6347,1057,../environments/smooth.17.csv,dist_only_social_any,4,-1,1,1,1,0,1,1,4075238685,1347984585,599,False,15,6,43,39.01305931659542,153.0,0.2287145242070117,0.2704507512520868,0.256677796327212
6348,1058,../environments/smooth.17.csv,dist_only_social_any,4,-1,1,1,1,0,1,1,4075238685,884777651,100,False,3,0,6,22.83033219265671,26.0,0.19,0.32,0.2375
6349,1058,../environments/smooth.17.csv,dist_only_social_any,4,-1,1,1,1,0,1,1,4075238685,884777651,200,False,6,3,18,27.216738134941096,54.0,0.18,0.29,0.24125
6350,1058,../environments/smooth.17.csv,dist_only_social_any,4,-1,1,1,1,0,1,1,4075238685,884777651,300,False,9,3,24,50.85209749054063,80.0,0.19666666666666666,0.27,0.24833333333333332
6351,1058,../environments/smooth.17.csv,dist_only_social_any,4,-1,1,1,1,0,1,1,4075238685,884777651,400,False,12,5,31,17.675510736134257,106.0,0.2025,0.2525,0.23375
6352,1058,../environments/smooth.17.csv,dist_only_social_any,4,-1,1,1,1,0,1,1,4075238685,884777651,500,False,14,7,41,19.255646399802252,133.0,0.208,0.246,0.23
6353,1058,../environments/smooth.17.csv,dist_only_social_any,4,-1,1,1,1,0,1,1,4075238685,884777651,599,False,15,7,43,34.60268745455022,160.0,0.21202003338898165,0.2337228714524207,0.22245409015025042
6354,1059,../environments/smooth.17.csv,dist_only_social_any,4,-1,1,1,1,0,1,1,4075238685,2299003041,100,False,2,1,7,27.930747495744658,24.0,0.25,0.34,0.275
6355,1059,../environments/smooth.17.csv,dist_only_social_any,4,-1,1,1,1,0,1,1,4075238685,2299003041,200,False,8,3,20,58.23855910338927,52.0,0.21,0.24,0.22625
6356,1059,../environments/smooth.17.csv,dist_only_social_any,4,-1,1,1,1,0,1,1,4075238685,2299003041,300,False,10,3,25,53.388420392595776,78.0,0.20666666666666667,0.26,0.23333333333333334
6357,1059,../environments/smooth.17.csv,dist_only_social_any,4,-1,1,1,1,0,1,1,4075238685,2299003041,400,False,11,3,29,31.38362190264992,102.0,0.22,0.2475,0.23625
6358,1059,../environments/smooth.17.csv,dist_only_social_any,4,-1,1,1,1,0,1,1,4075238685,2299003041,500,False,12,4,34,63.61930915404409,127.0,0.224,0.246,0.233
6359,1059,../environments/smooth.17.csv,dist_only_social_any,4,-1,1,1,1,0,1,1,4075238685,2299003041,599,False,16,5,44,24.22304707487103,148.0,0.21869782971619364,0.25375626043405675,0.23121869782971619
6360,1060,../environments/smooth.17.csv,dist_only_social_any,4,-1,1,1,1,0,1,1,1315049272,3334515826,100,False,3,1,7,48.82240277366107,26.0,0.24,0.31,0.2725
6361,1060,../environments/smooth.17.csv,dist_only_social_any,4,-1,1,1,1,0,1,1,1315049272,3334515826,200,False,7,3,19,16.246537600251443,51.0,0.235,0.3,0.26875
6362,1060,../environments/smooth.17.csv,dist_only_social_any,4,-1,1,1,1,0,1,1,1315049272,3334515826,300,False,8,5,25,37.7841578614421,77.0,0.21666666666666667,0.30666666666666664,0.26416666666666666
6363,1060,../environments/smooth.17.csv,dist_only_social_any,4,-1,1,1,1,0,1,1,1315049272,3334515826,400,False,11,5,31,73.23391795030821,103.0,0.23,0.2925,0.255
6364,1060,../environments/smooth.17.csv,dist_only_social_any,4,-1,1,1,1,0,1,1,1315049272,3334515826,500,False,12,6,37,38.99504850754505,127.0,0.234,0.294,0.26
6365,1060,../environments/smooth.17.csv,dist_only_social_any,4,-1,1,1,1,0,1,1,1315049272,3334515826,599,False,15,8,45,41.09033698210549,154.0,0.2303839732888147,0.2838063439065108,0.25
6366,1061,../environments/smooth.17.csv,dist_only_social_any,4,-1,1,1,1,0,1,1,1315049272,262994761,100,False,3,0,5,22.26882723033592,24.0,0.23,0.38,0.3275
6367,1061,../environments/smooth.17.csv,dist_only_social_any,4,-1,1,1,1,0,1,1,1315049272,262994761,200,False,4,0,9,35.42210041831518,52.0,0.205,0.29,0.2625
6368,1061,../environments/smooth.17.csv,dist_only_social_any,4,-1,1,1,1,0,1,1,1315049272,262994761,300,False,5,0,10,22.411340030518936,73.0,0.21,0.28,0.24583333333333332
6369,1061,../environments/smooth.17.csv,dist_only_social_any,4,-1,1,1,1,0,1,1,1315049272,262994761,400,False,6,0,11,18.187600727863643,97.0,0.2125,0.27,0.236875
6370,1061,../environments/smooth.17.csv,dist_only_social_any,4,-1,1,1,1,0,1,1,1315049272,262994761,500,False,10,0,27,34.87654447691826,124.0,0.208,0.27,0.2325
6371,1061,../environments/smooth.17.csv,dist_only_social_any,4,-1,1,1,1,0,1,1,1315049272,262994761,599,False,14,2,41,49.34565503106499,143.0,0.19532554257095158,0.25041736227045075,0.22328881469115192
6372,1062,../environments/smooth.17.csv,dist_only_social_any,4,-1,1,1,1,0,1,1,1315049272,3602806192,100,False,5,0,9,80.1902627300797,25.0,0.24,0.35,0.28
6373,1062,../environments/smooth.17.csv,dist_only_social_any,4,-1,1,1,1,0,1,1,1315049272,3602806192,200,False,6,2,15,51.73243876355798,48.0,0.29,0.345,0.305
6374,1062,../environments/smooth.17.csv,dist_only_social_any,4,-1,1,1,1,0,1,1,1315049272,3602806192,300,False,8,3,24,42.758583262944285,73.0,0.26,0.28,0.27166666666666667
6375,1062,../environments/smooth.17.csv,dist_only_social_any,4,-1,1,1,1,0,1,1,1315049272,3602806192,400,False,8,4,27,16.74930105346567,99.0,0.24,0.29,0.263125
6376,1062,../environments/smooth.17.csv,dist_only_social_any,4,-1,1,1,1,0,1,1,1315049272,3602806192,500,False,12,7,37,39.88163521656324,125.0,0.246,0.306,0.268
6377,1062,../environments/smooth.17.csv,dist_only_social_any,4,-1,1,1,1,0,1,1,1315049272,3602806192,599,False,12,8,42,69.25857589728817,152.0,0.22537562604340566,0.2838063439065108,0.25
6378,1063,../environments/smooth.17.csv,dist_only_social_any,4,-1,1,1,1,0,1,1,1315049272,3437971635,100,False,3,1,8,72.63608519135482,22.0,0.26,0.31,0.28
6379,1063,../environments/smooth.17.csv,dist_only_social_any,4,-1,1,1,1,0,1,1,1315049272,3437971635,200,False,6,4,20,20.695275573971344,48.0,0.225,0.295,0.26875
6380,1063,../environments/smooth.17.csv,dist_only_social_any,4,-1,1,1,1,0,1,1,1315049272,3437971635,300,False,8,5,28,29.892067453252785,76.0,0.2,0.27666666666666667,0.25
6381,1063,../environments/smooth.17.csv,dist_only_social_any,4,-1,1,1,1,0,1,1,1315049272,3437971635,400,False,12,7,36,20.483107292961808,104.0,0.215,0.2675,0.24125
6382,1063,../environments/smooth.17.csv,dist_only_social_any,4,-1,1,1,1,0,1,1,1315049272,3437971635,500,False,13,9,42,12.36931687685298,122.0,0.206,0.26,0.2305
6383,1063,../environments/smooth.17.csv,dist_only_social_any,4,-1,1,1,1,0,1,1,1315049272,3437971635,599,False,15,9,47,36.70962558903894,147.0,0.2036727879799666,0.24540901502504173,0.22328881469115192
6384,1064,../environments/smooth.17.csv,dist_only_social_any,4,-1,1,1,1,0,1,1,1315049272,4010425793,100,False,3,0,7,37.94794429301193,24.0,0.19,0.35,0.3
6385,1064,../environments/smooth.17.csv,dist_only_social_any,4,-1,1,1,1,0,1,1,1315049272,4010425793,200,False,5,0,12,30.33487908125644,49.0,0.225,0.31,0.2675
6386,1064,../environments/smooth.17.csv,dist_only_social_any,4,-1,1,1,1,0,1,1,1315049272,4010425793,300,False,11,2,23,12.491900792836663,75.0,0.20333333333333334,0.2966666666666667,0.2575
6387,1064,../environments/smooth.17.csv,dist_only_social_any,4,-1,1,1,1,0,1,1,1315049272,4010425793,400,False,12,3,28,63.295777923148705,103.0,0.2025,0.2675,0.244375
6388,1064,../environments/smooth.17.csv,dist_only_social_any,4,-1,1,1,1,0,1,1,1315049272,4010425793,500,False,13,6,34,55.16006343829015,130.0,0.208,0.256,0.242
6389,1064,../environments/smooth.17.csv,dist_only_social_any,4,-1,1,1,1,0,1,1,1315049272,4010425793,599,False,16,7,42,48.85211541704902,156.0,0.20701168614357263,0.2604340567612688,0.24290484140233723
6390,1065,../environments/smooth.17.csv,dist_only_social_any,4,-1,1,1,1,0,1,1,1315049272,2734561081,100,False,2,1,6,40.7602036858309,25.0,0.24,0.35,0.285
6391,1065,../environments/smooth.17.csv,dist_only_social_any,4,-1,1,1,1,0,1,1,1315049272,2734561081,200,False,6,3,18,33.94148955705309,52.0,0.2,0.345,0.2475
6392,1065,../environments/smooth.17.csv,dist_only_social_any,4,-1,1,1,1,0,1,1,1315049272,2734561081,300,False,7,4,23,68.50245109021772,76.0,0.23,0.2866666666666667,0.25416666666666665
6393,1065,../environments/smooth.17.csv,dist_only_social_any,4,-1,1,1,1,0,1,1,1315049272,2734561081,400,False,10,7,33,51.175004613033394,103.0,0.23,0.2725,0.2525
6394,1065,../environments/smooth.17.csv,dist_only_social_any,4,-1,1,1,1,0,1,1,1315049272,2734561081,500,False,16,8,44,38.13847543035327,129.0,0.216,0.276,0.2455
6395,1065,../environments/smooth.17.csv,dist_only_social_any,4,-1,1,1,1,0,1,1,1315049272,2734561081,599,False,16,8,46,19.789415018100378,156.0,0.20868113522537562,0.2587646076794658,0.23664440734557596
6396,1066,../environments/smooth.17.csv,dist_only_social_any,4,-1,1,1,1,0,1,1,1315049272,1253946826,100,False,4,0,9,32.0,22.0,0.24,0.36,0.2875
6397,1066,../environments/smooth.17.csv,dist_only_social_any,4,-1,1,1,1,0,1,1,1315049272,1253946826,200,False,7,1,15,36.96012507103764,49.0,0.215,0.31,0.25875
6398,1066,../environments/smooth.17.csv,dist_only_social_any,4,-1,1,1,1,0,1,1,1315049272,1253946826,300,False,9,1,20,59.35388984830766,76.0,0.21333333333333335,0.30666666666666664,0.25333333333333335
6399,1066,../environments/smooth.17.csv,dist_only_social_any,4,-1,1,1,1,0,1,1,1315049272,1253946826,400,False,15,1,32,40.844134623212724,103.0,0.2325,0.2725,0.249375
6400,1066,../environments/smooth.17.csv,dist_only_social_any,4,-1,1,1,1,0,1,1,1315049272,1253946826,500,False,15,1,37,22.64933548866817,123.0,0.214,0.264,0.24
6401,1066,../environments/smooth.17.csv,dist_only_social_any,4,-1,1,1,1,0,1,1,1315049272,1253946826,599,False,16,3,41,49.91326430955088,146.0,0.20701168614357263,0.24874791318864775,0.22913188647746244
6402,1067,../environments/smooth.17.csv,dist_only_social_any,4,-1,1,1,1,0,1,1,1315049272,1347984585,100,False,2,0,4,27.91930648342735,24.0,0.23,0.31,0.2875
6403,1067,../environments/smooth.17.csv,dist_only_social_any,4,-1,1,1,1,0,1,1,1315049272,1347984585,200,False,4,2,11,54.39973114151915,51.0,0.235,0.29,0.275
6404,1067,../environments/smooth.17.csv,dist_only_social_any,4,-1,1,1,1,0,1,1,1315049272,1347984585,300,False,9,2,19,27.83536202187328,76.0,0.23666666666666666,0.2966666666666667,0.25916666666666666
6405,1067,../environments/smooth.17.csv,dist_only_social_any,4,-1,1,1,1,0,1,1,1315049272,1347984585,400,False,15,2,30,26.332765178397466,104.0,0.2325,0.2825,0.248125
6406,1067,../environments/smooth.17.csv,dist_only_social_any,4,-1,1,1,1,0,1,1,1315049272,1347984585,500,False,16,2,33,22.248287590894655,127.0,0.226,0.274,0.2435
6407,1067,../environments/smooth.17.csv,dist_only_social_any,4,-1,1,1,1,0,1,1,1315049272,1347984585,599,False,18,2,37,20.278480086544796,152.0,0.2303839732888147,0.2654424040066778,0.24165275459098498
6408,1068,../environments/smooth.17.csv,dist_only_social_any,4,-1,1,1,1,0,1,1,1315049272,884777651,100,False,4,0,6,51.76737065267736,24.0,0.24,0.48,0.3275
6409,1068,../environments/smooth.17.csv,dist_only_social_any,4,-1,1,1,1,0,1,1,1315049272,884777651,200,False,4,0,7,20.138351476048406,46.0,0.26,0.4,0.315
6410,1068,../environments/smooth.17.csv,dist_only_social_any,4,-1,1,1,1,0,1,1,1315049272,884777651,300,False,8,1,13,37.830951479078465,69.0,0.24,0.32666666666666666,0.275
6411,1068,../environments/smooth.17.csv,dist_only_social_any,4,-1,1,1,1,0,1,1,1315049272,884777651,400,False,11,4,25,40.38998178536461,97.0,0.2275,0.3,0.2575
6412,1068,../environments/smooth.17.csv,dist_only_social_any,4,-1,1,1,1,0,1,1,1315049272,884777651,500,False,15,5,31,4.0,118.0,0.218,0.276,0.243
6413,1068,../environments/smooth.17.csv,dist_only_social_any,4,-1,1,1,1,0,1,1,1315049272,884777651,599,False,16,6,37,10.70820393249937,135.0,0.21035058430717862,0.2621035058430718,0.23080133555926544
6414,1069,../environments/smooth.17.csv,dist_only_social_any,4,-1,1,1,1,0,1,1,1315049272,2299003041,100,False,3,0,6,38.374962188454134,25.0,0.18,0.33,0.2775
6415,1069,../environments/smooth.17.csv,dist_only_social_any,4,-1,1,1,1,0,1,1,1315049272,2299003041,200,False,5,2,16,51.316534951769256,53.0,0.185,0.285,0.245
6416,1069,../environments/smooth.17.csv,dist_only_social_any,4,-1,1,1,1,0,1,1,1315049272,2299003041,300,False,10,4,25,24.227782808894986,79.0,0.19,0.29333333333333333,0.245
6417,1069,../environments/smooth.17.csv,dist_only_social_any,4,-1,1,1,1,0,1,1,1315049272,2299003041,400,False,10,8,36,36.50016536007949,104.0,0.2025,0.275,0.23875
6418,1069,../environments/smooth.17.csv,dist_only_social_any,4,-1,1,1,1,0,1,1,1315049272,2299003041,500,False,13,9,45,26.558498698359987,132.0,0.208,0.27,0.239
6419,1069,../environments/smooth.17.csv,dist_only_social_any,4,-1,1,1,1,0,1,1,1315049272,2299003041,599,False,13,10,49,66.8847869562934,158.0,0.19699499165275458,0.25208681135225375,0.22746243739565944
6420,1070,../environments/smooth.17.csv,dist_only_social_any,4,-1,1,1,1,0,1,1,664961228,3334515826,100,False,3,1,6,52.17158288908091,27.0,0.2,0.29,0.2375
6421,1070,../environments/smooth.17.csv,dist_only_social_any,4,-1,1,1,1,0,1,1,664961228,3334515826,200,False,7,2,15,62.12731164135124,53.0,0.185,0.265,0.2325
6422,1070,../environments/smooth.17.csv,dist_only_social_any,4,-1,1,1,1,0,1,1,664961228,3334515826,300,False,9,5,26,46.22905674582486,79.0,0.21,0.26,0.2325
6423,1070,../environments/smooth.17.csv,dist_only_social_any,4,-1,1,1,1,0,1,1,664961228,3334515826,400,False,10,6,29,35.686372700222975,105.0,0.2225,0.2575,0.23375
6424,1070,../environments/smooth.17.csv,dist_only_social_any,4,-1,1,1,1,0,1,1,664961228,3334515826,500,False,10,6,33,62.10835748873476,131.0,0.21,0.274,0.239
6425,1070,../environments/smooth.17.csv,dist_only_social_any,4,-1,1,1,1,0,1,1,664961228,3334515826,599,False,10,9,39,28.29443399663394,155.0,0.2303839732888147,0.2838063439065108,0.24540901502504173
6426,1071,../environments/smooth.17.csv,dist_only_social_any,4,-1,1,1,1,0,1,1,664961228,262994761,100,False,3,0,5,79.04982224350266,26.0,0.19,0.29,0.2425
6427,1071,../environments/smooth.17.csv,dist_only_social_any,4,-1,1,1,1,0,1,1,664961228,262994761,200,False,5,1,14,61.2704092465562,52.0,0.235,0.29,0.26125
6428,1071,../environments/smooth.17.csv,dist_only_social_any,4,-1,1,1,1,0,1,1,664961228,262994761,300,False,5,4,18,42.23270614583668,76.0,0.22666666666666666,0.28,0.25416666666666665
6429,1071,../environments/smooth.17.csv,dist_only_social_any,4,-1,1,1,1,0,1,1,664961228,262994761,400,False,7,4,25,21.59524158061724,104.0,0.225,0.2625,0.25
6430,1071,../environments/smooth.17.csv,dist_only_social_any,4,-1,1,1,1,0,1,1,664961228,262994761,500,False,11,4,34,21.730024864635197,130.0,0.22,0.254,0.244
6431,1071,../environments/smooth.17.csv,dist_only_social_any,4,-1,1,1,1,0,1,1,664961228,262994761,599,False,15,5,45,15.0,153.0,0.2270450751252087,0.25542570951585974,0.24582637729549248
6432,1072,../environments/smooth.17.csv,dist_only_social_any,4,-1,1,1,1,0,1,1,664961228,3602806192,100,False,5,0,6,46.951794172226464,26.0,0.24,0.32,0.2675
6433,1072,../environments/smooth.17.csv,dist_only_social_any,4,-1,1,1,1,0,1,1,664961228,3602806192,200,False,6,1,12,62.6282107891497,52.0,0.25,0.29,0.26875
6434,1072,../environments/smooth.17.csv,dist_only_social_any,4,-1,1,1,1,0,1,1,664961228,3602806192,300,False,8,2,18,21.134392014912088,77.0,0.20666666666666667,0.27,0.24416666666666667
6435,1072,../environments/smooth.17.csv,dist_only_social_any,4,-1,1,1,1,0,1,1,664961228,3602806192,400,False,13,2,24,39.02784391274554,102.0,0.205,0.2575,0.23125
6436,1072,../environments/smooth.17.csv,dist_only_social_any,4,-1,1,1,1,0,1,1,664961228,3602806192,500,False,15,3,34,17.284695155040843,130.0,0.194,0.26,0.227
6437,1072,../environments/smooth.17.csv,dist_only_social_any,4,-1,1,1,1,0,1,1,664961228,3602806192,599,False,18,4,38,47.78110133981053,156.0,0.1986644407345576,0.24373956594323873,0.21786310517529214
6438,1073,../environments/smooth.17.csv,dist_only_social_any,4,-1,1,1,1,0,1,1,664961228,3437971635,100,False,4,2,11,37.80086663262587,28.0,0.18,0.24,0.2225
6439,1073,../environments/smooth.17.csv,dist_only_social_any,4,-1,1,1,1,0,1,1,664961228,3437971635,200,False,6,4,18,73.46478486916607,54.0,0.205,0.285,0.2275
6440,1073,../environments/smooth.17.csv,dist_only_social_any,4,-1,1,1,1,0,1,1,664961228,3437971635,300,False,8,4,23,29.593856775943564,78.0,0.19666666666666666,0.24666666666666667,0.22666666666666666
6441,1073,../environments/smooth.17.csv,dist_only_social_any,4,-1,1,1,1,0,1,1,664961228,3437971635,400,False,11,6,33,12.498473502456159,105.0,0.205,0.25,0.220625
6442,1073,../environments/smooth.17.csv,dist_only_social_any,4,-1,1,1,1,0,1,1,664961228,3437971635,500,False,14,7,42,55.87431109891309,126.0,0.196,0.232,0.2145
6443,1073,../environments/smooth.17.csv,dist_only_social_any,4,-1,1,1,1,0,1,1,664961228,3437971635,599,False,14,9,46,48.48616429328509,150.0,0.19532554257095158,0.22537562604340566,0.2132721202003339
6444,1074,../environments/smooth.17.csv,dist_only_social_any,4,-1,1,1,1,0,1,1,664961228,4010425793,100,False,4,1,9,33.31965488512621,25.0,0.19,0.29,0.2475
6445,1074,../environments/smooth.17.csv,dist_only_social_any,4,-1,1,1,1,0,1,1,664961228,4010425793,200,False,6,3,18,29.901391721760007,52.0,0.18,0.315,0.23375
6446,1074,../environments/smooth.17.csv,dist_only_social_any,4,-1,1,1,1,0,1,1,664961228,4010425793,300,False,7,3,22,33.80456696577484,80.0,0.17,0.28,0.22333333333333333
6447,1074,../environments/smooth.17.csv,dist_only_social_any,4,-1,1,1,1,0,1,1,664961228,4010425793,400,False,9,4,29,51.527331608207696,108.0,0.1775,0.285,0.2275
6448,1074,../environments/smooth.17.csv,dist_only_social_any,4,-1,1,1,1,0,1,1,664961228,4010425793,500,False,11,5,36,40.13734099061922,133.0,0.174,0.264,0.226
6449,1074,../environments/smooth.17.csv,dist_only_social_any,4,-1,1,1,1,0,1,1,664961228,4010425793,599,False,14,7,45,16.812559200041264,158.0,0.17529215358931552,0.24707846410684475,0.21994991652754592
6450,1075,../environments/smooth.17.csv,dist_only_social_any,4,-1,1,1,1,0,1,1,664961228,2734561081,100,False,3,0,5,63.91363354332169,25.0,0.22,0.35,0.305
6451,1075,../environments/smooth.17.csv,dist_only_social_any,4,-1,1,1,1,0,1,1,664961228,2734561081,200,False,4,2,12,44.80098628390844,49.0,0.235,0.3,0.27625
6452,1075,../environments/smooth.17.csv,dist_only_social_any,4,-1,1,1,1,0,1,1,664961228,2734561081,300,False,10,3,25,62.92532705562866,77.0,0.23333333333333334,0.30333333333333334,0.27166666666666667
6453,1075,../environments/smooth.17.csv,dist_only_social_any,4,-1,1,1,1,0,1,1,664961228,2734561081,400,False,12,5,35,15.683238505927559,100.0,0.2325,0.265,0.25375
6454,1075,../environments/smooth.17.csv,dist_only_social_any,4,-1,1,1,1,0,1,1,664961228,2734561081,500,False,13,7,41,17.508616776191694,125.0,0.23,0.254,0.2435
6455,1075,../environments/smooth.17.csv,dist_only_social_any,4,-1,1,1,1,0,1,1,664961228,2734561081,599,False,13,8,47,20.83206358376389,145.0,0.2287145242070117,0.24874791318864775,0.2387312186978297
6456,1076,../environments/smooth.17.csv,dist_only_social_any,4,-1,1,1,1,0,1,1,664961228,1253946826,100,False,4,1,9,52.219639329747906,27.0,0.19,0.35,0.2475
6457,1076,../environments/smooth.17.csv,dist_only_social_any,4,-1,1,1,1,0,1,1,664961228,1253946826,200,False,5,1,12,26.751628088197954,51.0,0.235,0.305,0.2575
6458,1076,../environments/smooth.17.csv,dist_only_social_any,4,-1,1,1,1,0,1,1,664961228,1253946826,300,False,8,3,23,62.13340304651582,76.0,0.19666666666666666,0.27,0.23666666666666666
6459,1076,../environments/smooth.17.csv,dist_only_social_any,4,-1,1,1,1,0,1,1,664961228,1253946826,400,False,10,4,28,32.09304163163117,101.0,0.2325,0.285,0.255
6460,1076,../environments/smooth.17.csv,dist_only_social_any,4,-1,1,1,1,0,1,1,664961228,1253946826,500,False,11,4,30,35.41835972289097,128.0,0.232,0.276,0.251
6461,1076,../environments/smooth.17.csv,dist_only_social_any,4,-1,1,1,1,0,1,1,664961228,1253946826,599,False,14,6,36,45.86196385145523,152.0,0.22370617696160267,0.2704507512520868,0.24415692821368948
6462,1077,../environments/smooth.17.csv,dist_only_social_any,4,-1,1,1,1,0,1,1,664961228,1347984585,100,False,3,2,10,25.547539122537117,23.0,0.18,0.3,0.25
6463,1077,../environments/smooth.17.csv,dist_only_social_any,4,-1,1,1,1,0,1,1,664961228,1347984585,200,False,7,3,18,58.334263198797615,50.0,0.18,0.28,0.24125
6464,1077,../environments/smooth.17.csv,dist_only_social_any,4,-1,1,1,1,0,1,1,664961228,1347984585,300,False,7,4,21,51.78955422641114,74.0,0.19333333333333333,0.2833333333333333,0.245
6465,1077,../environments/smooth.17.csv,dist_only_social_any,4,-1,1,1,1,0,1,1,664961228,1347984585,400,False,9,4,24,14.074638375981511,97.0,0.205,0.285,0.253125
6466,1077,../environments/smooth.17.csv,dist_only_social_any,4,-1,1,1,1,0,1,1,664961228,1347984585,500,False,12,5,30,57.063681992317484,120.0,0.216,0.276,0.251
6467,1077,../environments/smooth.17.csv,dist_only_social_any,4,-1,1,1,1,0,1,1,664961228,1347984585,599,False,15,5,41,38.89495074892665,144.0,0.21869782971619364,0.2904841402337229,0.24791318864774625
6468,1078,../environments/smooth.17.csv,dist_only_social_any,4,-1,1,1,1,0,1,1,664961228,884777651,100,False,3,0,6,42.93903901001603,25.0,0.24,0.29,0.26
6469,1078,../environments/smooth.17.csv,dist_only_social_any,4,-1,1,1,1,0,1,1,664961228,884777651,200,False,5,3,16,34.17026378801147,54.0,0.22,0.275,0.24625
6470,1078,../environments/smooth.17.csv,dist_only_social_any,4,-1,1,1,1,0,1,1,664961228,884777651,300,False,6,4,21,48.80823127646539,81.0,0.22,0.27,0.25
6471,1078,../environments/smooth.17.csv,dist_only_social_any,4,-1,1,1,1,0,1,1,664961228,884777651,400,False,10,5,31,34.21873207379878,107.0,0.2275,0.2575,0.245625
6472,1078,../environments/smooth.17.csv,dist_only_social_any,4,-1,1,1,1,0,1,1,664961228,884777651,500,False,10,9,39,11.93010659580075,131.0,0.226,0.254,0.24
6473,1078,../environments/smooth.17.csv,dist_only_social_any,4,-1,1,1,1,0,1,1,664961228,884777651,599,False,11,10,42,33.8359099112032,158.0,0.21702838063439064,0.24373956594323873,0.23121869782971619
6474,1079,../environments/smooth.17.csv,dist_only_social_any,4,-1,1,1,1,0,1,1,664961228,2299003041,100,False,1,0,3,54.91447834440059,26.0,0.18,0.32,0.2425
6475,1079,../environments/smooth.17.csv,dist_only_social_any,4,-1,1,1,1,0,1,1,664961228,2299003041,200,False,5,1,9,49.01037616025977,50.0,0.24,0.305,0.27
6476,1079,../environments/smooth.17.csv,dist_only_social_any,4,-1,1,1,1,0,1,1,664961228,2299003041,300,False,8,2,16,47.75296296776436,76.0,0.23333333333333334,0.33,0.29083333333333333
6477,1079,../environments/smooth.17.csv,dist_only_social_any,4,-1,1,1,1,0,1,1,664961228,2299003041,400,False,11,4,27,28.81434717062534,102.0,0.2325,0.305,0.280625
6478,1079,../environments/smooth.17.csv,dist_only_social_any,4,-1,1,1,1,0,1,1,664961228,2299003041,500,False,14,5,34,24.7409631853355,127.0,0.23,0.28,0.2665
6479,1079,../environments/smooth.17.csv,dist_only_social_any,4,-1,1,1,1,0,1,1,664961228,2299003041,599,False,16,7,41,51.7817464047252,156.0,0.2270450751252087,0.27378964941569284,0.2587646076794658
6480,1080,../environments/smooth.17.csv,dist_only_social_any,4,-1,1,1,1,0,1,1,1177807013,3334515826,100,False,4,1,11,43.13475507123364,27.0,0.24,0.28,0.25
6481,1080,../environments/smooth.17.csv,dist_only_social_any,4,-1,1,1,1,0,1,1,1177807013,3334515826,200,False,7,1,18,16.41811047550525,52.0,0.225,0.26,0.24125
6482,1080,../environments/smooth.17.csv,dist_only_social_any,4,-1,1,1,1,0,1,1,1177807013,3334515826,300,False,11,4,27,40.8560946949257,82.0,0.19666666666666666,0.23333333333333334,0.22333333333333333
6483,1080,../environments/smooth.17.csv,dist_only_social_any,4,-1,1,1,1,0,1,1,1177807013,3334515826,400,False,12,4,31,18.0,106.0,0.205,0.2575,0.234375
6484,1080,../environments/smooth.17.csv,dist_only_social_any,4,-1,1,1,1,0,1,1,1177807013,3334515826,500,False,17,6,39,46.45427589869443,130.0,0.208,0.246,0.224
6485,1080,../environments/smooth.17.csv,dist_only_social_any,4,-1,1,1,1,0,1,1,1177807013,3334515826,599,False,18,7,47,43.10405435090564,158.0,0.21035058430717862,0.24373956594323873,0.22287145242070117
6486,1081,../environments/smooth.17.csv,dist_only_social_any,4,-1,1,1,1,0,1,1,1177807013,262994761,100,False,2,0,3,16.113122279787035,22.0,0.2,0.29,0.235
6487,1081,../environments/smooth.17.csv,dist_only_social_any,4,-1,1,1,1,0,1,1,1177807013,262994761,200,False,6,3,16,40.1081316887894,49.0,0.21,0.24,0.2275
6488,1081,../environments/smooth.17.csv,dist_only_social_any,4,-1,1,1,1,0,1,1,1177807013,262994761,300,False,8,6,27,46.45126361998264,77.0,0.20333333333333334,0.22,0.21
6489,1081,../environments/smooth.17.csv,dist_only_social_any,4,-1,1,1,1,0,1,1,1177807013,262994761,400,False,10,7,34,23.61679634882964,103.0,0.2,0.2325,0.214375
6490,1081,../environments/smooth.17.csv,dist_only_social_any,4,-1,1,1,1,0,1,1,1177807013,262994761,500,False,12,8,41,22.290128095998945,128.0,0.198,0.226,0.2125
6491,1081,../environments/smooth.17.csv,dist_only_social_any,4,-1,1,1,1,0,1,1,1177807013,262994761,599,False,14,10,50,23.707892228064672,153.0,0.2003338898163606,0.2287145242070117,0.2132721202003339
6492,1082,../environments/smooth.17.csv,dist_only_social_any,4,-1,1,1,1,0,1,1,1177807013,3602806192,100,False,2,0,3,46.85164121796396,23.0,0.27,0.32,0.2975
6493,1082,../environments/smooth.17.csv,dist_only_social_any,4,-1,1,1,1,0,1,1,1177807013,3602806192,200,False,6,0,8,48.596865183269514,48.0,0.24,0.285,0.27375
6494,1082,../environments/smooth.17.csv,dist_only_social_any,4,-1,1,1,1,0,1,1,1177807013,3602806192,300,False,9,1,16,67.07010456184628,75.0,0.24,0.2733333333333333,0.2608333333333333
6495,1082,../environments/smooth.17.csv,dist_only_social_any,4,-1,1,1,1,0,1,1,1177807013,3602806192,400,False,13,4,27,58.50264452380037,101.0,0.245,0.26,0.255
6496,1082,../environments/smooth.17.csv,dist_only_social_any,4,-1,1,1,1,0,1,1,1177807013,3602806192,500,False,16,4,31,33.09418136373221,127.0,0.236,0.258,0.2515
6497,1082,../environments/smooth.17.csv,dist_only_social_any,4,-1,1,1,1,0,1,1,1177807013,3602806192,599,False,17,6,37,44.56191209487196,152.0,0.2303839732888147,0.2671118530884808,0.2558430717863105
6498,1083,../environments/smooth.17.csv,dist_only_social_any,4,-1,1,1,1,0,1,1,1177807013,3437971635,100,False,1,0,2,39.17189273106362,27.0,0.18,0.28,0.2225
6499,1083,../environments/smooth.17.csv,dist_only_social_any,4,-1,1,1,1,0,1,1,1177807013,3437971635,200,False,2,1,6,19.561860253506932,54.0,0.195,0.23,0.21375
6500,1083,../environments/smooth.17.csv,dist_only_social_any,4,-1,1,1,1,0,1,1,1177807013,3437971635,300,False,4,2,13,38.16577105402502,76.0,0.21,0.26666666666666666,0.22666666666666666
6501,1083,../environments/smooth.17.csv,dist_only_social_any,4,-1,1,1,1,0,1,1,1177807013,3437971635,400,False,10,4,26,26.24868519389849,103.0,0.195,0.245,0.211875
6502,1083,../environments/smooth.17.csv,dist_only_social_any,4,-1,1,1,1,0,1,1,1177807013,3437971635,500,False,11,5,36,20.190483161234482,129.0,0.194,0.24,0.212
6503,1083,../environments/smooth.17.csv,dist_only_social_any,4,-1,1,1,1,0,1,1,1177807013,3437971635,599,False,15,7,45,56.479323968395306,154.0,0.19031719532554256,0.2287145242070117,0.20826377295492488
6504,1084,../environments/smooth.17.csv,dist_only_social_any,4,-1,1,1,1,0,1,1,1177807013,4010425793,100,False,3,1,8,60.09619241686943,25.0,0.17,0.34,0.2525
6505,1084,../environments/smooth.17.csv,dist_only_social_any,4,-1,1,1,1,0,1,1,1177807013,4010425793,200,False,4,4,16,49.39757841352275,51.0,0.195,0.295,0.2325
6506,1084,../environments/smooth.17.csv,dist_only_social_any,4,-1,1,1,1,0,1,1,1177807013,4010425793,300,False,7,4,23,37.36419152498527,79.0,0.19666666666666666,0.2733333333333333,0.23833333333333334
6507,1084,../environments/smooth.17.csv,dist_only_social_any,4,-1,1,1,1,0,1,1,1177807013,4010425793,400,False,8,6,28,52.28652820161543,104.0,0.21,0.27,0.24625
6508,1084,../environments/smooth.17.csv,dist_only_social_any,4,-1,1,1,1,0,1,1,1177807013,4010425793,500,False,9,7,34,36.478840584669356,128.0,0.214,0.268,0.2425
6509,1084,../environments/smooth.17.csv,dist_only_social_any,4,-1,1,1,1,0,1,1,1177807013,4010425793,599,False,11,8,38,11.16227766016838,151.0,0.22203672787979967,0.24707846410684475,0.2353923205342237
6510,1085,../environments/smooth.17.csv,dist_only_social_any,4,-1,1,1,1,0,1,1,1177807013,2734561081,100,False,2,0,3,27.686840917729384,24.0,0.16,0.26,0.2125
6511,1085,../environments/smooth.17.csv,dist_only_social_any,4,-1,1,1,1,0,1,1,1177807013,2734561081,200,False,4,1,13,38.76920122164482,48.0,0.165,0.245,0.20375
6512,1085,../environments/smooth.17.csv,dist_only_social_any,4,-1,1,1,1,0,1,1,1177807013,2734561081,300,False,7,1,19,19.265287958327207,72.0,0.16333333333333333,0.23,0.19916666666666666
6513,1085,../environments/smooth.17.csv,dist_only_social_any,4,-1,1,1,1,0,1,1,1177807013,2734561081,400,False,9,5,27,40.82229264052363,101.0,0.1775,0.2275,0.20375
6514,1085,../environments/smooth.17.csv,dist_only_social_any,4,-1,1,1,1,0,1,1,1177807013,2734561081,500,False,11,5,30,32.13472712511911,127.0,0.188,0.23,0.212
6515,1085,../environments/smooth.17.csv,dist_only_social_any,4,-1,1,1,1,0,1,1,1177807013,2734561081,599,False,11,5,31,54.91084231403676,154.0,0.19699499165275458,0.2270450751252087,0.2132721202003339
6516,1086,../environments/smooth.17.csv,dist_only_social_any,4,-1,1,1,1,0,1,1,1177807013,1253946826,100,False,2,0,2,36.66925772075521,24.0,0.24,0.31,0.29
6517,1086,../environments/smooth.17.csv,dist_only_social_any,4,-1,1,1,1,0,1,1,1177807013,1253946826,200,False,3,0,6,52.549894335446766,50.0,0.245,0.295,0.27875
6518,1086,../environments/smooth.17.csv,dist_only_social_any,4,-1,1,1,1,0,1,1,1177807013,1253946826,300,False,5,1,12,43.87758475186855,75.0,0.24666666666666667,0.2833333333333333,0.2683333333333333
6519,1086,../environments/smooth.17.csv,dist_only_social_any,4,-1,1,1,1,0,1,1,1177807013,1253946826,400,False,9,3,22,37.638295832742045,99.0,0.2325,0.2725,0.25625
6520,1086,../environments/smooth.17.csv,dist_only_social_any,4,-1,1,1,1,0,1,1,1177807013,1253946826,500,False,12,6,34,40.82675869066374,123.0,0.24,0.286,0.27
6521,1086,../environments/smooth.17.csv,dist_only_social_any,4,-1,1,1,1,0,1,1,1177807013,1253946826,599,False,12,9,42,47.199584248478224,149.0,0.24874791318864775,0.27712854757929883,0.26335559265442404
6522,1087,../environments/smooth.17.csv,dist_only_social_any,4,-1,1,1,1,0,1,1,1177807013,1347984585,100,False,3,0,6,22.1212465956731,25.0,0.21,0.31,0.26
6523,1087,../environments/smooth.17.csv,dist_only_social_any,4,-1,1,1,1,0,1,1,1177807013,1347984585,200,False,5,1,12,27.303737857740867,53.0,0.195,0.27,0.23625
6524,1087,../environments/smooth.17.csv,dist_only_social_any,4,-1,1,1,1,0,1,1,1177807013,1347984585,300,False,8,3,20,22.746578547999732,78.0,0.19666666666666666,0.27666666666666667,0.24583333333333332
6525,1087,../environments/smooth.17.csv,dist_only_social_any,4,-1,1,1,1,0,1,1,1177807013,1347984585,400,False,8,4,22,3.0,101.0,0.1825,0.2575,0.22875
6526,1087,../environments/smooth.17.csv,dist_only_social_any,4,-1,1,1,1,0,1,1,1177807013,1347984585,500,False,9,6,31,29.321502325249078,128.0,0.192,0.232,0.2195
6527,1087,../environments/smooth.17.csv,dist_only_social_any,4,-1,1,1,1,0,1,1,1177807013,1347984585,599,False,12,7,38,25.952900713917398,153.0,0.2020033388981636,0.24040066777963273,0.21994991652754592
6528,1088,../environments/smooth.17.csv,dist_only_social_any,4,-1,1,1,1,0,1,1,1177807013,884777651,100,False,2,1,5,56.29791779561373,27.0,0.13,0.29,0.225
6529,1088,../environments/smooth.17.csv,dist_only_social_any,4,-1,1,1,1,0,1,1,1177807013,884777651,200,False,5,2,15,50.1115741598789,53.0,0.17,0.28,0.23875
6530,1088,../environments/smooth.17.csv,dist_only_social_any,4,-1,1,1,1,0,1,1,1177807013,884777651,300,False,9,3,25,32.390423214625606,80.0,0.18333333333333332,0.27666666666666667,0.235
6531,1088,../environments/smooth.17.csv,dist_only_social_any,4,-1,1,1,1,0,1,1,1177807013,884777651,400,False,9,3,28,60.611824733030005,107.0,0.1725,0.2925,0.234375
6532,1088,../environments/smooth.17.csv,dist_only_social_any,4,-1,1,1,1,0,1,1,1177807013,884777651,500,False,12,4,33,20.40224255080033,129.0,0.178,0.284,0.244
6533,1088,../environments/smooth.17.csv,dist_only_social_any,4,-1,1,1,1,0,1,1,1177807013,884777651,599,False,12,4,37,30.04405103518038,154.0,0.18030050083472454,0.2637729549248748,0.23414023372287146
6534,1089,../environments/smooth.17.csv,dist_only_social_any,4,-1,1,1,1,0,1,1,1177807013,2299003041,100,False,3,1,8,44.03529400738044,25.0,0.22,0.33,0.28
6535,1089,../environments/smooth.17.csv,dist_only_social_any,4,-1,1,1,1,0,1,1,1177807013,2299003041,200,False,7,2,15,46.27740733477622,52.0,0.18,0.275,0.24
6536,1089,../environments/smooth.17.csv,dist_only_social_any,4,-1,1,1,1,0,1,1,1177807013,2299003041,300,False,8,4,21,36.06840225908899,81.0,0.19666666666666666,0.27,0.24166666666666667
6537,1089,../environments/smooth.17.csv,dist_only_social_any,4,-1,1,1,1,0,1,1,1177807013,2299003041,400,False,10,5,29,43.4606071222933,102.0,0.1925,0.26,0.22875
6538,1089,../environments/smooth.17.csv,dist_only_social_any,4,-1,1,1,1,0,1,1,1177807013,2299003041,500,False,11,5,32,54.27020636291396,129.0,0.188,0.246,0.2195
6539,1089,../environments/smooth.17.csv,dist_only_social_any,4,-1,1,1,1,0,1,1,1177807013,2299003041,599,False,13,6,38,50.363955789308136,156.0,0.19532554257095158,0.24874791318864775,0.22412353923205341
6540,1090,../environments/smooth.17.csv,dist_only_social_any,4,-1,1,1,1,0,1,1,2622444117,3334515826,100,False,0,0,0,26.041801038085694,22.0,0.13,0.24,0.175
6541,1090,../environments/smooth.17.csv,dist_only_social_any,4,-1,1,1,1,0,1,1,2622444117,3334515826,200,False,4,3,14,29.531856448809066,48.0,0.165,0.24,0.21375
6542,1090,../environments/smooth.17.csv,dist_only_social_any,4,-1,1,1,1,0,1,1,2622444117,3334515826,300,False,5,3,17,12.649110640673518,70.0,0.17,0.24,0.20916666666666667
6543,1090,../environments/smooth.17.csv,dist_only_social_any,4,-1,1,1,1,0,1,1,2622444117,3334515826,400,False,8,3,24,22.64795922717778,94.0,0.18,0.235,0.20625
6544,1090,../environments/smooth.17.csv,dist_only_social_any,4,-1,1,1,1,0,1,1,2622444117,3334515826,500,False,13,6,35,13.30056307974577,119.0,0.184,0.224,0.2035
6545,1090,../environments/smooth.17.csv,dist_only_social_any,4,-1,1,1,1,0,1,1,2622444117,3334515826,599,False,16,7,45,8.300563079745771,145.0,0.18530884808013356,0.21202003338898165,0.19699499165275458
6546,1091,../environments/smooth.17.csv,dist_only_social_any,4,-1,1,1,1,0,1,1,2622444117,262994761,100,False,4,0,7,55.13462105380687,27.0,0.18,0.31,0.2325
6547,1091,../environments/smooth.17.csv,dist_only_social_any,4,-1,1,1,1,0,1,1,2622444117,262994761,200,False,5,2,14,21.324555320336756,54.0,0.21,0.27,0.24125
6548,1091,../environments/smooth.17.csv,dist_only_social_any,4,-1,1,1,1,0,1,1,2622444117,262994761,300,False,6,3,19,43.03326983314123,77.0,0.19666666666666666,0.23333333333333334,0.2075
6549,1091,../environments/smooth.17.csv,dist_only_social_any,4,-1,1,1,1,0,1,1,2622444117,262994761,400,False,8,6,26,25.715624700768966,104.0,0.1925,0.235,0.2125
6550,1091,../environments/smooth.17.csv,dist_only_social_any,4,-1,1,1,1,0,1,1,2622444117,262994761,500,False,10,6,33,29.878652988968717,129.0,0.2,0.232,0.2145
6551,1091,../environments/smooth.17.csv,dist_only_social_any,4,-1,1,1,1,0,1,1,2622444117,262994761,599,False,14,9,45,47.626587903275066,155.0,0.1986644407345576,0.24540901502504173,0.21786310517529214
6552,1092,../environments/smooth.17.csv,dist_only_social_any,4,-1,1,1,1,0,1,1,2622444117,3602806192,100,False,3,2,10,38.96424322365404,24.0,0.14,0.35,0.255
6553,1092,../environments/smooth.17.csv,dist_only_social_any,4,-1,1,1,1,0,1,1,2622444117,3602806192,200,False,5,4,17,8.650281539872886,48.0,0.195,0.285,0.2425
6554,1092,../environments/smooth.17.csv,dist_only_social_any,4,-1,1,1,1,0,1,1,2622444117,3602806192,300,False,8,4,23,21.994824173955795,72.0,0.19,0.24333333333333335,0.21666666666666667
6555,1092,../environments/smooth.17.csv,dist_only_social_any,4,-1,1,1,1,0,1,1,2622444117,3602806192,400,False,11,4,28,41.55135528888992,98.0,0.1725,0.2275,0.206875
6556,1092,../environments/smooth.17.csv,dist_only_social_any,4,-1,1,1,1,0,1,1,2622444117,3602806192,500,False,13,6,36,41.412658843283936,123.0,0.184,0.212,0.2015
6557,1092,../environments/smooth.17.csv,dist_only_social_any,4,-1,1,1,1,0,1,1,2622444117,3602806192,599,False,15,8,44,53.42628852587954,148.0,0.19532554257095158,0.21869782971619364,0.20826377295492488
6558,1093,../environments/smooth.17.csv,dist_only_social_any,4,-1,1,1,1,0,1,1,2622444117,3437971635,100,False,1,0,2,39.59338255067268,28.0,0.18,0.24,0.225
6559,1093,../environments/smooth.17.csv,dist_only_social_any,4,-1,1,1,1,0,1,1,2622444117,3437971635,200,False,4,2,11,14.812559200041264,53.0,0.19,0.245,0.22375
6560,1093,../environments/smooth.17.csv,dist_only_social_any,4,-1,1,1,1,0,1,1,2622444117,3437971635,300,False,7,5,23,31.819532102431587,78.0,0.19666666666666666,0.23,0.21416666666666667
6561,1093,../environments/smooth.17.csv,dist_only_social_any,4,-1,1,1,1,0,1,1,2622444117,3437971635,400,False,7,5,24,23.625118400082528,103.0,0.19,0.24,0.2075
6562,1093,../environments/smooth.17.csv,dist_only_social_any,4,-1,1,1,1,0,1,1,2622444117,3437971635,500,False,10,5,30,33.51808731390502,131.0,0.184,0.244,0.2065
6563,1093,../environments/smooth.17.csv,dist_only_social_any,4,-1,1,1,1,0,1,1,2622444117,3437971635,599,False,13,7,39,48.61834905279622,158.0,0.18697829716193656,0.24874791318864775,0.20534223706176963
6564,1094,../environments/smooth.17.csv,dist_only_social_any,4,-1,1,1,1,0,1,1,2622444117,4010425793,100,False,1,0,2,44.51905225531918,27.0,0.14,0.22,0.1775
6565,1094,../environments/smooth.17.csv,dist_only_social_any,4,-1,1,1,1,0,1,1,2622444117,4010425793,200,False,3,0,7,25.676270347722692,55.0,0.17,0.24,0.205
6566,1094,../environments/smooth.17.csv,dist_only_social_any,4,-1,1,1,1,0,1,1,2622444117,4010425793,300,False,5,2,13,25.899560993082684,82.0,0.16,0.25,0.2
6567,1094,../environments/smooth.17.csv,dist_only_social_any,4,-1,1,1,1,0,1,1,2622444117,4010425793,400,False,9,3,24,55.68012483780026,112.0,0.175,0.25,0.20375
6568,1094,../environments/smooth.17.csv,dist_only_social_any,4,-1,1,1,1,0,1,1,2622444117,4010425793,500,False,11,7,35,27.956598805154087,138.0,0.166,0.244,0.205
6569,1094,../environments/smooth.17.csv,dist_only_social_any,4,-1,1,1,1,0,1,1,2622444117,4010425793,599,False,15,9,44,47.0,167.0,0.1652754590984975,0.24373956594323873,0.20409015025041735
6570,1095,../environments/smooth.17.csv,dist_only_social_any,4,-1,1,1,1,0,1,1,2622444117,2734561081,100,False,2,1,7,18.448897901624804,25.0,0.15,0.28,0.23
6571,1095,../environments/smooth.17.csv,dist_only_social_any,4,-1,1,1,1,0,1,1,2622444117,2734561081,200,False,4,1,9,38.154397579686346,51.0,0.165,0.255,0.22
6572,1095,../environments/smooth.17.csv,dist_only_social_any,4,-1,1,1,1,0,1,1,2622444117,2734561081,300,False,4,2,11,23.229619784490524,75.0,0.17333333333333334,0.24333333333333335,0.21916666666666668
6573,1095,../environments/smooth.17.csv,dist_only_social_any,4,-1,1,1,1,0,1,1,2622444117,2734561081,400,False,6,2,17,35.06878740659626,101.0,0.1775,0.24,0.209375
6574,1095,../environments/smooth.17.csv,dist_only_social_any,4,-1,1,1,1,0,1,1,2622444117,2734561081,500,False,8,4,27,21.87240667908333,130.0,0.18,0.242,0.21
6575,1095,../environments/smooth.17.csv,dist_only_social_any,4,-1,1,1,1,0,1,1,2622444117,2734561081,599,False,9,4,29,36.34977430108659,156.0,0.17529215358931552,0.2287145242070117,0.20242070116861435
6576,1096,../environments/smooth.17.csv,dist_only_social_any,4,-1,1,1,1,0,1,1,2622444117,1253946826,100,False,5,0,10,57.841826492069615,25.0,0.22,0.31,0.26
6577,1096,../environments/smooth.17.csv,dist_only_social_any,4,-1,1,1,1,0,1,1,2622444117,1253946826,200,False,6,2,14,59.170918096316264,50.0,0.26,0.29,0.275
6578,1096,../environments/smooth.17.csv,dist_only_social_any,4,-1,1,1,1,0,1,1,2622444117,1253946826,300,False,8,4,23,27.934795435265045,74.0,0.25333333333333335,0.29,0.2708333333333333
6579,1096,../environments/smooth.17.csv,dist_only_social_any,4,-1,1,1,1,0,1,1,2622444117,1253946826,400,False,9,5,30,52.40354295590857,100.0,0.2475,0.2825,0.26
6580,1096,../environments/smooth.17.csv,dist_only_social_any,4,-1,1,1,1,0,1,1,2622444117,1253946826,500,False,12,7,37,50.313711293745726,127.0,0.246,0.268,0.257
6581,1096,../environments/smooth.17.csv,dist_only_social_any,4,-1,1,1,1,0,1,1,2622444117,1253946826,599,False,12,7,38,16.616020898215645,152.0,0.2353923205342237,0.2687813021702838,0.2491652754590985
6582,1097,../environments/smooth.17.csv,dist_only_social_any,4,-1,1,1,1,0,1,1,2622444117,1347984585,100,False,2,0,5,24.448897901624804,27.0,0.22,0.35,0.2625
6583,1097,../environments/smooth.17.csv,dist_only_social_any,4,-1,1,1,1,0,1,1,2622444117,1347984585,200,False,5,2,12,16.97056274847714,51.0,0.225,0.28,0.2525
6584,1097,../environments/smooth.17.csv,dist_only_social_any,4,-1,1,1,1,0,1,1,2622444117,1347984585,300,False,5,4,19,38.79614943036073,76.0,0.23333333333333334,0.25333333333333335,0.2475
6585,1097,../environments/smooth.17.csv,dist_only_social_any,4,-1,1,1,1,0,1,1,2622444117,1347984585,400,False,9,4,26,34.36081663404448,102.0,0.2225,0.255,0.23625
6586,1097,../environments/smooth.17.csv,dist_only_social_any,4,-1,1,1,1,0,1,1,2622444117,1347984585,500,False,12,5,31,44.88322736703638,126.0,0.23,0.258,0.24
6587,1097,../environments/smooth.17.csv,dist_only_social_any,4,-1,1,1,1,0,1,1,2622444117,1347984585,599,False,13,6,38,35.09188059026478,153.0,0.2270450751252087,0.2587646076794658,0.23831385642737896
6588,1098,../environments/smooth.17.csv,dist_only_social_any,4,-1,1,1,1,0,1,1,2622444117,884777651,100,False,3,0,4,24.42220510185596,26.0,0.21,0.24,0.2325
6589,1098,../environments/smooth.17.csv,dist_only_social_any,4,-1,1,1,1,0,1,1,2622444117,884777651,200,False,6,1,10,32.32717240281453,49.0,0.205,0.275,0.2375
6590,1098,../environments/smooth.17.csv,dist_only_social_any,4,-1,1,1,1,0,1,1,2622444117,884777651,300,False,10,1,18,43.14213562373095,75.0,0.23333333333333334,0.26666666666666666,0.24166666666666667
6591,1098,../environments/smooth.17.csv,dist_only_social_any,4,-1,1,1,1,0,1,1,2622444117,884777651,400,False,14,2,28,11.16227766016838,98.0,0.2175,0.2625,0.249375
6592,1098,../environments/smooth.17.csv,dist_only_social_any,4,-1,1,1,1,0,1,1,2622444117,884777651,500,False,14,3,32,31.253557292623476,116.0,0.21,0.238,0.2285
6593,1098,../environments/smooth.17.csv,dist_only_social_any,4,-1,1,1,1,0,1,1,2622444117,884777651,599,False,16,4,39,26.217990560223427,139.0,0.2036727879799666,0.24373956594323873,0.22829716193656094
6594,1099,../environments/smooth.17.csv,dist_only_social_any,4,-1,1,1,1,0,1,1,2622444117,2299003041,100,False,4,1,10,42.097973777934634,27.0,0.22,0.28,0.2425
6595,1099,../environments/smooth.17.csv,dist_only_social_any,4,-1,1,1,1,0,1,1,2622444117,2299003041,200,False,7,2,15,59.17252480219943,52.0,0.205,0.26,0.2375
6596,1099,../environments/smooth.17.csv,dist_only_social_any,4,-1,1,1,1,0,1,1,2622444117,2299003041,300,False,8,4,21,23.222267444777533,77.0,0.24,0.2733333333333333,0.25833333333333336
6597,1099,../environments/smooth.17.csv,dist_only_social_any,4,-1,1,1,1,0,1,1,2622444117,2299003041,400,False,9,5,27,50.15617820491252,106.0,0.2575,0.26,0.259375
6598,1099,../environments/smooth.17.csv,dist_only_social_any,4,-1,1,1,1,0,1,1,2622444117,2299003041,500,False,12,6,37,37.43549890189861,131.0,0.25,0.27,0.261
6599,1099,../environments/smooth.17.csv,dist_only_social_any,4,-1,1,1,1,0,1,1,2622444117,2299003041,599,False,13,9,45,46.206512528115546,157.0,0.24874791318864775,0.27545909849749584,0.2621035058430718
6600,1100,../environments/random.12.csv,dist_only_social_any,4,-1,1,1,1,0,1,1,2271760180,3334515826,100,False,3,1,8,23.524944879025448,26.0,0.21,0.32,0.26
6601,1100,../environments/random.12.csv,dist_only_social_any,4,-1,1,1,1,0,1,1,2271760180,3334515826,200,False,6,3,16,49.10846540218443,51.0,0.21,0.29,0.24375
6602,1100,../environments/random.12.csv,dist_only_social_any,4,-1,1,1,1,0,1,1,2271760180,3334515826,300,False,8,5,24,31.033388915388265,75.0,0.21666666666666667,0.27,0.23916666666666667
6603,1100,../environments/random.12.csv,dist_only_social_any,4,-1,1,1,1,0,1,1,2271760180,3334515826,400,False,9,6,30,46.80718457325344,99.0,0.215,0.2575,0.2425
6604,1100,../environments/random.12.csv,dist_only_social_any,4,-1,1,1,1,0,1,1,2271760180,3334515826,500,False,11,6,34,33.08415941387351,123.0,0.234,0.258,0.249
6605,1100,../environments/random.12.csv,dist_only_social_any,4,-1,1,1,1,0,1,1,2271760180,3334515826,599,False,12,7,40,24.347396147432008,149.0,0.23205342237061768,0.2587646076794658,0.2508347245409015
6606,1101,../environments/random.12.csv,dist_only_social_any,4,-1,1,1,1,0,1,1,2271760180,262994761,100,False,3,0,4,28.87090437251988,27.0,0.18,0.27,0.23
6607,1101,../environments/random.12.csv,dist_only_social_any,4,-1,1,1,1,0,1,1,2271760180,262994761,200,False,5,1,12,81.16577849901431,56.0,0.16,0.275,0.225
6608,1101,../environments/random.12.csv,dist_only_social_any,4,-1,1,1,1,0,1,1,2271760180,262994761,300,False,7,2,18,31.671885793712804,82.0,0.19666666666666666,0.3,0.24083333333333334
6609,1101,../environments/random.12.csv,dist_only_social_any,4,-1,1,1,1,0,1,1,2271760180,262994761,400,False,10,4,28,62.49013432157267,107.0,0.2075,0.2825,0.24375
6610,1101,../environments/random.12.csv,dist_only_social_any,4,-1,1,1,1,0,1,1,2271760180,262994761,500,False,11,6,34,68.85241804215681,131.0,0.23,0.28,0.2545
6611,1101,../environments/random.12.csv,dist_only_social_any,4,-1,1,1,1,0,1,1,2271760180,262994761,599,False,11,8,40,32.279920546604345,156.0,0.2337228714524207,0.2888146911519199,0.2579298831385643
6612,1102,../environments/random.12.csv,dist_only_social_any,4,-1,1,1,1,0,1,1,2271760180,3602806192,100,False,2,0,3,54.10055694076546,25.0,0.21,0.32,0.2675
6613,1102,../environments/random.12.csv,dist_only_social_any,4,-1,1,1,1,0,1,1,2271760180,3602806192,200,False,4,2,11,18.171732803158715,51.0,0.27,0.29,0.28
6614,1102,../environments/random.12.csv,dist_only_social_any,4,-1,1,1,1,0,1,1,2271760180,3602806192,300,False,6,2,16,13.48683298050514,77.0,0.23,0.2633333333333333,0.25
6615,1102,../environments/random.12.csv,dist_only_social_any,4,-1,1,1,1,0,1,1,2271760180,3602806192,400,False,7,3,22,46.867605568146345,103.0,0.215,0.26,0.23875
6616,1102,../environments/random.12.csv,dist_only_social_any,4,-1,1,1,1,0,1,1,2271760180,3602806192,500,False,9,7,32,38.77879103639664,126.0,0.21,0.25,0.2255
6617,1102,../environments/random.12.csv,dist_only_social_any,4,-1,1,1,1,0,1,1,2271760180,3602806192,599,False,11,7,36,26.545994700887594,152.0,0.21368948247078465,0.24874791318864775,0.2262103505843072
6618,1103,../environments/random.12.csv,dist_only_social_any,4,-1,1,1,1,0,1,1,2271760180,3437971635,100,False,2,0,4,67.75613112134242,24.0,0.22,0.31,0.28
6619,1103,../environments/random.12.csv,dist_only_social_any,4,-1,1,1,1,0,1,1,2271760180,3437971635,200,False,4,0,9,19.99395218534263,49.0,0.23,0.285,0.25625
6620,1103,../environments/random.12.csv,dist_only_social_any,4,-1,1,1,1,0,1,1,2271760180,3437971635,300,False,6,1,15,71.71964087332353,74.0,0.24333333333333335,0.26,0.24833333333333332
6621,1103,../environments/random.12.csv,dist_only_social_any,4,-1,1,1,1,0,1,1,2271760180,3437971635,400,False,8,3,24,36.147609468078045,100.0,0.2325,0.255,0.24
6622,1103,../environments/random.12.csv,dist_only_social_any,4,-1,1,1,1,0,1,1,2271760180,3437971635,500,False,9,3,28,65.18140952550516,125.0,0.23,0.256,0.2465
6623,1103,../environments/random.12.csv,dist_only_social_any,4,-1,1,1,1,0,1,1,2271760180,3437971635,599,False,10,5,33,9.47213595499958,151.0,0.2370617696160267,0.2654424040066778,0.253338898163606
6624,1104,../environments/random.12.csv,dist_only_social_any,4,-1,1,1,1,0,1,1,2271760180,4010425793,100,False,3,0,4,53.30571474043007,26.0,0.23,0.29,0.26
6625,1104,../environments/random.12.csv,dist_only_social_any,4,-1,1,1,1,0,1,1,2271760180,4010425793,200,False,5,2,11,44.68003235127948,51.0,0.235,0.275,0.25125
6626,1104,../environments/random.12.csv,dist_only_social_any,4,-1,1,1,1,0,1,1,2271760180,4010425793,300,False,8,3,19,19.093368739633874,80.0,0.22,0.29333333333333333,0.25333333333333335
6627,1104,../environments/random.12.csv,dist_only_social_any,4,-1,1,1,1,0,1,1,2271760180,4010425793,400,False,11,3,27,16.654178453005045,105.0,0.2,0.275,0.2375
6628,1104,../environments/random.12.csv,dist_only_social_any,4,-1,1,1,1,0,1,1,2271760180,4010425793,500,False,12,3,31,25.988313821779887,127.0,0.204,0.26,0.2325
6629,1104,../environments/random.12.csv,dist_only_social_any,4,-1,1,1,1,0,1,1,2271760180,4010425793,599,False,13,5,36,34.226663352102236,150.0,0.20534223706176963,0.25208681135225375,0.22996661101836394
6630,1105,../environments/random.12.csv,dist_only_social_any,4,-1,1,1,1,0,1,1,2271760180,2734561081,100,False,2,1,7,13.418110475505255,25.0,0.23,0.31,0.265
6631,1105,../environments/random.12.csv,dist_only_social_any,4,-1,1,1,1,0,1,1,2271760180,2734561081,200,False,6,3,16,52.40634831387388,52.0,0.235,0.265,0.2475
6632,1105,../environments/random.12.csv,dist_only_social_any,4,-1,1,1,1,0,1,1,2271760180,2734561081,300,False,6,4,20,17.985369030965458,77.0,0.23333333333333334,0.25,0.245
6633,1105,../environments/random.12.csv,dist_only_social_any,4,-1,1,1,1,0,1,1,2271760180,2734561081,400,False,8,6,29,47.65261062001236,100.0,0.2275,0.2425,0.234375
6634,1105,../environments/random.12.csv,dist_only_social_any,4,-1,1,1,1,0,1,1,2271760180,2734561081,500,False,11,7,35,44.138646053525946,127.0,0.226,0.246,0.2355
6635,1105,../environments/random.12.csv,dist_only_social_any,4,-1,1,1,1,0,1,1,2271760180,2734561081,599,False,12,9,43,16.0,153.0,0.22203672787979967,0.24874791318864775,0.23247078464106843
6636,1106,../environments/random.12.csv,dist_only_social_any,4,-1,1,1,1,0,1,1,2271760180,1253946826,100,False,2,0,4,64.18212955238666,25.0,0.24,0.35,0.27
6637,1106,../environments/random.12.csv,dist_only_social_any,4,-1,1,1,1,0,1,1,2271760180,1253946826,200,False,6,1,11,55.076303963484236,49.0,0.255,0.335,0.28875
6638,1106,../environments/random.12.csv,dist_only_social_any,4,-1,1,1,1,0,1,1,2271760180,1253946826,300,False,10,2,22,25.46060338596672,74.0,0.24666666666666667,0.33666666666666667,0.29083333333333333
6639,1106,../environments/random.12.csv,dist_only_social_any,4,-1,1,1,1,0,1,1,2271760180,1253946826,400,False,11,3,27,39.64062379208496,100.0,0.2325,0.295,0.265
6640,1106,../environments/random.12.csv,dist_only_social_any,4,-1,1,1,1,0,1,1,2271760180,1253946826,500,False,16,3,39,68.54966000007168,126.0,0.236,0.278,0.2595
6641,1106,../environments/random.12.csv,dist_only_social_any,4,-1,1,1,1,0,1,1,2271760180,1253946826,599,False,19,6,47,32.910723939894666,152.0,0.24040066777963273,0.2854757929883139,0.2621035058430718
6642,1107,../environments/random.12.csv,dist_only_social_any,4,-1,1,1,1,0,1,1,2271760180,1347984585,100,False,2,0,4,79.13807895766348,23.0,0.24,0.45,0.355
6643,1107,../environments/random.12.csv,dist_only_social_any,4,-1,1,1,1,0,1,1,2271760180,1347984585,200,False,3,0,9,69.22658772265527,49.0,0.27,0.345,0.325
6644,1107,../environments/random.12.csv,dist_only_social_any,4,-1,1,1,1,0,1,1,2271760180,1347984585,300,False,5,2,16,42.15858965810074,74.0,0.2733333333333333,0.3333333333333333,0.30333333333333334
6645,1107,../environments/random.12.csv,dist_only_social_any,4,-1,1,1,1,0,1,1,2271760180,1347984585,400,False,8,3,24,13.418110475505255,101.0,0.26,0.315,0.284375
6646,1107,../environments/random.12.csv,dist_only_social_any,4,-1,1,1,1,0,1,1,2271760180,1347984585,500,False,9,5,31,42.12499517873161,125.0,0.236,0.288,0.2605
6647,1107,../environments/random.12.csv,dist_only_social_any,4,-1,1,1,1,0,1,1,2271760180,1347984585,599,False,10,8,37,58.62936059668385,151.0,0.2387312186978297,0.2888146911519199,0.26168614357262104
6648,1108,../environments/random.12.csv,dist_only_social_any,4,-1,1,1,1,0,1,1,2271760180,884777651,100,False,2,0,4,48.91572620426175,24.0,0.19,0.35,0.285
6649,1108,../environments/random.12.csv,dist_only_social_any,4,-1,1,1,1,0,1,1,2271760180,884777651,200,False,4,2,12,33.17210642161999,49.0,0.23,0.33,0.2675
6650,1108,../environments/random.12.csv,dist_only_social_any,4,-1,1,1,1,0,1,1,2271760180,884777651,300,False,7,4,21,54.14419911796169,74.0,0.21333333333333335,0.2733333333333333,0.24416666666666667
6651,1108,../environments/random.12.csv,dist_only_social_any,4,-1,1,1,1,0,1,1,2271760180,884777651,400,False,8,4,24,38.791224820847376,99.0,0.21,0.26,0.2375
6652,1108,../environments/random.12.csv,dist_only_social_any,4,-1,1,1,1,0,1,1,2271760180,884777651,500,False,11,6,34,61.90934199861143,126.0,0.226,0.252,0.2435
6653,1108,../environments/random.12.csv,dist_only_social_any,4,-1,1,1,1,0,1,1,2271760180,884777651,599,False,12,8,41,13.67004637770997,153.0,0.2287145242070117,0.24874791318864775,0.24290484140233723
6654,1109,../environments/random.12.csv,dist_only_social_any,4,-1,1,1,1,0,1,1,2271760180,2299003041,100,False,3,0,6,39.302157107848984,26.0,0.21,0.31,0.25
6655,1109,../environments/random.12.csv,dist_only_social_any,4,-1,1,1,1,0,1,1,2271760180,2299003041,200,False,5,0,9,45.548092369943255,51.0,0.195,0.27,0.2325
6656,1109,../environments/random.12.csv,dist_only_social_any,4,-1,1,1,1,0,1,1,2271760180,2299003041,300,False,8,3,17,49.01304135024251,79.0,0.19666666666666666,0.2633333333333333,0.23
6657,1109,../environments/random.12.csv,dist_only_social_any,4,-1,1,1,1,0,1,1,2271760180,2299003041,400,False,10,4,26,22.884775098897798,106.0,0.1975,0.2525,0.221875
6658,1109,../environments/random.12.csv,dist_only_social_any,4,-1,1,1,1,0,1,1,2271760180,2299003041,500,False,10,5,29,46.80583415568698,133.0,0.188,0.234,0.2155
6659,1109,../environments/random.12.csv,dist_only_social_any,4,-1,1,1,1,0,1,1,2271760180,2299003041,599,False,10,6,33,38.8759824445591,160.0,0.19365609348914858,0.24540901502504173,0.21869782971619364
6660,1110,../environments/random.12.csv,dist_only_social_any,4,-1,1,1,1,0,1,1,2515763587,3334515826,100,False,3,0,5,59.27872632657731,25.0,0.15,0.3,0.21
6661,1110,../environments/random.12.csv,dist_only_social_any,4,-1,1,1,1,0,1,1,2515763587,3334515826,200,False,5,1,10,32.60336448734619,52.0,0.23,0.29,0.25125
6662,1110,../environments/random.12.csv,dist_only_social_any,4,-1,1,1,1,0,1,1,2515763587,3334515826,300,False,8,2,17,33.145881532623164,78.0,0.23333333333333334,0.27,0.2425
6663,1110,../environments/random.12.csv,dist_only_social_any,4,-1,1,1,1,0,1,1,2515763587,3334515826,400,False,10,3,21,69.01780560493096,105.0,0.2325,0.25,0.2425
6664,1110,../environments/random.12.csv,dist_only_social_any,4,-1,1,1,1,0,1,1,2515763587,3334515826,500,False,10,3,28,60.82162331761103,129.0,0.254,0.274,0.264
6665,1110,../environments/random.12.csv,dist_only_social_any,4,-1,1,1,1,0,1,1,2515763587,3334515826,599,False,11,4,32,41.914524802946985,154.0,0.25208681135225375,0.2671118530884808,0.2621035058430718
6666,1111,../environments/random.12.csv,dist_only_social_any,4,-1,1,1,1,0,1,1,2515763587,262994761,100,False,3,1,8,47.262112115490304,26.0,0.2,0.35,0.2575
6667,1111,../environments/random.12.csv,dist_only_social_any,4,-1,1,1,1,0,1,1,2515763587,262994761,200,False,5,1,14,18.252001958675734,50.0,0.185,0.285,0.23875
6668,1111,../environments/random.12.csv,dist_only_social_any,4,-1,1,1,1,0,1,1,2515763587,262994761,300,False,6,3,20,32.58766044783207,76.0,0.18333333333333332,0.23666666666666666,0.21666666666666667
6669,1111,../environments/random.12.csv,dist_only_social_any,4,-1,1,1,1,0,1,1,2515763587,262994761,400,False,9,4,27,62.6657644219628,106.0,0.1775,0.2375,0.2125
6670,1111,../environments/random.12.csv,dist_only_social_any,4,-1,1,1,1,0,1,1,2515763587,262994761,500,False,11,7,39,52.14506510964357,134.0,0.198,0.23,0.212
6671,1111,../environments/random.12.csv,dist_only_social_any,4,-1,1,1,1,0,1,1,2515763587,262994761,599,False,13,9,44,33.62075644665853,160.0,0.21035058430717862,0.25041736227045075,0.22454090150250416
6672,1112,../environments/random.12.csv,dist_only_social_any,4,-1,1,1,1,0,1,1,2515763587,3602806192,100,False,3,1,7,26.404918347287662,27.0,0.17,0.31,0.225
6673,1112,../environments/random.12.csv,dist_only_social_any,4,-1,1,1,1,0,1,1,2515763587,3602806192,200,False,5,3,14,14.12899020449196,50.0,0.16,0.3,0.21625
6674,1112,../environments/random.12.csv,dist_only_social_any,4,-1,1,1,1,0,1,1,2515763587,3602806192,300,False,6,4,19,48.497025891455564,76.0,0.17333333333333334,0.28,0.22083333333333333
6675,1112,../environments/random.12.csv,dist_only_social_any,4,-1,1,1,1,0,1,1,2515763587,3602806192,400,False,8,6,26,46.74427444997082,102.0,0.19,0.2775,0.23125
6676,1112,../environments/random.12.csv,dist_only_social_any,4,-1,1,1,1,0,1,1,2515763587,3602806192,500,False,11,7,32,29.75790872959486,129.0,0.19,0.274,0.2325
6677,1112,../environments/random.12.csv,dist_only_social_any,4,-1,1,1,1,0,1,1,2515763587,3602806192,599,False,13,8,40,50.70789488928537,155.0,0.19532554257095158,0.2671118530884808,0.2345575959933222
6678,1113,../environments/random.12.csv,dist_only_social_any,4,-1,1,1,1,0,1,1,2515763587,3437971635,100,False,1,0,1,53.11259297998053,24.0,0.24,0.29,0.27
6679,1113,../environments/random.12.csv,dist_only_social_any,4,-1,1,1,1,0,1,1,2515763587,3437971635,200,False,5,2,12,21.236592872461912,51.0,0.225,0.29,0.26125
6680,1113,../environments/random.12.csv,dist_only_social_any,4,-1,1,1,1,0,1,1,2515763587,3437971635,300,False,7,3,17,17.63441361516796,74.0,0.2,0.26,0.23416666666666666
6681,1113,../environments/random.12.csv,dist_only_social_any,4,-1,1,1,1,0,1,1,2515763587,3437971635,400,False,8,5,23,33.51728713863731,100.0,0.205,0.2425,0.230625
6682,1113,../environments/random.12.csv,dist_only_social_any,4,-1,1,1,1,0,1,1,2515763587,3437971635,500,False,11,6,30,17.099019513592786,121.0,0.21,0.242,0.2265
6683,1113,../environments/random.12.csv,dist_only_social_any,4,-1,1,1,1,0,1,1,2515763587,3437971635,599,False,12,6,34,18.316233269083874,143.0,0.20868113522537562,0.2303839732888147,0.21911519198664442
6684,1114,../environments/random.12.csv,dist_only_social_any,4,-1,1,1,1,0,1,1,2515763587,4010425793,100,False,3,1,7,44.29995227385581,27.0,0.17,0.27,0.23
6685,1114,../environments/random.12.csv,dist_only_social_any,4,-1,1,1,1,0,1,1,2515763587,4010425793,200,False,5,2,13,18.764091950405117,53.0,0.18,0.32,0.25125
6686,1114,../environments/random.12.csv,dist_only_social_any,4,-1,1,1,1,0,1,1,2515763587,4010425793,300,False,6,2,18,48.50954310706054,80.0,0.16666666666666666,0.26666666666666666,0.22083333333333333
6687,1114,../environments/random.12.csv,dist_only_social_any,4,-1,1,1,1,0,1,1,2515763587,4010425793,400,False,7,5,25,26.738855749303085,106.0,0.1925,0.2475,0.22375
6688,1114,../environments/random.12.csv,dist_only_social_any,4,-1,1,1,1,0,1,1,2515763587,4010425793,500,False,12,7,34,17.640986324787455,131.0,0.206,0.236,0.2245
6689,1114,../environments/random.12.csv,dist_only_social_any,4,-1,1,1,1,0,1,1,2515763587,4010425793,599,False,13,8,40,13.683238505927559,154.0,0.21202003338898165,0.24207011686143573,0.22454090150250416
6690,1115,../environments/random.12.csv,dist_only_social_any,4,-1,1,1,1,0,1,1,2515763587,2734561081,100,False,2,0,4,49.59679928028455,26.0,0.24,0.35,0.2775
6691,1115,../environments/random.12.csv,dist_only_social_any,4,-1,1,1,1,0,1,1,2515763587,2734561081,200,False,3,2,9,39.499048030934986,49.0,0.23,0.315,0.27625
6692,1115,../environments/random.12.csv,dist_only_social_any,4,-1,1,1,1,0,1,1,2515763587,2734561081,300,False,5,3,16,61.533377684313486,73.0,0.22,0.3,0.27
6693,1115,../environments/random.12.csv,dist_only_social_any,4,-1,1,1,1,0,1,1,2515763587,2734561081,400,False,8,4,23,19.616020898215645,98.0,0.21,0.3,0.270625
6694,1115,../environments/random.12.csv,dist_only_social_any,4,-1,1,1,1,0,1,1,2515763587,2734561081,500,False,10,7,32,56.29362270596225,124.0,0.208,0.276,0.255
6695,1115,../environments/random.12.csv,dist_only_social_any,4,-1,1,1,1,0,1,1,2515763587,2734561081,599,False,13,8,41,59.330402469647794,150.0,0.21869782971619364,0.2671118530884808,0.25125208681135225
6696,1116,../environments/random.12.csv,dist_only_social_any,4,-1,1,1,1,0,1,1,2515763587,1253946826,100,False,2,0,4,87.05511239944508,25.0,0.16,0.32,0.2475
6697,1116,../environments/random.12.csv,dist_only_social_any,4,-1,1,1,1,0,1,1,2515763587,1253946826,200,False,4,3,13,80.78835834460403,50.0,0.245,0.32,0.28
6698,1116,../environments/random.12.csv,dist_only_social_any,4,-1,1,1,1,0,1,1,2515763587,1253946826,300,False,6,4,19,13.640986324787455,74.0,0.27666666666666667,0.3,0.28833333333333333
6699,1116,../environments/random.12.csv,dist_only_social_any,4,-1,1,1,1,0,1,1,2515763587,1253946826,400,False,8,6,27,20.367846743928702,98.0,0.245,0.265,0.255625
6700,1116,../environments/random.12.csv,dist_only_social_any,4,-1,1,1,1,0,1,1,2515763587,1253946826,500,False,9,6,30,41.31503968626545,124.0,0.23,0.26,0.249
6701,1116,../environments/random.12.csv,dist_only_social_any,4,-1,1,1,1,0,1,1,2515763587,1253946826,599,False,11,6,35,19.34261754766733,146.0,0.2303839732888147,0.2671118530884808,0.248330550918197
6702,1117,../environments/random.12.csv,dist_only_social_any,4,-1,1,1,1,0,1,1,2515763587,1347984585,100,False,3,0,7,40.97390251840362,26.0,0.18,0.35,0.2475
6703,1117,../environments/random.12.csv,dist_only_social_any,4,-1,1,1,1,0,1,1,2515763587,1347984585,200,False,6,2,16,43.96097416355953,53.0,0.205,0.305,0.2425
6704,1117,../environments/random.12.csv,dist_only_social_any,4,-1,1,1,1,0,1,1,2515763587,1347984585,300,False,8,4,24,46.100567042761114,79.0,0.23,0.30666666666666664,0.25333333333333335
6705,1117,../environments/random.12.csv,dist_only_social_any,4,-1,1,1,1,0,1,1,2515763587,1347984585,400,False,10,5,29,26.934987992597655,105.0,0.2325,0.28,0.251875
6706,1117,../environments/random.12.csv,dist_only_social_any,4,-1,1,1,1,0,1,1,2515763587,1347984585,500,False,12,6,36,16.83778839630264,130.0,0.216,0.262,0.239
6707,1117,../environments/random.12.csv,dist_only_social_any,4,-1,1,1,1,0,1,1,2515763587,1347984585,599,False,15,7,42,27.335576140099185,158.0,0.21368948247078465,0.25208681135225375,0.23247078464106843
6708,1118,../environments/random.12.csv,dist_only_social_any,4,-1,1,1,1,0,1,1,2515763587,884777651,100,False,3,0,6,40.947261018573414,25.0,0.21,0.35,0.2875
6709,1118,../environments/random.12.csv,dist_only_social_any,4,-1,1,1,1,0,1,1,2515763587,884777651,200,False,4,1,10,31.217662798305795,48.0,0.19,0.345,0.27
6710,1118,../environments/random.12.csv,dist_only_social_any,4,-1,1,1,1,0,1,1,2515763587,884777651,300,False,8,2,19,44.73131140467834,74.0,0.20333333333333334,0.3333333333333333,0.27416666666666667
6711,1118,../environments/random.12.csv,dist_only_social_any,4,-1,1,1,1,0,1,1,2515763587,884777651,400,False,9,2,22,19.660424813608415,98.0,0.21,0.315,0.265625
6712,1118,../environments/random.12.csv,dist_only_social_any,4,-1,1,1,1,0,1,1,2515763587,884777651,500,False,10,4,29,22.62741699796952,125.0,0.2,0.296,0.2545
6713,1118,../environments/random.12.csv,dist_only_social_any,4,-1,1,1,1,0,1,1,2515763587,884777651,599,False,11,6,37,27.667719263462153,150.0,0.19532554257095158,0.27712854757929883,0.24499165275459098
6714,1119,../environments/random.12.csv,dist_only_social_any,4,-1,1,1,1,0,1,1,2515763587,2299003041,100,False,3,0,6,31.688624591960913,25.0,0.24,0.35,0.2875
6715,1119,../environments/random.12.csv,dist_only_social_any,4,-1,1,1,1,0,1,1,2515763587,2299003041,200,False,6,2,15,68.84382475674761,55.0,0.21,0.285,0.24125
6716,1119,../environments/random.12.csv,dist_only_social_any,4,-1,1,1,1,0,1,1,2515763587,2299003041,300,False,7,2,19,39.776607245561436,80.0,0.22,0.2966666666666667,0.25666666666666665
6717,1119,../environments/random.12.csv,dist_only_social_any,4,-1,1,1,1,0,1,1,2515763587,2299003041,400,False,11,4,30,58.49722026047455,108.0,0.2125,0.2825,0.24375
6718,1119,../environments/random.12.csv,dist_only_social_any,4,-1,1,1,1,0,1,1,2515763587,2299003041,500,False,15,7,37,34.50250926377435,135.0,0.21,0.288,0.249
6719,1119,../environments/random.12.csv,dist_only_social_any,4,-1,1,1,1,0,1,1,2515763587,2299003041,599,False,19,8,45,31.293908089991866,164.0,0.21202003338898165,0.27378964941569284,0.24040066777963273
6720,1120,../environments/random.12.csv,dist_only_social_any,4,-1,1,1,1,0,1,1,3622058494,3334515826,100,False,2,2,8,50.70891317005278,26.0,0.18,0.35,0.2525
6721,1120,../environments/random.12.csv,dist_only_social_any,4,-1,1,1,1,0,1,1,3622058494,3334515826,200,False,5,2,12,34.152271873917044,50.0,0.245,0.32,0.27625
6722,1120,../environments/random.12.csv,dist_only_social_any,4,-1,1,1,1,0,1,1,3622058494,3334515826,300,False,5,2,14,43.778213062858434,77.0,0.24333333333333335,0.27,0.2633333333333333
6723,1120,../environments/random.12.csv,dist_only_social_any,4,-1,1,1,1,0,1,1,3622058494,3334515826,400,False,8,4,24,15.79669127533634,101.0,0.235,0.2775,0.254375
6724,1120,../environments/random.12.csv,dist_only_social_any,4,-1,1,1,1,0,1,1,3622058494,3334515826,500,False,9,6,29,43.522509782740514,127.0,0.232,0.27,0.2535
6725,1120,../environments/random.12.csv,dist_only_social_any,4,-1,1,1,1,0,1,1,3622058494,3334515826,599,False,9,7,33,57.84629309214628,152.0,0.2387312186978297,0.27545909849749584,0.25375626043405675
6726,1121,../environments/random.12.csv,dist_only_social_any,4,-1,1,1,1,0,1,1,3622058494,262994761,100,False,2,1,5,29.83536202187328,24.0,0.24,0.31,0.2725
6727,1121,../environments/random.12.csv,dist_only_social_any,4,-1,1,1,1,0,1,1,3622058494,262994761,200,False,4,1,9,55.05814630064381,51.0,0.23,0.29,0.2525
6728,1121,../environments/random.12.csv,dist_only_social_any,4,-1,1,1,1,0,1,1,3622058494,262994761,300,False,6,5,21,71.18377161974387,78.0,0.23666666666666666,0.27,0.25
6729,1121,../environments/random.12.csv,dist_only_social_any,4,-1,1,1,1,0,1,1,3622058494,262994761,400,False,8,5,27,18.407317850634975,104.0,0.24,0.29,0.260625
6730,1121,../environments/random.12.csv,dist_only_social_any,4,-1,1,1,1,0,1,1,3622058494,262994761,500,False,8,7,30,20.4900803809332,128.0,0.24,0.27,0.253
6731,1121,../environments/random.12.csv,dist_only_social_any,4,-1,1,1,1,0,1,1,3622058494,262994761,599,False,10,8,34,20.83206358376389,154.0,0.2337228714524207,0.25542570951585974,0.24540901502504173
6732,1122,../environments/random.12.csv,dist_only_social_any,4,-1,1,1,1,0,1,1,3622058494,3602806192,100,False,3,0,6,53.685305543124514,26.0,0.14,0.31,0.2425
6733,1122,../environments/random.12.csv,dist_only_social_any,4,-1,1,1,1,0,1,1,3622058494,3602806192,200,False,6,1,15,21.462090029842393,52.0,0.225,0.29,0.26125
6734,1122,../environments/random.12.csv,dist_only_social_any,4,-1,1,1,1,0,1,1,3622058494,3602806192,300,False,9,4,27,31.72660698930538,80.0,0.22666666666666666,0.27,0.2475
6735,1122,../environments/random.12.csv,dist_only_social_any,4,-1,1,1,1,0,1,1,3622058494,3602806192,400,False,10,5,31,43.832867762706115,106.0,0.215,0.26,0.239375
6736,1122,../environments/random.12.csv,dist_only_social_any,4,-1,1,1,1,0,1,1,3622058494,3602806192,500,False,11,7,36,49.949029977693634,133.0,0.212,0.266,0.237
6737,1122,../environments/random.12.csv,dist_only_social_any,4,-1,1,1,1,0,1,1,3622058494,3602806192,599,False,13,9,45,54.72378905395566,161.0,0.21202003338898165,0.24874791318864775,0.22996661101836394
6738,1123,../environments/random.12.csv,dist_only_social_any,4,-1,1,1,1,0,1,1,3622058494,3437971635,100,False,4,0,6,34.450641774995006,24.0,0.18,0.26,0.22
6739,1123,../environments/random.12.csv,dist_only_social_any,4,-1,1,1,1,0,1,1,3622058494,3437971635,200,False,5,0,8,53.55344014681526,52.0,0.18,0.245,0.21375
6740,1123,../environments/random.12.csv,dist_only_social_any,4,-1,1,1,1,0,1,1,3622058494,3437971635,300,False,5,2,13,23.56804390453679,77.0,0.20333333333333334,0.27666666666666667,0.23666666666666666
6741,1123,../environments/random.12.csv,dist_only_social_any,4,-1,1,1,1,0,1,1,3622058494,3437971635,400,False,7,3,21,58.58759512009537,104.0,0.22,0.2775,0.23875
6742,1123,../environments/random.12.csv,dist_only_social_any,4,-1,1,1,1,0,1,1,3622058494,3437971635,500,False,10,4,28,30.366027104922367,129.0,0.232,0.278,0.252
6743,1123,../environments/random.12.csv,dist_only_social_any,4,-1,1,1,1,0,1,1,3622058494,3437971635,599,False,13,5,35,45.34405995388998,156.0,0.2337228714524207,0.25375626043405675,0.24415692821368948
6744,1124,../environments/random.12.csv,dist_only_social_any,4,-1,1,1,1,0,1,1,3622058494,4010425793,100,False,1,0,3,40.23332547255638,25.0,0.24,0.35,0.285
6745,1124,../environments/random.12.csv,dist_only_social_any,4,-1,1,1,1,0,1,1,3622058494,4010425793,200,False,4,1,11,54.21228317402424,52.0,0.21,0.27,0.24
6746,1124,../environments/random.12.csv,dist_only_social_any,4,-1,1,1,1,0,1,1,3622058494,4010425793,300,False,6,2,17,40.980160761866394,79.0,0.19666666666666666,0.27,0.23416666666666666
6747,1124,../environments/random.12.csv,dist_only_social_any,4,-1,1,1,1,0,1,1,3622058494,4010425793,400,False,7,5,23,41.49268292783114,104.0,0.21,0.26,0.2425
6748,1124,../environments/random.12.csv,dist_only_social_any,4,-1,1,1,1,0,1,1,3622058494,4010425793,500,False,8,7,30,56.673363694619056,131.0,0.21,0.254,0.242
6749,1124,../environments/random.12.csv,dist_only_social_any,4,-1,1,1,1,0,1,1,3622058494,4010425793,599,False,12,8,40,28.718379192232955,152.0,0.2287145242070117,0.25542570951585974,0.246661101836394
6750,1125,../environments/random.12.csv,dist_only_social_any,4,-1,1,1,1,0,1,1,3622058494,2734561081,100,False,3,0,7,29.077112318644676,26.0,0.2,0.28,0.2475
6751,1125,../environments/random.12.csv,dist_only_social_any,4,-1,1,1,1,0,1,1,3622058494,2734561081,200,False,5,3,14,33.02920855530845,52.0,0.18,0.275,0.2375
6752,1125,../environments/random.12.csv,dist_only_social_any,4,-1,1,1,1,0,1,1,3622058494,2734561081,300,False,6,3,18,36.10588135130793,77.0,0.21,0.28,0.24083333333333334
6753,1125,../environments/random.12.csv,dist_only_social_any,4,-1,1,1,1,0,1,1,3622058494,2734561081,400,False,8,5,27,13.30056307974577,101.0,0.2175,0.265,0.243125
6754,1125,../environments/random.12.csv,dist_only_social_any,4,-1,1,1,1,0,1,1,3622058494,2734561081,500,False,11,6,33,13.06449510224598,129.0,0.23,0.252,0.24
6755,1125,../environments/random.12.csv,dist_only_social_any,4,-1,1,1,1,0,1,1,3622058494,2734561081,599,False,12,7,37,41.134482763584046,151.0,0.2303839732888147,0.2387312186978297,0.2353923205342237
6756,1126,../environments/random.12.csv,dist_only_social_any,4,-1,1,1,1,0,1,1,3622058494,1253946826,100,False,2,0,4,43.05767398064531,25.0,0.24,0.35,0.28
6757,1126,../environments/random.12.csv,dist_only_social_any,4,-1,1,1,1,0,1,1,3622058494,1253946826,200,False,4,0,9,66.63595290211796,51.0,0.21,0.29,0.2525
6758,1126,../environments/random.12.csv,dist_only_social_any,4,-1,1,1,1,0,1,1,3622058494,1253946826,300,False,6,3,18,39.806162005614,75.0,0.23333333333333334,0.2966666666666667,0.26666666666666666
6759,1126,../environments/random.12.csv,dist_only_social_any,4,-1,1,1,1,0,1,1,3622058494,1253946826,400,False,11,6,31,18.59524158061724,100.0,0.245,0.2925,0.26375
6760,1126,../environments/random.12.csv,dist_only_social_any,4,-1,1,1,1,0,1,1,3622058494,1253946826,500,False,13,7,39,45.83356366175376,127.0,0.234,0.274,0.2475
6761,1126,../environments/random.12.csv,dist_only_social_any,4,-1,1,1,1,0,1,1,3622058494,1253946826,599,False,15,9,48,56.2098266292804,153.0,0.2353923205342237,0.27212020033388984,0.2491652754590985
6762,1127,../environments/random.12.csv,dist_only_social_any,4,-1,1,1,1,0,1,1,3622058494,1347984585,100,False,2,1,5,24.01758657708082,20.0,0.27,0.43,0.3625
6763,1127,../environments/random.12.csv,dist_only_social_any,4,-1,1,1,1,0,1,1,3622058494,1347984585,200,False,4,1,12,20.246537600251443,48.0,0.235,0.32,0.29
6764,1127,../environments/random.12.csv,dist_only_social_any,4,-1,1,1,1,0,1,1,3622058494,1347984585,300,False,8,1,22,41.49623888035515,72.0,0.21333333333333335,0.26666666666666666,0.24583333333333332
6765,1127,../environments/random.12.csv,dist_only_social_any,4,-1,1,1,1,0,1,1,3622058494,1347984585,400,False,10,2,28,29.691261539431085,97.0,0.215,0.26,0.23875
6766,1127,../environments/random.12.csv,dist_only_social_any,4,-1,1,1,1,0,1,1,3622058494,1347984585,500,False,11,3,34,21.95028487146567,123.0,0.226,0.24,0.231
6767,1127,../environments/random.12.csv,dist_only_social_any,4,-1,1,1,1,0,1,1,3622058494,1347984585,599,False,12,4,38,14.654178453005045,149.0,0.22203672787979967,0.24874791318864775,0.2353923205342237
6768,1128,../environments/random.12.csv,dist_only_social_any,4,-1,1,1,1,0,1,1,3622058494,884777651,100,False,3,0,6,71.94598007966806,23.0,0.26,0.35,0.29
6769,1128,../environments/random.12.csv,dist_only_social_any,4,-1,1,1,1,0,1,1,3622058494,884777651,200,False,3,1,8,36.454321113754986,47.0,0.24,0.295,0.275
6770,1128,../environments/random.12.csv,dist_only_social_any,4,-1,1,1,1,0,1,1,3622058494,884777651,300,False,5,2,13,55.74600243194652,75.0,0.23333333333333334,0.27,0.25333333333333335
6771,1128,../environments/random.12.csv,dist_only_social_any,4,-1,1,1,1,0,1,1,3622058494,884777651,400,False,8,2,19,30.03464045954384,102.0,0.2175,0.2625,0.240625
6772,1128,../environments/random.12.csv,dist_only_social_any,4,-1,1,1,1,0,1,1,3622058494,884777651,500,False,10,2,24,47.00545017250702,126.0,0.208,0.254,0.2325
6773,1128,../environments/random.12.csv,dist_only_social_any,4,-1,1,1,1,0,1,1,3622058494,884777651,599,False,15,5,36,24.903520454219006,153.0,0.2036727879799666,0.2654424040066778,0.2337228714524207
6774,1129,../environments/random.12.csv,dist_only_social_any,4,-1,1,1,1,0,1,1,3622058494,2299003041,100,False,4,0,9,26.91253603844103,25.0,0.15,0.37,0.2375
6775,1129,../environments/random.12.csv,dist_only_social_any,4,-1,1,1,1,0,1,1,3622058494,2299003041,200,False,7,2,18,35.92570302122308,53.0,0.19,0.3,0.2325
6776,1129,../environments/random.12.csv,dist_only_social_any,4,-1,1,1,1,0,1,1,3622058494,2299003041,300,False,8,3,22,72.91157758149052,79.0,0.20333333333333334,0.29333333333333333,0.2425
6777,1129,../environments/random.12.csv,dist_only_social_any,4,-1,1,1,1,0,1,1,3622058494,2299003041,400,False,10,4,26,63.103458834669674,106.0,0.2125,0.2875,0.24875
6778,1129,../environments/random.12.csv,dist_only_social_any,4,-1,1,1,1,0,1,1,3622058494,2299003041,500,False,12,5,32,33.560326816678895,132.0,0.228,0.294,0.257
6779,1129,../environments/random.12.csv,dist_only_social_any,4,-1,1,1,1,0,1,1,3622058494,2299003041,599,False,15,7,41,49.32697786457834,159.0,0.2270450751252087,0.2854757929883139,0.25208681135225375
6780,1130,../environments/random.12.csv,dist_only_social_any,4,-1,1,1,1,0,1,1,3859649351,3334515826,100,False,4,1,9,47.81750411027899,26.0,0.21,0.35,0.26
6781,1130,../environments/random.12.csv,dist_only_social_any,4,-1,1,1,1,0,1,1,3859649351,3334515826,200,False,5,2,15,29.444546440779867,53.0,0.235,0.29,0.25125
6782,1130,../environments/random.12.csv,dist_only_social_any,4,-1,1,1,1,0,1,1,3859649351,3334515826,300,False,9,3,24,45.70614852165063,79.0,0.20666666666666667,0.27,0.24333333333333335
6783,1130,../environments/random.12.csv,dist_only_social_any,4,-1,1,1,1,0,1,1,3859649351,3334515826,400,False,10,5,30,27.031821849586287,101.0,0.2025,0.27,0.2375
6784,1130,../environments/random.12.csv,dist_only_social_any,4,-1,1,1,1,0,1,1,3859649351,3334515826,500,False,11,8,35,26.43207805433684,129.0,0.206,0.272,0.2355
6785,1130,../environments/random.12.csv,dist_only_social_any,4,-1,1,1,1,0,1,1,3859649351,3334515826,599,False,12,9,40,18.0,154.0,0.20701168614357263,0.27545909849749584,0.23831385642737896
6786,1131,../environments/random.12.csv,dist_only_social_any,4,-1,1,1,1,0,1,1,3859649351,262994761,100,False,4,0,7,46.40913743591484,25.0,0.19,0.28,0.235
6787,1131,../environments/random.12.csv,dist_only_social_any,4,-1,1,1,1,0,1,1,3859649351,262994761,200,False,6,1,14,15.785844453984339,53.0,0.2,0.245,0.22875
6788,1131,../environments/random.12.csv,dist_only_social_any,4,-1,1,1,1,0,1,1,3859649351,262994761,300,False,8,1,19,43.270026712871015,79.0,0.2,0.23333333333333334,0.2225
6789,1131,../environments/random.12.csv,dist_only_social_any,4,-1,1,1,1,0,1,1,3859649351,262994761,400,False,9,1,24,50.94924348038228,105.0,0.195,0.2375,0.21875
6790,1131,../environments/random.12.csv,dist_only_social_any,4,-1,1,1,1,0,1,1,3859649351,262994761,500,False,10,2,27,28.57655727901249,131.0,0.198,0.252,0.2265
6791,1131,../environments/random.12.csv,dist_only_social_any,4,-1,1,1,1,0,1,1,3859649351,262994761,599,False,13,3,36,24.69620218928583,154.0,0.19031719532554256,0.2387312186978297,0.21911519198664442
6792,1132,../environments/random.12.csv,dist_only_social_any,4,-1,1,1,1,0,1,1,3859649351,3602806192,100,False,4,1,7,36.00398953586948,24.0,0.19,0.38,0.2775
6793,1132,../environments/random.12.csv,dist_only_social_any,4,-1,1,1,1,0,1,1,3859649351,3602806192,200,False,4,2,12,23.710260026798114,52.0,0.175,0.325,0.2575
6794,1132,../environments/random.12.csv,dist_only_social_any,4,-1,1,1,1,0,1,1,3859649351,3602806192,300,False,7,2,17,8.23606797749979,73.0,0.15666666666666668,0.27666666666666667,0.22583333333333333
6795,1132,../environments/random.12.csv,dist_only_social_any,4,-1,1,1,1,0,1,1,3859649351,3602806192,400,False,9,3,24,30.24352683779458,99.0,0.17,0.2575,0.223125
6796,1132,../environments/random.12.csv,dist_only_social_any,4,-1,1,1,1,0,1,1,3859649351,3602806192,500,False,10,5,31,44.26407691889939,123.0,0.178,0.252,0.2255
6797,1132,../environments/random.12.csv,dist_only_social_any,4,-1,1,1,1,0,1,1,3859649351,3602806192,599,False,11,5,33,27.256431185781686,151.0,0.18697829716193656,0.2604340567612688,0.2295492487479132
6798,1133,../environments/random.12.csv,dist_only_social_any,4,-1,1,1,1,0,1,1,3859649351,3437971635,100,False,2,1,5,53.26460248227879,25.0,0.2,0.35,0.2675
6799,1133,../environments/random.12.csv,dist_only_social_any,4,-1,1,1,1,0,1,1,3859649351,3437971635,200,False,5,2,14,21.395623132202235,52.0,0.2,0.33,0.25875
6800,1133,../environments/random.12.csv,dist_only_social_any,4,-1,1,1,1,0,1,1,3859649351,3437971635,300,False,8,2,21,39.88718705994421,75.0,0.19666666666666666,0.29333333333333333,0.23083333333333333
6801,1133,../environments/random.12.csv,dist_only_social_any,4,-1,1,1,1,0,1,1,3859649351,3437971635,400,False,9,5,29,23.91407208841525,103.0,0.2,0.2575,0.216875
6802,1133,../environments/random.12.csv,dist_only_social_any,4,-1,1,1,1,0,1,1,3859649351,3437971635,500,False,10,6,34,39.14271847351009,128.0,0.2,0.258,0.223
6803,1133,../environments/random.12.csv,dist_only_social_any,4,-1,1,1,1,0,1,1,3859649351,3437971635,599,False,11,7,39,25.97799890229561,154.0,0.19532554257095158,0.25375626043405675,0.21869782971619364
6804,1134,../environments/random.12.csv,dist_only_social_any,4,-1,1,1,1,0,1,1,3859649351,4010425793,100,False,1,0,3,45.06123937839406,24.0,0.2,0.3,0.2525
6805,1134,../environments/random.12.csv,dist_only_social_any,4,-1,1,1,1,0,1,1,3859649351,4010425793,200,False,4,2,12,60.025819780944786,51.0,0.21,0.28,0.2475
6806,1134,../environments/random.12.csv,dist_only_social_any,4,-1,1,1,1,0,1,1,3859649351,4010425793,300,False,5,2,17,38.90134267391481,76.0,0.23333333333333334,0.29333333333333333,0.2675
6807,1134,../environments/random.12.csv,dist_only_social_any,4,-1,1,1,1,0,1,1,3859649351,4010425793,400,False,8,3,25,36.210768189708475,103.0,0.2325,0.2725,0.2575
6808,1134,../environments/random.12.csv,dist_only_social_any,4,-1,1,1,1,0,1,1,3859649351,4010425793,500,False,11,4,30,44.855283015642506,128.0,0.236,0.258,0.2505
6809,1134,../environments/random.12.csv,dist_only_social_any,4,-1,1,1,1,0,1,1,3859649351,4010425793,599,False,12,7,38,62.133688098389285,156.0,0.24040066777963273,0.25375626043405675,0.2474958263772955
6810,1135,../environments/random.12.csv,dist_only_social_any,4,-1,1,1,1,0,1,1,3859649351,2734561081,100,False,4,1,9,63.014069997613916,23.0,0.24,0.46,0.3325
6811,1135,../environments/random.12.csv,dist_only_social_any,4,-1,1,1,1,0,1,1,3859649351,2734561081,200,False,5,3,16,43.614446892184304,47.0,0.255,0.4,0.31125
6812,1135,../environments/random.12.csv,dist_only_social_any,4,-1,1,1,1,0,1,1,3859649351,2734561081,300,False,9,3,24,40.35287001745691,72.0,0.23,0.34,0.28583333333333333
6813,1135,../environments/random.12.csv,dist_only_social_any,4,-1,1,1,1,0,1,1,3859649351,2734561081,400,False,10,5,30,34.939719708711465,94.0,0.22,0.2975,0.268125
6814,1135,../environments/random.12.csv,dist_only_social_any,4,-1,1,1,1,0,1,1,3859649351,2734561081,500,False,11,7,35,36.267538419426685,121.0,0.208,0.274,0.25
6815,1135,../environments/random.12.csv,dist_only_social_any,4,-1,1,1,1,0,1,1,3859649351,2734561081,599,False,12,10,42,41.98998245578683,149.0,0.2036727879799666,0.25208681135225375,0.23831385642737896
6816,1136,../environments/random.12.csv,dist_only_social_any,4,-1,1,1,1,0,1,1,3859649351,1253946826,100,False,2,0,5,18.026151131921957,24.0,0.26,0.35,0.295
6817,1136,../environments/random.12.csv,dist_only_social_any,4,-1,1,1,1,0,1,1,3859649351,1253946826,200,False,5,1,12,38.728497728839855,52.0,0.21,0.265,0.24875
6818,1136,../environments/random.12.csv,dist_only_social_any,4,-1,1,1,1,0,1,1,3859649351,1253946826,300,False,7,3,18,32.09975124224178,79.0,0.23,0.24333333333333335,0.23416666666666666
6819,1136,../environments/random.12.csv,dist_only_social_any,4,-1,1,1,1,0,1,1,3859649351,1253946826,400,False,8,3,24,69.5361502492801,102.0,0.2175,0.23,0.225625
6820,1136,../environments/random.12.csv,dist_only_social_any,4,-1,1,1,1,0,1,1,3859649351,1253946826,500,False,9,4,29,54.34213762562931,129.0,0.224,0.252,0.2325
6821,1136,../environments/random.12.csv,dist_only_social_any,4,-1,1,1,1,0,1,1,3859649351,1253946826,599,False,12,6,35,44.504178952816794,155.0,0.22537562604340566,0.24707846410684475,0.23580968280467446
6822,1137,../environments/random.12.csv,dist_only_social_any,4,-1,1,1,1,0,1,1,3859649351,1347984585,100,False,3,0,6,39.00124854696987,22.0,0.2,0.36,0.305
6823,1137,../environments/random.12.csv,dist_only_social_any,4,-1,1,1,1,0,1,1,3859649351,1347984585,200,False,6,0,16,29.600260926428874,47.0,0.24,0.31,0.27
6824,1137,../environments/random.12.csv,dist_only_social_any,4,-1,1,1,1,0,1,1,3859649351,1347984585,300,False,9,2,25,36.205212172738094,74.0,0.23666666666666666,0.26666666666666666,0.24916666666666668
6825,1137,../environments/random.12.csv,dist_only_social_any,4,-1,1,1,1,0,1,1,3859649351,1347984585,400,False,12,4,31,45.13986687473407,100.0,0.2375,0.26,0.24875
6826,1137,../environments/random.12.csv,dist_only_social_any,4,-1,1,1,1,0,1,1,3859649351,1347984585,500,False,13,6,35,28.307034483725637,127.0,0.25,0.266,0.2555
6827,1137,../environments/random.12.csv,dist_only_social_any,4,-1,1,1,1,0,1,1,3859649351,1347984585,599,False,14,8,41,35.85310819872049,155.0,0.24373956594323873,0.2570951585976628,0.24791318864774625
6828,1138,../environments/random.12.csv,dist_only_social_any,4,-1,1,1,1,0,1,1,3859649351,884777651,100,False,3,0,6,29.835458476106194,26.0,0.13,0.35,0.24
6829,1138,../environments/random.12.csv,dist_only_social_any,4,-1,1,1,1,0,1,1,3859649351,884777651,200,False,6,1,13,11.738768882709856,51.0,0.18,0.28,0.22
6830,1138,../environments/random.12.csv,dist_only_social_any,4,-1,1,1,1,0,1,1,3859649351,884777651,300,False,8,2,19,41.630287793868746,78.0,0.17333333333333334,0.26666666666666666,0.21916666666666668
6831,1138,../environments/random.12.csv,dist_only_social_any,4,-1,1,1,1,0,1,1,3859649351,884777651,400,False,9,2,23,33.79920916877681,100.0,0.2,0.275,0.23125
6832,1138,../environments/random.12.csv,dist_only_social_any,4,-1,1,1,1,0,1,1,3859649351,884777651,500,False,11,3,28,33.25198203922895,128.0,0.202,0.25,0.2325
6833,1138,../environments/random.12.csv,dist_only_social_any,4,-1,1,1,1,0,1,1,3859649351,884777651,599,False,12,4,31,31.37377826337532,150.0,0.21368948247078465,0.2570951585976628,0.23747913188647746
6834,1139,../environments/random.12.csv,dist_only_social_any,4,-1,1,1,1,0,1,1,3859649351,2299003041,100,False,2,1,5,22.32988690235785,23.0,0.26,0.35,0.3125
6835,1139,../environments/random.12.csv,dist_only_social_any,4,-1,1,1,1,0,1,1,3859649351,2299003041,200,False,4,1,10,30.091668691044738,49.0,0.2,0.29,0.2525
6836,1139,../environments/random.12.csv,dist_only_social_any,4,-1,1,1,1,0,1,1,3859649351,2299003041,300,False,5,2,14,76.22849706788728,79.0,0.19333333333333333,0.27,0.2325
6837,1139,../environments/random.12.csv,dist_only_social_any,4,-1,1,1,1,0,1,1,3859649351,2299003041,400,False,7,3,20,46.09220981189995,101.0,0.225,0.2625,0.2475
6838,1139,../environments/random.12.csv,dist_only_social_any,4,-1,1,1,1,0,1,1,3859649351,2299003041,500,False,11,4,30,31.275937437896967,127.0,0.214,0.254,0.2335
6839,1139,../environments/random.12.csv,dist_only_social_any,4,-1,1,1,1,0,1,1,3859649351,2299003041,599,False,11,4,35,44.594555676890394,153.0,0.21368948247078465,0.24874791318864775,0.2287145242070117
6840,1140,../environments/random.12.csv,dist_only_social_any,4,-1,1,1,1,0,1,1,3788962293,3334515826,100,False,4,0,6,22.93975529467841,25.0,0.19,0.4,0.29
6841,1140,../environments/random.12.csv,dist_only_social_any,4,-1,1,1,1,0,1,1,3788962293,3334515826,200,False,4,1,8,43.67075448464328,52.0,0.19,0.365,0.2625
6842,1140,../environments/random.12.csv,dist_only_social_any,4,-1,1,1,1,0,1,1,3788962293,3334515826,300,False,5,4,18,40.80441152620633,80.0,0.22,0.29,0.24166666666666667
6843,1140,../environments/random.12.csv,dist_only_social_any,4,-1,1,1,1,0,1,1,3788962293,3334515826,400,False,7,6,25,15.38905042258274,103.0,0.23,0.2875,0.25125
6844,1140,../environments/random.12.csv,dist_only_social_any,4,-1,1,1,1,0,1,1,3788962293,3334515826,500,False,9,7,33,8.06449510224598,128.0,0.228,0.268,0.2395
6845,1140,../environments/random.12.csv,dist_only_social_any,4,-1,1,1,1,0,1,1,3788962293,3334515826,599,False,12,8,40,18.91625762894529,152.0,0.22370617696160267,0.2587646076794658,0.23414023372287146
6846,1141,../environments/random.12.csv,dist_only_social_any,4,-1,1,1,1,0,1,1,3788962293,262994761,100,False,3,1,9,38.243212291060004,23.0,0.27,0.28,0.2775
6847,1141,../environments/random.12.csv,dist_only_social_any,4,-1,1,1,1,0,1,1,3788962293,262994761,200,False,5,2,16,11.12899020449196,50.0,0.265,0.29,0.28125
6848,1141,../environments/random.12.csv,dist_only_social_any,4,-1,1,1,1,0,1,1,3788962293,262994761,300,False,7,6,25,25.134392014912088,75.0,0.23,0.25,0.23666666666666666
6849,1141,../environments/random.12.csv,dist_only_social_any,4,-1,1,1,1,0,1,1,3788962293,262994761,400,False,8,7,29,40.83032146614748,100.0,0.21,0.2375,0.22125
6850,1141,../environments/random.12.csv,dist_only_social_any,4,-1,1,1,1,0,1,1,3788962293,262994761,500,False,10,8,36,47.919567857696535,130.0,0.208,0.232,0.224
6851,1141,../environments/random.12.csv,dist_only_social_any,4,-1,1,1,1,0,1,1,3788962293,262994761,599,False,10,9,39,15.727968770336455,148.0,0.2287145242070117,0.2353923205342237,0.23121869782971619
6852,1142,../environments/random.12.csv,dist_only_social_any,4,-1,1,1,1,0,1,1,3788962293,3602806192,100,False,2,0,3,29.18536337391621,22.0,0.29,0.42,0.3475
6853,1142,../environments/random.12.csv,dist_only_social_any,4,-1,1,1,1,0,1,1,3788962293,3602806192,200,False,3,1,9,37.45086373896875,50.0,0.25,0.345,0.29625
6854,1142,../environments/random.12.csv,dist_only_social_any,4,-1,1,1,1,0,1,1,3788962293,3602806192,300,False,5,3,14,19.47213595499958,75.0,0.24,0.3,0.2708333333333333
6855,1142,../environments/random.12.csv,dist_only_social_any,4,-1,1,1,1,0,1,1,3788962293,3602806192,400,False,6,3,19,10.650281539872886,99.0,0.22,0.26,0.24375
6856,1142,../environments/random.12.csv,dist_only_social_any,4,-1,1,1,1,0,1,1,3788962293,3602806192,500,False,8,5,25,21.850876460852596,123.0,0.218,0.264,0.2395
6857,1142,../environments/random.12.csv,dist_only_social_any,4,-1,1,1,1,0,1,1,3788962293,3602806192,599,False,9,7,34,47.646506354130196,150.0,0.21202003338898165,0.2621035058430718,0.24165275459098498
6858,1143,../environments/random.12.csv,dist_only_social_any,4,-1,1,1,1,0,1,1,3788962293,3437971635,100,False,3,0,5,43.63874571380404,22.0,0.24,0.29,0.2675
6859,1143,../environments/random.12.csv,dist_only_social_any,4,-1,1,1,1,0,1,1,3788962293,3437971635,200,False,5,2,11,41.04218094811154,48.0,0.24,0.285,0.265
6860,1143,../environments/random.12.csv,dist_only_social_any,4,-1,1,1,1,0,1,1,3788962293,3437971635,300,False,7,2,18,23.527597826604058,74.0,0.24333333333333335,0.27,0.2575
6861,1143,../environments/random.12.csv,dist_only_social_any,4,-1,1,1,1,0,1,1,3788962293,3437971635,400,False,10,4,27,56.68598723708172,101.0,0.21,0.285,0.2475
6862,1143,../environments/random.12.csv,dist_only_social_any,4,-1,1,1,1,0,1,1,3788962293,3437971635,500,False,11,7,38,42.13288747780054,127.0,0.224,0.262,0.2445
6863,1143,../environments/random.12.csv,dist_only_social_any,4,-1,1,1,1,0,1,1,3788962293,3437971635,599,False,13,8,42,24.64077579564208,151.0,0.20701168614357263,0.25375626043405675,0.23247078464106843
6864,1144,../environments/random.12.csv,dist_only_social_any,4,-1,1,1,1,0,1,1,3788962293,4010425793,100,False,2,1,5,28.87385442141696,23.0,0.23,0.35,0.29
6865,1144,../environments/random.12.csv,dist_only_social_any,4,-1,1,1,1,0,1,1,3788962293,4010425793,200,False,4,1,8,35.97196342741377,51.0,0.225,0.29,0.2525
6866,1144,../environments/random.12.csv,dist_only_social_any,4,-1,1,1,1,0,1,1,3788962293,4010425793,300,False,7,3,18,21.315271402935252,78.0,0.22666666666666666,0.29,0.24833333333333332
6867,1144,../environments/random.12.csv,dist_only_social_any,4,-1,1,1,1,0,1,1,3788962293,4010425793,400,False,8,4,22,64.35940864012272,105.0,0.2125,0.26,0.233125
6868,1144,../environments/random.12.csv,dist_only_social_any,4,-1,1,1,1,0,1,1,3788962293,4010425793,500,False,10,5,28,25.298221281347036,132.0,0.228,0.256,0.241
6869,1144,../environments/random.12.csv,dist_only_social_any,4,-1,1,1,1,0,1,1,3788962293,4010425793,599,False,11,7,33,11.64755903440695,149.0,0.21702838063439064,0.24373956594323873,0.2287145242070117
6870,1145,../environments/random.12.csv,dist_only_social_any,4,-1,1,1,1,0,1,1,3788962293,2734561081,100,False,4,0,7,16.935664825658925,23.0,0.25,0.46,0.3475
6871,1145,../environments/random.12.csv,dist_only_social_any,4,-1,1,1,1,0,1,1,3788962293,2734561081,200,False,7,1,16,52.562581104672375,51.0,0.27,0.315,0.2875
6872,1145,../environments/random.12.csv,dist_only_social_any,4,-1,1,1,1,0,1,1,3788962293,2734561081,300,False,8,2,22,30.398521542910903,76.0,0.24333333333333335,0.31333333333333335,0.2916666666666667
6873,1145,../environments/random.12.csv,dist_only_social_any,4,-1,1,1,1,0,1,1,3788962293,2734561081,400,False,9,4,28,24.813107803083483,101.0,0.22,0.2875,0.261875
6874,1145,../environments/random.12.csv,dist_only_social_any,4,-1,1,1,1,0,1,1,3788962293,2734561081,500,False,12,5,34,33.49467324708549,121.0,0.216,0.282,0.253
6875,1145,../environments/random.12.csv,dist_only_social_any,4,-1,1,1,1,0,1,1,3788962293,2734561081,599,False,15,5,39,31.472844707829672,146.0,0.21702838063439064,0.2704507512520868,0.24332220367278798
6876,1146,../environments/random.12.csv,dist_only_social_any,4,-1,1,1,1,0,1,1,3788962293,1253946826,100,False,3,0,6,46.43611295012002,23.0,0.31,0.35,0.3275
6877,1146,../environments/random.12.csv,dist_only_social_any,4,-1,1,1,1,0,1,1,3788962293,1253946826,200,False,4,2,12,19.456625671418102,49.0,0.24,0.3,0.27
6878,1146,../environments/random.12.csv,dist_only_social_any,4,-1,1,1,1,0,1,1,3788962293,1253946826,300,False,6,3,19,43.97099754760003,78.0,0.23,0.26666666666666666,0.2475
6879,1146,../environments/random.12.csv,dist_only_social_any,4,-1,1,1,1,0,1,1,3788962293,1253946826,400,False,9,4,29,29.879807067543815,100.0,0.2125,0.2825,0.25125
6880,1146,../environments/random.12.csv,dist_only_social_any,4,-1,1,1,1,0,1,1,3788962293,1253946826,500,False,11,5,34,19.52926092857571,129.0,0.228,0.264,0.2445
6881,1146,../environments/random.12.csv,dist_only_social_any,4,-1,1,1,1,0,1,1,3788962293,1253946826,599,False,11,7,39,55.08135707979882,153.0,0.21702838063439064,0.2637729549248748,0.24081803005008348
6882,1147,../environments/random.12.csv,dist_only_social_any,4,-1,1,1,1,0,1,1,3788962293,1347984585,100,False,3,1,8,44.509127257285805,23.0,0.27,0.45,0.3425
6883,1147,../environments/random.12.csv,dist_only_social_any,4,-1,1,1,1,0,1,1,3788962293,1347984585,200,False,4,2,13,51.97881225811685,50.0,0.24,0.33,0.28875
6884,1147,../environments/random.12.csv,dist_only_social_any,4,-1,1,1,1,0,1,1,3788962293,1347984585,300,False,6,4,21,67.48866812856278,78.0,0.25,0.2833333333333333,0.27166666666666667
6885,1147,../environments/random.12.csv,dist_only_social_any,4,-1,1,1,1,0,1,1,3788962293,1347984585,400,False,8,5,25,32.264511741252214,102.0,0.2625,0.3,0.276875
6886,1147,../environments/random.12.csv,dist_only_social_any,4,-1,1,1,1,0,1,1,3788962293,1347984585,500,False,11,7,35,22.688252656979387,128.0,0.234,0.272,0.258
6887,1147,../environments/random.12.csv,dist_only_social_any,4,-1,1,1,1,0,1,1,3788962293,1347984585,599,False,13,7,42,49.514604936058326,153.0,0.24207011686143573,0.24874791318864775,0.246661101836394
6888,1148,../environments/random.12.csv,dist_only_social_any,4,-1,1,1,1,0,1,1,3788962293,884777651,100,False,4,0,6,43.207119639388736,23.0,0.23,0.35,0.28
6889,1148,../environments/random.12.csv,dist_only_social_any,4,-1,1,1,1,0,1,1,3788962293,884777651,200,False,6,2,14,51.80198658993439,49.0,0.22,0.305,0.255
6890,1148,../environments/random.12.csv,dist_only_social_any,4,-1,1,1,1,0,1,1,3788962293,884777651,300,False,8,3,21,39.87720341846049,75.0,0.23666666666666666,0.2866666666666667,0.26666666666666666
6891,1148,../environments/random.12.csv,dist_only_social_any,4,-1,1,1,1,0,1,1,3788962293,884777651,400,False,9,6,28,65.02346883080774,104.0,0.2325,0.2675,0.248125
6892,1148,../environments/random.12.csv,dist_only_social_any,4,-1,1,1,1,0,1,1,3788962293,884777651,500,False,10,7,33,28.55638278750559,131.0,0.232,0.272,0.2515
6893,1148,../environments/random.12.csv,dist_only_social_any,4,-1,1,1,1,0,1,1,3788962293,884777651,599,False,10,10,40,16.960987893354186,155.0,0.2303839732888147,0.25375626043405675,0.24457429048414023
6894,1149,../environments/random.12.csv,dist_only_social_any,4,-1,1,1,1,0,1,1,3788962293,2299003041,100,False,4,2,10,22.19696199942009,24.0,0.21,0.3,0.26
6895,1149,../environments/random.12.csv,dist_only_social_any,4,-1,1,1,1,0,1,1,3788962293,2299003041,200,False,7,3,19,69.62322740548521,51.0,0.235,0.28,0.2475
6896,1149,../environments/random.12.csv,dist_only_social_any,4,-1,1,1,1,0,1,1,3788962293,2299003041,300,False,8,4,23,47.76830064773167,77.0,0.23333333333333334,0.26666666666666666,0.2475
6897,1149,../environments/random.12.csv,dist_only_social_any,4,-1,1,1,1,0,1,1,3788962293,2299003041,400,False,9,5,29,30.9340278881711,102.0,0.215,0.27,0.244375
6898,1149,../environments/random.12.csv,dist_only_social_any,4,-1,1,1,1,0,1,1,3788962293,2299003041,500,False,11,7,36,17.313755207963357,130.0,0.21,0.252,0.239
6899,1149,../environments/random.12.csv,dist_only_social_any,4,-1,1,1,1,0,1,1,3788962293,2299003041,599,False,12,8,42,42.11730402627185,152.0,0.19532554257095158,0.24707846410684475,0.22579298831385644
6900,1150,../environments/random.12.csv,dist_only_social_any,4,-1,1,1,1,0,1,1,4075238685,3334515826,100,False,3,0,4,35.212492226706985,24.0,0.2,0.28,0.245
6901,1150,../environments/random.12.csv,dist_only_social_any,4,-1,1,1,1,0,1,1,4075238685,3334515826,200,False,6,2,13,53.63166325126237,53.0,0.225,0.29,0.24375
6902,1150,../environments/random.12.csv,dist_only_social_any,4,-1,1,1,1,0,1,1,4075238685,3334515826,300,False,7,3,22,46.48913313358711,77.0,0.23333333333333334,0.29333333333333333,0.2625
6903,1150,../environments/random.12.csv,dist_only_social_any,4,-1,1,1,1,0,1,1,4075238685,3334515826,400,False,9,6,32,14.906114355209759,103.0,0.2175,0.26,0.2475
6904,1150,../environments/random.12.csv,dist_only_social_any,4,-1,1,1,1,0,1,1,4075238685,3334515826,500,False,9,8,35,59.14272366910441,126.0,0.226,0.278,0.2535
6905,1150,../environments/random.12.csv,dist_only_social_any,4,-1,1,1,1,0,1,1,4075238685,3334515826,599,False,11,9,41,26.258729330191986,151.0,0.22203672787979967,0.2621035058430718,0.24373956594323873
6906,1151,../environments/random.12.csv,dist_only_social_any,4,-1,1,1,1,0,1,1,4075238685,262994761,100,False,2,0,5,17.508616776191694,24.0,0.15,0.31,0.2625
6907,1151,../environments/random.12.csv,dist_only_social_any,4,-1,1,1,1,0,1,1,4075238685,262994761,200,False,3,2,10,19.94427190999916,51.0,0.195,0.27,0.23625
6908,1151,../environments/random.12.csv,dist_only_social_any,4,-1,1,1,1,0,1,1,4075238685,262994761,300,False,6,4,20,56.064887476410725,77.0,0.21333333333333335,0.23,0.2225
6909,1151,../environments/random.12.csv,dist_only_social_any,4,-1,1,1,1,0,1,1,4075238685,262994761,400,False,8,5,26,50.57296988992881,103.0,0.2225,0.2575,0.239375
6910,1151,../environments/random.12.csv,dist_only_social_any,4,-1,1,1,1,0,1,1,4075238685,262994761,500,False,10,5,32,44.0719750315599,127.0,0.226,0.258,0.237
6911,1151,../environments/random.12.csv,dist_only_social_any,4,-1,1,1,1,0,1,1,4075238685,262994761,599,False,13,5,36,39.146914842250126,153.0,0.21202003338898165,0.2570951585976628,0.2295492487479132
6912,1152,../environments/random.12.csv,dist_only_social_any,4,-1,1,1,1,0,1,1,4075238685,3602806192,100,False,2,1,6,42.803376911895256,26.0,0.23,0.31,0.2725
6913,1152,../environments/random.12.csv,dist_only_social_any,4,-1,1,1,1,0,1,1,4075238685,3602806192,200,False,6,2,13,7.0,52.0,0.215,0.315,0.2625
6914,1152,../environments/random.12.csv,dist_only_social_any,4,-1,1,1,1,0,1,1,4075238685,3602806192,300,False,7,2,18,16.84819196258327,73.0,0.18666666666666668,0.2633333333333333,0.22083333333333333
6915,1152,../environments/random.12.csv,dist_only_social_any,4,-1,1,1,1,0,1,1,4075238685,3602806192,400,False,8,3,23,59.36355786852975,100.0,0.195,0.285,0.235625
6916,1152,../environments/random.12.csv,dist_only_social_any,4,-1,1,1,1,0,1,1,4075238685,3602806192,500,False,9,4,29,33.7187093937425,126.0,0.194,0.256,0.2265
6917,1152,../environments/random.12.csv,dist_only_social_any,4,-1,1,1,1,0,1,1,4075238685,3602806192,599,False,12,5,39,34.66763772769608,154.0,0.19699499165275458,0.24707846410684475,0.22495826377295491
6918,1153,../environments/random.12.csv,dist_only_social_any,4,-1,1,1,1,0,1,1,4075238685,3437971635,100,False,2,0,3,70.23351805797391,25.0,0.24,0.3,0.275
6919,1153,../environments/random.12.csv,dist_only_social_any,4,-1,1,1,1,0,1,1,4075238685,3437971635,200,False,3,0,6,28.467645584416942,52.0,0.26,0.29,0.26875
6920,1153,../environments/random.12.csv,dist_only_social_any,4,-1,1,1,1,0,1,1,4075238685,3437971635,300,False,6,3,19,27.511683163419704,78.0,0.23,0.26666666666666666,0.2475
6921,1153,../environments/random.12.csv,dist_only_social_any,4,-1,1,1,1,0,1,1,4075238685,3437971635,400,False,7,6,25,34.03464045954384,103.0,0.21,0.26,0.23375
6922,1153,../environments/random.12.csv,dist_only_social_any,4,-1,1,1,1,0,1,1,4075238685,3437971635,500,False,10,7,36,47.13007368211618,131.0,0.208,0.256,0.231
6923,1153,../environments/random.12.csv,dist_only_social_any,4,-1,1,1,1,0,1,1,4075238685,3437971635,599,False,11,10,41,85.56615077849884,158.0,0.21869782971619364,0.25041736227045075,0.2345575959933222
6924,1154,../environments/random.12.csv,dist_only_social_any,4,-1,1,1,1,0,1,1,4075238685,4010425793,100,False,3,1,6,47.150407628351886,25.0,0.16,0.35,0.2425
6925,1154,../environments/random.12.csv,dist_only_social_any,4,-1,1,1,1,0,1,1,4075238685,4010425793,200,False,5,2,12,20.0,52.0,0.185,0.295,0.24
6926,1154,../environments/random.12.csv,dist_only_social_any,4,-1,1,1,1,0,1,1,4075238685,4010425793,300,False,6,3,18,26.194904136601306,80.0,0.17666666666666667,0.26666666666666666,0.22166666666666668
6927,1154,../environments/random.12.csv,dist_only_social_any,4,-1,1,1,1,0,1,1,4075238685,4010425793,400,False,8,4,25,20.092606731878195,104.0,0.1875,0.255,0.223125
6928,1154,../environments/random.12.csv,dist_only_social_any,4,-1,1,1,1,0,1,1,4075238685,4010425793,500,False,10,5,32,34.52761815965657,131.0,0.184,0.236,0.212
6929,1154,../environments/random.12.csv,dist_only_social_any,4,-1,1,1,1,0,1,1,4075238685,4010425793,599,False,12,7,36,27.388646903307226,155.0,0.19198664440734559,0.2337228714524207,0.20617696160267113
6930,1155,../environments/random.12.csv,dist_only_social_any,4,-1,1,1,1,0,1,1,4075238685,2734561081,100,False,2,0,5,22.12447358917121,24.0,0.2,0.37,0.305
6931,1155,../environments/random.12.csv,dist_only_social_any,4,-1,1,1,1,0,1,1,4075238685,2734561081,200,False,6,1,15,44.53377313153689,50.0,0.19,0.285,0.24125
6932,1155,../environments/random.12.csv,dist_only_social_any,4,-1,1,1,1,0,1,1,4075238685,2734561081,300,False,8,3,22,37.475943107831355,76.0,0.19666666666666666,0.29333333333333333,0.2525
6933,1155,../environments/random.12.csv,dist_only_social_any,4,-1,1,1,1,0,1,1,4075238685,2734561081,400,False,8,5,26,12.048627177541054,101.0,0.2225,0.2875,0.25125
6934,1155,../environments/random.12.csv,dist_only_social_any,4,-1,1,1,1,0,1,1,4075238685,2734561081,500,False,10,7,35,64.29424542138403,129.0,0.21,0.276,0.241
6935,1155,../environments/random.12.csv,dist_only_social_any,4,-1,1,1,1,0,1,1,4075238685,2734561081,599,False,13,7,42,61.984778138959015,155.0,0.20868113522537562,0.2570951585976628,0.2353923205342237
6936,1156,../environments/random.12.csv,dist_only_social_any,4,-1,1,1,1,0,1,1,4075238685,1253946826,100,False,4,0,8,14.699596848159135,25.0,0.18,0.34,0.2475
6937,1156,../environments/random.12.csv,dist_only_social_any,4,-1,1,1,1,0,1,1,4075238685,1253946826,200,False,5,2,14,38.74938919618498,51.0,0.18,0.26,0.2125
6938,1156,../environments/random.12.csv,dist_only_social_any,4,-1,1,1,1,0,1,1,4075238685,1253946826,300,False,6,3,18,19.733433128760744,77.0,0.19333333333333333,0.23333333333333334,0.21583333333333332
6939,1156,../environments/random.12.csv,dist_only_social_any,4,-1,1,1,1,0,1,1,4075238685,1253946826,400,False,9,3,24,17.01602785260983,103.0,0.1925,0.225,0.208125
6940,1156,../environments/random.12.csv,dist_only_social_any,4,-1,1,1,1,0,1,1,4075238685,1253946826,500,False,11,4,31,22.72134935173836,131.0,0.186,0.21,0.2005
6941,1156,../environments/random.12.csv,dist_only_social_any,4,-1,1,1,1,0,1,1,4075238685,1253946826,599,False,14,5,38,51.739699285174304,156.0,0.19031719532554256,0.20868113522537562,0.2011686143572621
6942,1157,../environments/random.12.csv,dist_only_social_any,4,-1,1,1,1,0,1,1,4075238685,1347984585,100,False,5,1,10,53.49115979344602,23.0,0.27,0.31,0.2875
6943,1157,../environments/random.12.csv,dist_only_social_any,4,-1,1,1,1,0,1,1,4075238685,1347984585,200,False,6,4,19,36.53468067286548,52.0,0.235,0.29,0.26125
6944,1157,../environments/random.12.csv,dist_only_social_any,4,-1,1,1,1,0,1,1,4075238685,1347984585,300,False,7,4,21,40.69354938198039,77.0,0.23333333333333334,0.30333333333333334,0.27166666666666667
6945,1157,../environments/random.12.csv,dist_only_social_any,4,-1,1,1,1,0,1,1,4075238685,1347984585,400,False,8,5,25,27.180147861941094,103.0,0.2225,0.29,0.26
6946,1157,../environments/random.12.csv,dist_only_social_any,4,-1,1,1,1,0,1,1,4075238685,1347984585,500,False,13,5,33,50.932178130595936,131.0,0.232,0.276,0.254
6947,1157,../environments/random.12.csv,dist_only_social_any,4,-1,1,1,1,0,1,1,4075238685,1347984585,599,False,14,6,40,79.13807895766348,158.0,0.2287145242070117,0.2671118530884808,0.24707846410684475
6948,1158,../environments/random.12.csv,dist_only_social_any,4,-1,1,1,1,0,1,1,4075238685,884777651,100,False,2,1,5,70.88744800988512,25.0,0.22,0.32,0.255
6949,1158,../environments/random.12.csv,dist_only_social_any,4,-1,1,1,1,0,1,1,4075238685,884777651,200,False,5,1,12,61.93419307596526,51.0,0.185,0.325,0.24875
6950,1158,../environments/random.12.csv,dist_only_social_any,4,-1,1,1,1,0,1,1,4075238685,884777651,300,False,7,3,20,56.7500286292278,76.0,0.2,0.29333333333333333,0.23833333333333334
6951,1158,../environments/random.12.csv,dist_only_social_any,4,-1,1,1,1,0,1,1,4075238685,884777651,400,False,9,6,29,8.242640687119284,102.0,0.2125,0.2575,0.23375
6952,1158,../environments/random.12.csv,dist_only_social_any,4,-1,1,1,1,0,1,1,4075238685,884777651,500,False,11,6,34,24.26029677548412,129.0,0.21,0.242,0.2275
6953,1158,../environments/random.12.csv,dist_only_social_any,4,-1,1,1,1,0,1,1,4075238685,884777651,599,False,13,7,40,40.13795206294955,155.0,0.2020033388981636,0.2387312186978297,0.22454090150250416
6954,1159,../environments/random.12.csv,dist_only_social_any,4,-1,1,1,1,0,1,1,4075238685,2299003041,100,False,2,1,7,68.79973654826307,26.0,0.2,0.35,0.265
6955,1159,../environments/random.12.csv,dist_only_social_any,4,-1,1,1,1,0,1,1,4075238685,2299003041,200,False,6,4,19,72.67483012636907,53.0,0.235,0.29,0.265
6956,1159,../environments/random.12.csv,dist_only_social_any,4,-1,1,1,1,0,1,1,4075238685,2299003041,300,False,6,5,23,22.102721085591984,75.0,0.2633333333333333,0.29333333333333333,0.2791666666666667
6957,1159,../environments/random.12.csv,dist_only_social_any,4,-1,1,1,1,0,1,1,4075238685,2299003041,400,False,10,5,30,19.010469622751653,102.0,0.255,0.28,0.268125
6958,1159,../environments/random.12.csv,dist_only_social_any,4,-1,1,1,1,0,1,1,4075238685,2299003041,500,False,12,6,38,43.30029370041068,129.0,0.24,0.256,0.2485
6959,1159,../environments/random.12.csv,dist_only_social_any,4,-1,1,1,1,0,1,1,4075238685,2299003041,599,False,12,7,40,40.91121092456394,155.0,0.2287145242070117,0.25375626043405675,0.24332220367278798
6960,1160,../environments/random.12.csv,dist_only_social_any,4,-1,1,1,1,0,1,1,1315049272,3334515826,100,False,3,1,7,62.700621492660915,26.0,0.18,0.35,0.275
6961,1160,../environments/random.12.csv,dist_only_social_any,4,-1,1,1,1,0,1,1,1315049272,3334515826,200,False,4,2,12,60.78764774379239,51.0,0.2,0.335,0.2825
6962,1160,../environments/random.12.csv,dist_only_social_any,4,-1,1,1,1,0,1,1,1315049272,3334515826,300,False,5,2,16,58.94102968159194,77.0,0.23,0.2866666666666667,0.2675
6963,1160,../environments/random.12.csv,dist_only_social_any,4,-1,1,1,1,0,1,1,1315049272,3334515826,400,False,8,5,24,46.110872298611866,104.0,0.235,0.2825,0.25125
6964,1160,../environments/random.12.csv,dist_only_social_any,4,-1,1,1,1,0,1,1,1315049272,3334515826,500,False,11,5,32,42.08434949383355,127.0,0.236,0.284,0.262
6965,1160,../environments/random.12.csv,dist_only_social_any,4,-1,1,1,1,0,1,1,1315049272,3334515826,599,False,12,6,36,58.06272452381769,154.0,0.2337228714524207,0.27212020033388984,0.2525041736227045
6966,1161,../environments/random.12.csv,dist_only_social_any,4,-1,1,1,1,0,1,1,1315049272,262994761,100,False,3,1,7,37.2781704998278,25.0,0.24,0.35,0.2875
6967,1161,../environments/random.12.csv,dist_only_social_any,4,-1,1,1,1,0,1,1,1315049272,262994761,200,False,5,1,10,52.88998650697699,54.0,0.235,0.29,0.255
6968,1161,../environments/random.12.csv,dist_only_social_any,4,-1,1,1,1,0,1,1,1315049272,262994761,300,False,6,3,19,17.30056307974577,79.0,0.22333333333333333,0.30333333333333334,0.25
6969,1161,../environments/random.12.csv,dist_only_social_any,4,-1,1,1,1,0,1,1,1315049272,262994761,400,False,9,5,27,15.83641866422905,108.0,0.2275,0.2675,0.24
6970,1161,../environments/random.12.csv,dist_only_social_any,4,-1,1,1,1,0,1,1,1315049272,262994761,500,False,11,6,32,11.65685424949238,132.0,0.216,0.254,0.23
6971,1161,../environments/random.12.csv,dist_only_social_any,4,-1,1,1,1,0,1,1,1315049272,262994761,599,False,13,7,36,0.0,152.0,0.22203672787979967,0.2604340567612688,0.2353923205342237
6972,1162,../environments/random.12.csv,dist_only_social_any,4,-1,1,1,1,0,1,1,1315049272,3602806192,100,False,2,0,4,34.360690764375825,23.0,0.26,0.36,0.2925
6973,1162,../environments/random.12.csv,dist_only_social_any,4,-1,1,1,1,0,1,1,1315049272,3602806192,200,False,5,0,13,29.087050032349488,52.0,0.21,0.26,0.24125
6974,1162,../environments/random.12.csv,dist_only_social_any,4,-1,1,1,1,0,1,1,1315049272,3602806192,300,False,7,0,16,34.027678519213424,75.0,0.19666666666666666,0.24666666666666667,0.2275
6975,1162,../environments/random.12.csv,dist_only_social_any,4,-1,1,1,1,0,1,1,1315049272,3602806192,400,False,11,4,31,43.591164354516934,103.0,0.205,0.225,0.218125
6976,1162,../environments/random.12.csv,dist_only_social_any,4,-1,1,1,1,0,1,1,1315049272,3602806192,500,False,12,5,38,39.38080605649644,129.0,0.194,0.248,0.2305
6977,1162,../environments/random.12.csv,dist_only_social_any,4,-1,1,1,1,0,1,1,1315049272,3602806192,599,False,13,6,41,37.87115718444645,155.0,0.21702838063439064,0.25542570951585974,0.2387312186978297
6978,1163,../environments/random.12.csv,dist_only_social_any,4,-1,1,1,1,0,1,1,1315049272,3437971635,100,False,3,1,7,66.97840796849957,22.0,0.28,0.4,0.3325
6979,1163,../environments/random.12.csv,dist_only_social_any,4,-1,1,1,1,0,1,1,1315049272,3437971635,200,False,5,3,17,20.703493761291295,49.0,0.265,0.32,0.285
6980,1163,../environments/random.12.csv,dist_only_social_any,4,-1,1,1,1,0,1,1,1315049272,3437971635,300,False,9,4,25,19.616020898215645,76.0,0.24,0.27666666666666667,0.2608333333333333
6981,1163,../environments/random.12.csv,dist_only_social_any,4,-1,1,1,1,0,1,1,1315049272,3437971635,400,False,10,4,28,42.98862071105647,101.0,0.245,0.2625,0.254375
6982,1163,../environments/random.12.csv,dist_only_social_any,4,-1,1,1,1,0,1,1,1315049272,3437971635,500,False,12,5,35,23.67017498218515,128.0,0.23,0.268,0.2545
6983,1163,../environments/random.12.csv,dist_only_social_any,4,-1,1,1,1,0,1,1,1315049272,3437971635,599,False,14,5,41,36.387182007442675,153.0,0.2303839732888147,0.2654424040066778,0.25125208681135225
6984,1164,../environments/random.12.csv,dist_only_social_any,4,-1,1,1,1,0,1,1,1315049272,4010425793,100,False,2,0,4,42.535113944037676,26.0,0.21,0.35,0.2825
6985,1164,../environments/random.12.csv,dist_only_social_any,4,-1,1,1,1,0,1,1,1315049272,4010425793,200,False,4,2,13,18.809836694575328,52.0,0.21,0.285,0.24875
6986,1164,../environments/random.12.csv,dist_only_social_any,4,-1,1,1,1,0,1,1,1315049272,4010425793,300,False,5,3,18,15.64755903440695,79.0,0.20666666666666667,0.27,0.23916666666666667
6987,1164,../environments/random.12.csv,dist_only_social_any,4,-1,1,1,1,0,1,1,1315049272,4010425793,400,False,7,3,21,45.0334655761991,105.0,0.21,0.2575,0.233125
6988,1164,../environments/random.12.csv,dist_only_social_any,4,-1,1,1,1,0,1,1,1315049272,4010425793,500,False,10,4,29,18.43397840021018,130.0,0.228,0.252,0.243
6989,1164,../environments/random.12.csv,dist_only_social_any,4,-1,1,1,1,0,1,1,1315049272,4010425793,599,False,11,4,35,47.729285463309125,155.0,0.21702838063439064,0.24707846410684475,0.2370617696160267
6990,1165,../environments/random.12.csv,dist_only_social_any,4,-1,1,1,1,0,1,1,1315049272,2734561081,100,False,3,0,6,45.904155351812754,25.0,0.23,0.35,0.28
6991,1165,../environments/random.12.csv,dist_only_social_any,4,-1,1,1,1,0,1,1,1315049272,2734561081,200,False,5,2,14,35.65011843433677,52.0,0.215,0.305,0.24
6992,1165,../environments/random.12.csv,dist_only_social_any,4,-1,1,1,1,0,1,1,1315049272,2734561081,300,False,5,4,18,35.487036424099784,78.0,0.21,0.2733333333333333,0.22916666666666666
6993,1165,../environments/random.12.csv,dist_only_social_any,4,-1,1,1,1,0,1,1,1315049272,2734561081,400,False,8,6,27,45.46009867697132,103.0,0.2275,0.295,0.2525
6994,1165,../environments/random.12.csv,dist_only_social_any,4,-1,1,1,1,0,1,1,1315049272,2734561081,500,False,10,6,32,31.71983117482695,128.0,0.228,0.276,0.2445
6995,1165,../environments/random.12.csv,dist_only_social_any,4,-1,1,1,1,0,1,1,1315049272,2734561081,599,False,11,9,41,31.538729058970194,153.0,0.20534223706176963,0.25542570951585974,0.23080133555926544
6996,1166,../environments/random.12.csv,dist_only_social_any,4,-1,1,1,1,0,1,1,1315049272,1253946826,100,False,2,0,4,72.40191471366795,24.0,0.25,0.35,0.2875
6997,1166,../environments/random.12.csv,dist_only_social_any,4,-1,1,1,1,0,1,1,1315049272,1253946826,200,False,4,2,12,60.50607837281754,51.0,0.24,0.345,0.29125
6998,1166,../environments/random.12.csv,dist_only_social_any,4,-1,1,1,1,0,1,1,1315049272,1253946826,300,False,5,2,15,22.469413449533647,77.0,0.23333333333333334,0.30666666666666664,0.2783333333333333
6999,1166,../environments/random.12.csv,dist_only_social_any,4,-1,1,1,1,0,1,1,1315049272,1253946826,400,False,5,5,20,23.59524158061724,106.0,0.23,0.285,0.261875
7000,1166,../environments/random.12.csv,dist_only_social_any,4,-1,1,1,1,0,1,1,1315049272,1253946826,500,False,8,6,27,28.02834521266463,130.0,0.222,0.3,0.2645
7001,1166,../environments/random.12.csv,dist_only_social_any,4,-1,1,1,1,0,1,1,1315049272,1253946826,599,False,8,8,32,50.648284805292874,156.0,0.21202003338898165,0.2921535893155259,0.255008347245409
7002,1167,../environments/random.12.csv,dist_only_social_any,4,-1,1,1,1,0,1,1,1315049272,1347984585,100,False,2,2,8,13.418110475505253,24.0,0.19,0.35,0.2775
7003,1167,../environments/random.12.csv,dist_only_social_any,4,-1,1,1,1,0,1,1,1315049272,1347984585,200,False,6,2,14,57.12846369548387,50.0,0.2,0.285,0.23875
7004,1167,../environments/random.12.csv,dist_only_social_any,4,-1,1,1,1,0,1,1,1315049272,1347984585,300,False,7,2,20,22.164962358172396,77.0,0.22333333333333333,0.29,0.2525
7005,1167,../environments/random.12.csv,dist_only_social_any,4,-1,1,1,1,0,1,1,1315049272,1347984585,400,False,9,4,26,17.67551073613426,103.0,0.2025,0.2575,0.2325
7006,1167,../environments/random.12.csv,dist_only_social_any,4,-1,1,1,1,0,1,1,1315049272,1347984585,500,False,11,6,35,77.46439467218772,130.0,0.228,0.25,0.234
7007,1167,../environments/random.12.csv,dist_only_social_any,4,-1,1,1,1,0,1,1,1315049272,1347984585,599,False,13,7,39,20.814886234773553,152.0,0.2303839732888147,0.2637729549248748,0.24874791318864775
7008,1168,../environments/random.12.csv,dist_only_social_any,4,-1,1,1,1,0,1,1,1315049272,884777651,100,False,2,0,4,51.30023245460179,25.0,0.23,0.46,0.32
7009,1168,../environments/random.12.csv,dist_only_social_any,4,-1,1,1,1,0,1,1,1315049272,884777651,200,False,6,1,13,43.07865204500667,52.0,0.205,0.345,0.2625
7010,1168,../environments/random.12.csv,dist_only_social_any,4,-1,1,1,1,0,1,1,1315049272,884777651,300,False,7,2,19,54.37247044144114,78.0,0.22333333333333333,0.2966666666666667,0.25916666666666666
7011,1168,../environments/random.12.csv,dist_only_social_any,4,-1,1,1,1,0,1,1,1315049272,884777651,400,False,8,3,23,61.55185070101611,101.0,0.2325,0.2925,0.266875
7012,1168,../environments/random.12.csv,dist_only_social_any,4,-1,1,1,1,0,1,1,1315049272,884777651,500,False,10,6,30,45.97966003350356,126.0,0.242,0.28,0.262
7013,1168,../environments/random.12.csv,dist_only_social_any,4,-1,1,1,1,0,1,1,1315049272,884777651,599,False,12,7,36,62.31516541697082,154.0,0.2303839732888147,0.2838063439065108,0.256677796327212
7014,1169,../environments/random.12.csv,dist_only_social_any,4,-1,1,1,1,0,1,1,1315049272,2299003041,100,False,3,0,6,24.16851988016613,24.0,0.2,0.38,0.3125
7015,1169,../environments/random.12.csv,dist_only_social_any,4,-1,1,1,1,0,1,1,1315049272,2299003041,200,False,5,2,13,56.955317739793195,52.0,0.19,0.29,0.2625
7016,1169,../environments/random.12.csv,dist_only_social_any,4,-1,1,1,1,0,1,1,1315049272,2299003041,300,False,6,4,20,28.617509880891312,79.0,0.21333333333333335,0.30333333333333334,0.26166666666666666
7017,1169,../environments/random.12.csv,dist_only_social_any,4,-1,1,1,1,0,1,1,1315049272,2299003041,400,False,7,5,24,30.91297448098093,106.0,0.2175,0.2775,0.243125
7018,1169,../environments/random.12.csv,dist_only_social_any,4,-1,1,1,1,0,1,1,1315049272,2299003041,500,False,10,6,29,15.65685424949238,132.0,0.218,0.278,0.2435
7019,1169,../environments/random.12.csv,dist_only_social_any,4,-1,1,1,1,0,1,1,1315049272,2299003041,599,False,11,8,37,34.09765654847808,152.0,0.21035058430717862,0.2570951585976628,0.2303839732888147
7020,1170,../environments/random.12.csv,dist_only_social_any,4,-1,1,1,1,0,1,1,664961228,3334515826,100,False,2,1,7,19.895321730339482,26.0,0.18,0.27,0.2325
7021,1170,../environments/random.12.csv,dist_only_social_any,4,-1,1,1,1,0,1,1,664961228,3334515826,200,False,5,2,13,20.637200369710996,54.0,0.175,0.24,0.2175
7022,1170,../environments/random.12.csv,dist_only_social_any,4,-1,1,1,1,0,1,1,664961228,3334515826,300,False,6,4,19,13.12899020449196,76.0,0.20666666666666667,0.24333333333333335,0.2275
7023,1170,../environments/random.12.csv,dist_only_social_any,4,-1,1,1,1,0,1,1,664961228,3334515826,400,False,11,4,26,52.47993799250034,104.0,0.205,0.2475,0.221875
7024,1170,../environments/random.12.csv,dist_only_social_any,4,-1,1,1,1,0,1,1,664961228,3334515826,500,False,12,6,34,64.67145248550034,128.0,0.208,0.252,0.22
7025,1170,../environments/random.12.csv,dist_only_social_any,4,-1,1,1,1,0,1,1,664961228,3334515826,599,False,12,6,38,57.09227875311396,152.0,0.21702838063439064,0.24540901502504173,0.2303839732888147
7026,1171,../environments/random.12.csv,dist_only_social_any,4,-1,1,1,1,0,1,1,664961228,262994761,100,False,2,1,7,57.19228167773918,27.0,0.24,0.32,0.26
7027,1171,../environments/random.12.csv,dist_only_social_any,4,-1,1,1,1,0,1,1,664961228,262994761,200,False,4,2,12,18.210904837709435,51.0,0.25,0.29,0.2675
7028,1171,../environments/random.12.csv,dist_only_social_any,4,-1,1,1,1,0,1,1,664961228,262994761,300,False,5,3,16,28.585071597369023,77.0,0.23333333333333334,0.25,0.24333333333333335
7029,1171,../environments/random.12.csv,dist_only_social_any,4,-1,1,1,1,0,1,1,664961228,262994761,400,False,10,4,25,30.87926123482398,103.0,0.2375,0.2475,0.241875
7030,1171,../environments/random.12.csv,dist_only_social_any,4,-1,1,1,1,0,1,1,664961228,262994761,500,False,12,5,29,77.45142467305189,131.0,0.224,0.248,0.233
7031,1171,../environments/random.12.csv,dist_only_social_any,4,-1,1,1,1,0,1,1,664961228,262994761,599,False,14,7,35,27.897320855334904,153.0,0.2370617696160267,0.28213689482470783,0.25459098497495825
7032,1172,../environments/random.12.csv,dist_only_social_any,4,-1,1,1,1,0,1,1,664961228,3602806192,100,False,2,1,6,57.32985792604251,28.0,0.19,0.24,0.2175
7033,1172,../environments/random.12.csv,dist_only_social_any,4,-1,1,1,1,0,1,1,664961228,3602806192,200,False,4,1,10,58.51568592953306,54.0,0.185,0.235,0.2225
7034,1172,../environments/random.12.csv,dist_only_social_any,4,-1,1,1,1,0,1,1,664961228,3602806192,300,False,6,3,18,29.200405416734185,80.0,0.19333333333333333,0.23333333333333334,0.2225
7035,1172,../environments/random.12.csv,dist_only_social_any,4,-1,1,1,1,0,1,1,664961228,3602806192,400,False,7,5,24,34.6383745040861,102.0,0.1875,0.2575,0.2275
7036,1172,../environments/random.12.csv,dist_only_social_any,4,-1,1,1,1,0,1,1,664961228,3602806192,500,False,9,7,30,58.16739578477514,129.0,0.208,0.262,0.2355
7037,1172,../environments/random.12.csv,dist_only_social_any,4,-1,1,1,1,0,1,1,664961228,3602806192,599,False,13,7,37,57.68361930586455,153.0,0.21869782971619364,0.27212020033388984,0.24373956594323873
7038,1173,../environments/random.12.csv,dist_only_social_any,4,-1,1,1,1,0,1,1,664961228,3437971635,100,False,3,1,8,55.47710479125236,28.0,0.15,0.24,0.2025
7039,1173,../environments/random.12.csv,dist_only_social_any,4,-1,1,1,1,0,1,1,664961228,3437971635,200,False,5,2,15,47.66864057956917,55.0,0.19,0.235,0.215
7040,1173,../environments/random.12.csv,dist_only_social_any,4,-1,1,1,1,0,1,1,664961228,3437971635,300,False,7,3,20,61.719905892159574,81.0,0.21333333333333335,0.26,0.22916666666666666
7041,1173,../environments/random.12.csv,dist_only_social_any,4,-1,1,1,1,0,1,1,664961228,3437971635,400,False,10,3,25,18.213591931880696,108.0,0.2325,0.2425,0.236875
7042,1173,../environments/random.12.csv,dist_only_social_any,4,-1,1,1,1,0,1,1,664961228,3437971635,500,False,13,5,33,18.94427190999916,133.0,0.218,0.232,0.224
7043,1173,../environments/random.12.csv,dist_only_social_any,4,-1,1,1,1,0,1,1,664961228,3437971635,599,False,15,7,42,19.36307051624961,156.0,0.21202003338898165,0.2370617696160267,0.22287145242070117
7044,1174,../environments/random.12.csv,dist_only_social_any,4,-1,1,1,1,0,1,1,664961228,4010425793,100,False,2,1,6,25.216088090462243,25.0,0.19,0.3,0.26
7045,1174,../environments/random.12.csv,dist_only_social_any,4,-1,1,1,1,0,1,1,664961228,4010425793,200,False,5,1,13,34.44166959650333,54.0,0.235,0.285,0.2475
7046,1174,../environments/random.12.csv,dist_only_social_any,4,-1,1,1,1,0,1,1,664961228,4010425793,300,False,6,2,18,26.0,76.0,0.21666666666666667,0.25666666666666665,0.235
7047,1174,../environments/random.12.csv,dist_only_social_any,4,-1,1,1,1,0,1,1,664961228,4010425793,400,False,7,4,23,48.87277598449436,102.0,0.23,0.25,0.23625
7048,1174,../environments/random.12.csv,dist_only_social_any,4,-1,1,1,1,0,1,1,664961228,4010425793,500,False,10,5,29,56.276946406053156,124.0,0.236,0.276,0.2585
7049,1174,../environments/random.12.csv,dist_only_social_any,4,-1,1,1,1,0,1,1,664961228,4010425793,599,False,11,5,32,43.721732938657965,149.0,0.24874791318864775,0.2687813021702838,0.2621035058430718
7050,1175,../environments/random.12.csv,dist_only_social_any,4,-1,1,1,1,0,1,1,664961228,2734561081,100,False,2,1,5,20.0,24.0,0.2,0.34,0.275
7051,1175,../environments/random.12.csv,dist_only_social_any,4,-1,1,1,1,0,1,1,664961228,2734561081,200,False,5,1,11,46.95024986419796,50.0,0.205,0.28,0.24125
7052,1175,../environments/random.12.csv,dist_only_social_any,4,-1,1,1,1,0,1,1,664961228,2734561081,300,False,8,3,22,28.820423639949162,75.0,0.2,0.25666666666666665,0.235
7053,1175,../environments/random.12.csv,dist_only_social_any,4,-1,1,1,1,0,1,1,664961228,2734561081,400,False,8,5,28,45.526152144780895,99.0,0.2225,0.255,0.23625
7054,1175,../environments/random.12.csv,dist_only_social_any,4,-1,1,1,1,0,1,1,664961228,2734561081,500,False,10,6,36,23.326714211667728,126.0,0.216,0.254,0.2365
7055,1175,../environments/random.12.csv,dist_only_social_any,4,-1,1,1,1,0,1,1,664961228,2734561081,599,False,11,8,39,43.213633711238224,153.0,0.21535893155258765,0.2587646076794658,0.23247078464106843
7056,1176,../environments/random.12.csv,dist_only_social_any,4,-1,1,1,1,0,1,1,664961228,1253946826,100,False,2,1,5,31.99006694852483,25.0,0.18,0.28,0.2375
7057,1176,../environments/random.12.csv,dist_only_social_any,4,-1,1,1,1,0,1,1,664961228,1253946826,200,False,5,1,11,41.23386882984863,53.0,0.205,0.235,0.22125
7058,1176,../environments/random.12.csv,dist_only_social_any,4,-1,1,1,1,0,1,1,664961228,1253946826,300,False,7,3,17,53.34963431450758,81.0,0.21,0.23333333333333334,0.22666666666666666
7059,1176,../environments/random.12.csv,dist_only_social_any,4,-1,1,1,1,0,1,1,664961228,1253946826,400,False,8,4,23,71.03665829955985,110.0,0.2,0.2325,0.22375
7060,1176,../environments/random.12.csv,dist_only_social_any,4,-1,1,1,1,0,1,1,664961228,1253946826,500,False,9,4,28,39.934483100434214,137.0,0.21,0.254,0.23
7061,1176,../environments/random.12.csv,dist_only_social_any,4,-1,1,1,1,0,1,1,664961228,1253946826,599,False,10,7,35,37.88439238429109,162.0,0.20868113522537562,0.2570951585976628,0.23414023372287146
7062,1177,../environments/random.12.csv,dist_only_social_any,4,-1,1,1,1,0,1,1,664961228,1347984585,100,False,1,1,4,71.31847464875953,26.0,0.21,0.32,0.26
7063,1177,../environments/random.12.csv,dist_only_social_any,4,-1,1,1,1,0,1,1,664961228,1347984585,200,False,4,1,10,32.127857819869995,52.0,0.215,0.28,0.25
7064,1177,../environments/random.12.csv,dist_only_social_any,4,-1,1,1,1,0,1,1,664961228,1347984585,300,False,6,2,16,28.367457685339062,80.0,0.19666666666666666,0.25666666666666665,0.23083333333333333
7065,1177,../environments/random.12.csv,dist_only_social_any,4,-1,1,1,1,0,1,1,664961228,1347984585,400,False,9,5,24,52.52616759765753,107.0,0.205,0.235,0.221875
7066,1177,../environments/random.12.csv,dist_only_social_any,4,-1,1,1,1,0,1,1,664961228,1347984585,500,False,12,6,33,60.62166456534571,135.0,0.212,0.234,0.222
7067,1177,../environments/random.12.csv,dist_only_social_any,4,-1,1,1,1,0,1,1,664961228,1347984585,599,False,15,6,41,25.899494936611667,161.0,0.21535893155258765,0.2370617696160267,0.2270450751252087
7068,1178,../environments/random.12.csv,dist_only_social_any,4,-1,1,1,1,0,1,1,664961228,884777651,100,False,3,2,9,37.054330425624556,27.0,0.18,0.33,0.24
7069,1178,../environments/random.12.csv,dist_only_social_any,4,-1,1,1,1,0,1,1,664961228,884777651,200,False,5,3,15,43.05574167151338,48.0,0.18,0.235,0.20375
7070,1178,../environments/random.12.csv,dist_only_social_any,4,-1,1,1,1,0,1,1,664961228,884777651,300,False,7,4,22,54.8842889406285,73.0,0.21,0.23333333333333334,0.21916666666666668
7071,1178,../environments/random.12.csv,dist_only_social_any,4,-1,1,1,1,0,1,1,664961228,884777651,400,False,11,5,31,16.43397840021018,98.0,0.2,0.23,0.21625
7072,1178,../environments/random.12.csv,dist_only_social_any,4,-1,1,1,1,0,1,1,664961228,884777651,500,False,12,5,35,40.73028092907048,125.0,0.192,0.214,0.2065
7073,1178,../environments/random.12.csv,dist_only_social_any,4,-1,1,1,1,0,1,1,664961228,884777651,599,False,15,6,41,43.58623500614429,152.0,0.19365609348914858,0.2287145242070117,0.21786310517529214
7074,1179,../environments/random.12.csv,dist_only_social_any,4,-1,1,1,1,0,1,1,664961228,2299003041,100,False,3,0,7,58.57415415359012,25.0,0.19,0.34,0.2525
7075,1179,../environments/random.12.csv,dist_only_social_any,4,-1,1,1,1,0,1,1,664961228,2299003041,200,False,6,1,13,31.735653346247307,50.0,0.2,0.315,0.26125
7076,1179,../environments/random.12.csv,dist_only_social_any,4,-1,1,1,1,0,1,1,664961228,2299003041,300,False,8,4,23,52.24590627727207,76.0,0.18666666666666668,0.31,0.25416666666666665
7077,1179,../environments/random.12.csv,dist_only_social_any,4,-1,1,1,1,0,1,1,664961228,2299003041,400,False,9,4,27,42.718358203321,102.0,0.205,0.2925,0.25125
7078,1179,../environments/random.12.csv,dist_only_social_any,4,-1,1,1,1,0,1,1,664961228,2299003041,500,False,12,6,35,49.78966659710314,130.0,0.21,0.274,0.2455
7079,1179,../environments/random.12.csv,dist_only_social_any,4,-1,1,1,1,0,1,1,664961228,2299003041,599,False,14,8,43,27.348817176035013,156.0,0.22036727879799667,0.2654424040066778,0.24207011686143573
7080,1180,../environments/random.12.csv,dist_only_social_any,4,-1,1,1,1,0,1,1,1177807013,3334515826,100,False,2,1,7,49.883884208228025,26.0,0.23,0.28,0.2525
7081,1180,../environments/random.12.csv,dist_only_social_any,4,-1,1,1,1,0,1,1,1177807013,3334515826,200,False,4,1,12,31.841940351909482,53.0,0.225,0.265,0.2425
7082,1180,../environments/random.12.csv,dist_only_social_any,4,-1,1,1,1,0,1,1,1177807013,3334515826,300,False,6,3,19,12.812559200041264,80.0,0.20666666666666667,0.25666666666666665,0.23
7083,1180,../environments/random.12.csv,dist_only_social_any,4,-1,1,1,1,0,1,1,1177807013,3334515826,400,False,10,5,30,43.65259535873176,109.0,0.205,0.245,0.219375
7084,1180,../environments/random.12.csv,dist_only_social_any,4,-1,1,1,1,0,1,1,1177807013,3334515826,500,False,12,6,38,13.67004637770997,135.0,0.208,0.252,0.224
7085,1180,../environments/random.12.csv,dist_only_social_any,4,-1,1,1,1,0,1,1,1177807013,3334515826,599,False,15,8,45,23.77032961426901,161.0,0.2036727879799666,0.23205342237061768,0.21452420701168615
7086,1181,../environments/random.12.csv,dist_only_social_any,4,-1,1,1,1,0,1,1,1177807013,262994761,100,False,3,1,8,55.329534123670825,24.0,0.19,0.29,0.245
7087,1181,../environments/random.12.csv,dist_only_social_any,4,-1,1,1,1,0,1,1,1177807013,262994761,200,False,6,1,15,15.418110475505253,52.0,0.2,0.29,0.2475
7088,1181,../environments/random.12.csv,dist_only_social_any,4,-1,1,1,1,0,1,1,1177807013,262994761,300,False,8,2,21,17.47795795454732,77.0,0.19666666666666666,0.2633333333333333,0.23416666666666666
7089,1181,../environments/random.12.csv,dist_only_social_any,4,-1,1,1,1,0,1,1,1177807013,262994761,400,False,10,2,25,19.261297173761164,100.0,0.205,0.255,0.22625
7090,1181,../environments/random.12.csv,dist_only_social_any,4,-1,1,1,1,0,1,1,1177807013,262994761,500,False,10,5,30,11.98140956982914,123.0,0.204,0.232,0.2185
7091,1181,../environments/random.12.csv,dist_only_social_any,4,-1,1,1,1,0,1,1,1177807013,262994761,599,False,11,7,37,13.52145126328583,147.0,0.19031719532554256,0.23205342237061768,0.20993322203672787
7092,1182,../environments/random.12.csv,dist_only_social_any,4,-1,1,1,1,0,1,1,1177807013,3602806192,100,False,2,1,6,67.7341428715877,24.0,0.18,0.29,0.2475
7093,1182,../environments/random.12.csv,dist_only_social_any,4,-1,1,1,1,0,1,1,1177807013,3602806192,200,False,4,2,13,60.61592473878576,51.0,0.23,0.315,0.26875
7094,1182,../environments/random.12.csv,dist_only_social_any,4,-1,1,1,1,0,1,1,1177807013,3602806192,300,False,7,4,20,72.99853105775176,76.0,0.23666666666666666,0.31,0.26166666666666666
7095,1182,../environments/random.12.csv,dist_only_social_any,4,-1,1,1,1,0,1,1,1177807013,3602806192,400,False,7,4,23,56.96127712868736,103.0,0.2325,0.3125,0.2625
7096,1182,../environments/random.12.csv,dist_only_social_any,4,-1,1,1,1,0,1,1,1177807013,3602806192,500,False,9,4,29,50.20146212685091,129.0,0.25,0.298,0.265
7097,1182,../environments/random.12.csv,dist_only_social_any,4,-1,1,1,1,0,1,1,1177807013,3602806192,599,False,12,6,38,35.42958523891339,157.0,0.23205342237061768,0.29549248747913187,0.25542570951585974
7098,1183,../environments/random.12.csv,dist_only_social_any,4,-1,1,1,1,0,1,1,1177807013,3437971635,100,False,4,1,10,58.877127040148586,27.0,0.15,0.3,0.215
7099,1183,../environments/random.12.csv,dist_only_social_any,4,-1,1,1,1,0,1,1,1177807013,3437971635,200,False,6,2,17,24.52622986305051,57.0,0.18,0.225,0.20125
7100,1183,../environments/random.12.csv,dist_only_social_any,4,-1,1,1,1,0,1,1,1177807013,3437971635,300,False,8,2,24,36.17100327992827,82.0,0.2,0.23,0.21833333333333332
7101,1183,../environments/random.12.csv,dist_only_social_any,4,-1,1,1,1,0,1,1,1177807013,3437971635,400,False,9,3,28,16.262405524956367,109.0,0.19,0.2275,0.206875
7102,1183,../environments/random.12.csv,dist_only_social_any,4,-1,1,1,1,0,1,1,1177807013,3437971635,500,False,11,4,36,26.86683359527634,133.0,0.194,0.226,0.209
7103,1183,../environments/random.12.csv,dist_only_social_any,4,-1,1,1,1,0,1,1,1177807013,3437971635,599,False,14,6,46,65.77022995864229,160.0,0.19365609348914858,0.2287145242070117,0.21202003338898165
7104,1184,../environments/random.12.csv,dist_only_social_any,4,-1,1,1,1,0,1,1,1177807013,4010425793,100,False,3,1,8,28.547262829397095,24.0,0.2,0.29,0.2525
7105,1184,../environments/random.12.csv,dist_only_social_any,4,-1,1,1,1,0,1,1,1177807013,4010425793,200,False,6,1,16,25.80347923092033,49.0,0.195,0.29,0.2375
7106,1184,../environments/random.12.csv,dist_only_social_any,4,-1,1,1,1,0,1,1,1177807013,4010425793,300,False,8,2,21,38.91613440096427,77.0,0.19666666666666666,0.24666666666666667,0.22166666666666668
7107,1184,../environments/random.12.csv,dist_only_social_any,4,-1,1,1,1,0,1,1,1177807013,4010425793,400,False,9,2,28,18.88252995839546,104.0,0.23,0.2325,0.230625
7108,1184,../environments/random.12.csv,dist_only_social_any,4,-1,1,1,1,0,1,1,1177807013,4010425793,500,False,11,4,34,19.445958313299627,127.0,0.226,0.234,0.231
7109,1184,../environments/random.12.csv,dist_only_social_any,4,-1,1,1,1,0,1,1,1177807013,4010425793,599,False,14,6,43,18.245523120490127,156.0,0.22036727879799667,0.24040066777963273,0.2270450751252087
7110,1185,../environments/random.12.csv,dist_only_social_any,4,-1,1,1,1,0,1,1,1177807013,2734561081,100,False,2,0,4,60.29754099056308,27.0,0.2,0.32,0.25
7111,1185,../environments/random.12.csv,dist_only_social_any,4,-1,1,1,1,0,1,1,1177807013,2734561081,200,False,3,1,9,52.1725221470224,54.0,0.22,0.29,0.25625
7112,1185,../environments/random.12.csv,dist_only_social_any,4,-1,1,1,1,0,1,1,1177807013,2734561081,300,False,6,1,14,44.61046507323172,78.0,0.22,0.27666666666666667,0.2425
7113,1185,../environments/random.12.csv,dist_only_social_any,4,-1,1,1,1,0,1,1,1177807013,2734561081,400,False,7,3,23,21.895321730339482,107.0,0.23,0.26,0.239375
7114,1185,../environments/random.12.csv,dist_only_social_any,4,-1,1,1,1,0,1,1,1177807013,2734561081,500,False,10,3,28,28.398255855219507,130.0,0.212,0.264,0.2325
7115,1185,../environments/random.12.csv,dist_only_social_any,4,-1,1,1,1,0,1,1,1177807013,2734561081,599,False,12,6,35,39.210728222486324,157.0,0.2036727879799666,0.2570951585976628,0.22913188647746244
7116,1186,../environments/random.12.csv,dist_only_social_any,4,-1,1,1,1,0,1,1,1177807013,1253946826,100,False,2,0,3,31.5050450475179,25.0,0.24,0.32,0.285
7117,1186,../environments/random.12.csv,dist_only_social_any,4,-1,1,1,1,0,1,1,1177807013,1253946826,200,False,3,0,7,53.08671277209377,51.0,0.24,0.29,0.27125
7118,1186,../environments/random.12.csv,dist_only_social_any,4,-1,1,1,1,0,1,1,1177807013,1253946826,300,False,7,1,17,57.55732877036182,80.0,0.23,0.26666666666666666,0.2525
7119,1186,../environments/random.12.csv,dist_only_social_any,4,-1,1,1,1,0,1,1,1177807013,1253946826,400,False,8,5,26,52.0382697903678,107.0,0.22,0.26,0.2375
7120,1186,../environments/random.12.csv,dist_only_social_any,4,-1,1,1,1,0,1,1,1177807013,1253946826,500,False,10,6,31,17.1212465956731,133.0,0.218,0.254,0.241
7121,1186,../environments/random.12.csv,dist_only_social_any,4,-1,1,1,1,0,1,1,1177807013,1253946826,599,False,13,6,40,24.73863375370596,159.0,0.21368948247078465,0.2654424040066778,0.2387312186978297
7122,1187,../environments/random.12.csv,dist_only_social_any,4,-1,1,1,1,0,1,1,1177807013,1347984585,100,False,4,1,11,29.632020159242174,26.0,0.22,0.35,0.265
7123,1187,../environments/random.12.csv,dist_only_social_any,4,-1,1,1,1,0,1,1,1177807013,1347984585,200,False,5,2,15,42.70276468339379,51.0,0.2,0.295,0.24125
7124,1187,../environments/random.12.csv,dist_only_social_any,4,-1,1,1,1,0,1,1,1177807013,1347984585,300,False,8,5,25,25.966872472228484,77.0,0.20333333333333334,0.31333333333333335,0.24916666666666668
7125,1187,../environments/random.12.csv,dist_only_social_any,4,-1,1,1,1,0,1,1,1177807013,1347984585,400,False,9,6,30,59.053192929689175,107.0,0.1975,0.2925,0.238125
7126,1187,../environments/random.12.csv,dist_only_social_any,4,-1,1,1,1,0,1,1,1177807013,1347984585,500,False,12,9,39,26.07680116461686,133.0,0.192,0.302,0.243
7127,1187,../environments/random.12.csv,dist_only_social_any,4,-1,1,1,1,0,1,1,1177807013,1347984585,599,False,12,11,47,37.026366377886454,161.0,0.21202003338898165,0.3005008347245409,0.24415692821368948
7128,1188,../environments/random.12.csv,dist_only_social_any,4,-1,1,1,1,0,1,1,1177807013,884777651,100,False,3,1,7,16.497365151260954,26.0,0.22,0.31,0.265
7129,1188,../environments/random.12.csv,dist_only_social_any,4,-1,1,1,1,0,1,1,1177807013,884777651,200,False,5,3,16,37.39488496101691,50.0,0.19,0.235,0.21625
7130,1188,../environments/random.12.csv,dist_only_social_any,4,-1,1,1,1,0,1,1,1177807013,884777651,300,False,6,4,22,36.42794203550089,78.0,0.19666666666666666,0.26,0.22166666666666668
7131,1188,../environments/random.12.csv,dist_only_social_any,4,-1,1,1,1,0,1,1,1177807013,884777651,400,False,8,7,30,36.06551850567226,106.0,0.1875,0.2325,0.214375
7132,1188,../environments/random.12.csv,dist_only_social_any,4,-1,1,1,1,0,1,1,1177807013,884777651,500,False,10,8,35,37.71046429159603,132.0,0.208,0.244,0.2265
7133,1188,../environments/random.12.csv,dist_only_social_any,4,-1,1,1,1,0,1,1,1177807013,884777651,599,False,11,9,40,59.925645054679556,157.0,0.21202003338898165,0.24874791318864775,0.23080133555926544
7134,1189,../environments/random.12.csv,dist_only_social_any,4,-1,1,1,1,0,1,1,1177807013,2299003041,100,False,4,0,7,68.8507625357574,25.0,0.24,0.27,0.2575
7135,1189,../environments/random.12.csv,dist_only_social_any,4,-1,1,1,1,0,1,1,1177807013,2299003041,200,False,7,1,15,48.993132886553916,52.0,0.23,0.305,0.265
7136,1189,../environments/random.12.csv,dist_only_social_any,4,-1,1,1,1,0,1,1,1177807013,2299003041,300,False,9,2,21,57.573733439606585,78.0,0.22333333333333333,0.2833333333333333,0.25166666666666665
7137,1189,../environments/random.12.csv,dist_only_social_any,4,-1,1,1,1,0,1,1,1177807013,2299003041,400,False,13,3,29,47.22112514052782,103.0,0.2325,0.2875,0.25375
7138,1189,../environments/random.12.csv,dist_only_social_any,4,-1,1,1,1,0,1,1,1177807013,2299003041,500,False,14,5,37,14.70820393249937,128.0,0.214,0.266,0.239
7139,1189,../environments/random.12.csv,dist_only_social_any,4,-1,1,1,1,0,1,1,1177807013,2299003041,599,False,16,7,45,53.11419520625138,155.0,0.20701168614357263,0.2604340567612688,0.2303839732888147
7140,1190,../environments/random.12.csv,dist_only_social_any,4,-1,1,1,1,0,1,1,2622444117,3334515826,100,False,3,0,6,34.367635864272074,23.0,0.16,0.24,0.185
7141,1190,../environments/random.12.csv,dist_only_social_any,4,-1,1,1,1,0,1,1,2622444117,3334515826,200,False,4,2,13,27.52846017069316,50.0,0.195,0.245,0.215
7142,1190,../environments/random.12.csv,dist_only_social_any,4,-1,1,1,1,0,1,1,2622444117,3334515826,300,False,9,3,21,5.82842712474619,77.0,0.19,0.24666666666666667,0.20666666666666667
7143,1190,../environments/random.12.csv,dist_only_social_any,4,-1,1,1,1,0,1,1,2622444117,3334515826,400,False,10,4,27,54.308442614185076,101.0,0.18,0.23,0.205
7144,1190,../environments/random.12.csv,dist_only_social_any,4,-1,1,1,1,0,1,1,2622444117,3334515826,500,False,12,5,32,51.757012094493064,127.0,0.192,0.248,0.2165
7145,1190,../environments/random.12.csv,dist_only_social_any,4,-1,1,1,1,0,1,1,2622444117,3334515826,599,False,14,5,39,35.96101383125364,155.0,0.19365609348914858,0.23205342237061768,0.21076794657762937
7146,1191,../environments/random.12.csv,dist_only_social_any,4,-1,1,1,1,0,1,1,2622444117,262994761,100,False,4,0,9,63.632873857795374,27.0,0.17,0.24,0.215
7147,1191,../environments/random.12.csv,dist_only_social_any,4,-1,1,1,1,0,1,1,2622444117,262994761,200,False,6,1,14,42.314475190193164,50.0,0.18,0.32,0.26125
7148,1191,../environments/random.12.csv,dist_only_social_any,4,-1,1,1,1,0,1,1,2622444117,262994761,300,False,7,2,22,42.665401996846455,79.0,0.19666666666666666,0.2733333333333333,0.24083333333333334
7149,1191,../environments/random.12.csv,dist_only_social_any,4,-1,1,1,1,0,1,1,2622444117,262994761,400,False,11,2,31,42.19107178042799,105.0,0.225,0.265,0.245
7150,1191,../environments/random.12.csv,dist_only_social_any,4,-1,1,1,1,0,1,1,2622444117,262994761,500,False,13,4,38,28.5748404711402,132.0,0.232,0.258,0.245
7151,1191,../environments/random.12.csv,dist_only_social_any,4,-1,1,1,1,0,1,1,2622444117,262994761,599,False,15,5,42,20.758533720546936,155.0,0.22537562604340566,0.2854757929883139,0.26252086811352254
7152,1192,../environments/random.12.csv,dist_only_social_any,4,-1,1,1,1,0,1,1,2622444117,3602806192,100,False,2,0,5,37.396095656493,24.0,0.21,0.29,0.25
7153,1192,../environments/random.12.csv,dist_only_social_any,4,-1,1,1,1,0,1,1,2622444117,3602806192,200,False,4,2,12,48.69892626131842,52.0,0.235,0.29,0.25625
7154,1192,../environments/random.12.csv,dist_only_social_any,4,-1,1,1,1,0,1,1,2622444117,3602806192,300,False,5,3,16,66.18696179762915,76.0,0.25,0.30333333333333334,0.27166666666666667
7155,1192,../environments/random.12.csv,dist_only_social_any,4,-1,1,1,1,0,1,1,2622444117,3602806192,400,False,9,3,23,38.60503980360043,101.0,0.2575,0.3125,0.273125
7156,1192,../environments/random.12.csv,dist_only_social_any,4,-1,1,1,1,0,1,1,2622444117,3602806192,500,False,12,5,32,57.508477341598066,128.0,0.244,0.296,0.2635
7157,1192,../environments/random.12.csv,dist_only_social_any,4,-1,1,1,1,0,1,1,2622444117,3602806192,599,False,12,7,37,25.940416939727267,153.0,0.25542570951585974,0.27879799666110183,0.26502504173622704
7158,1193,../environments/random.12.csv,dist_only_social_any,4,-1,1,1,1,0,1,1,2622444117,3437971635,100,False,2,0,6,57.44727768662469,28.0,0.18,0.23,0.2075
7159,1193,../environments/random.12.csv,dist_only_social_any,4,-1,1,1,1,0,1,1,2622444117,3437971635,200,False,4,1,11,39.83355563916439,55.0,0.175,0.23,0.2025
7160,1193,../environments/random.12.csv,dist_only_social_any,4,-1,1,1,1,0,1,1,2622444117,3437971635,300,False,5,3,16,32.876355655463485,79.0,0.21,0.26,0.225
7161,1193,../environments/random.12.csv,dist_only_social_any,4,-1,1,1,1,0,1,1,2622444117,3437971635,400,False,8,5,27,45.437347110502046,108.0,0.2025,0.2575,0.22875
7162,1193,../environments/random.12.csv,dist_only_social_any,4,-1,1,1,1,0,1,1,2622444117,3437971635,500,False,10,8,36,60.1976351880503,136.0,0.204,0.248,0.226
7163,1193,../environments/random.12.csv,dist_only_social_any,4,-1,1,1,1,0,1,1,2622444117,3437971635,599,False,14,9,42,35.92992215189784,164.0,0.19198664440734559,0.24707846410684475,0.22370617696160267
7164,1194,../environments/random.12.csv,dist_only_social_any,4,-1,1,1,1,0,1,1,2622444117,4010425793,100,False,3,1,8,53.354431590764634,27.0,0.16,0.24,0.2075
7165,1194,../environments/random.12.csv,dist_only_social_any,4,-1,1,1,1,0,1,1,2622444117,4010425793,200,False,6,1,15,67.55943133704544,53.0,0.195,0.265,0.23125
7166,1194,../environments/random.12.csv,dist_only_social_any,4,-1,1,1,1,0,1,1,2622444117,4010425793,300,False,8,1,21,29.84007657036217,81.0,0.22666666666666666,0.27,0.24166666666666667
7167,1194,../environments/random.12.csv,dist_only_social_any,4,-1,1,1,1,0,1,1,2622444117,4010425793,400,False,9,3,26,33.15026523893361,106.0,0.2125,0.265,0.239375
7168,1194,../environments/random.12.csv,dist_only_social_any,4,-1,1,1,1,0,1,1,2622444117,4010425793,500,False,9,3,27,71.70443208287581,132.0,0.204,0.262,0.234
7169,1194,../environments/random.12.csv,dist_only_social_any,4,-1,1,1,1,0,1,1,2622444117,4010425793,599,False,11,5,33,19.52926092857571,160.0,0.1986644407345576,0.25542570951585974,0.23330550918196996
7170,1195,../environments/random.12.csv,dist_only_social_any,4,-1,1,1,1,0,1,1,2622444117,2734561081,100,False,3,2,10,35.22104208599005,26.0,0.16,0.26,0.225
7171,1195,../environments/random.12.csv,dist_only_social_any,4,-1,1,1,1,0,1,1,2622444117,2734561081,200,False,7,3,19,27.15951210338066,51.0,0.21,0.25,0.23125
7172,1195,../environments/random.12.csv,dist_only_social_any,4,-1,1,1,1,0,1,1,2622444117,2734561081,300,False,7,4,24,42.115094784139714,75.0,0.20666666666666667,0.25,0.23666666666666666
7173,1195,../environments/random.12.csv,dist_only_social_any,4,-1,1,1,1,0,1,1,2622444117,2734561081,400,False,8,4,27,51.76160981847245,102.0,0.2125,0.2775,0.245625
7174,1195,../environments/random.12.csv,dist_only_social_any,4,-1,1,1,1,0,1,1,2622444117,2734561081,500,False,11,5,34,48.31730440805529,129.0,0.216,0.298,0.2475
7175,1195,../environments/random.12.csv,dist_only_social_any,4,-1,1,1,1,0,1,1,2622444117,2734561081,599,False,12,6,40,52.53937093080051,157.0,0.22370617696160267,0.3021702838063439,0.24958263772954925
7176,1196,../environments/random.12.csv,dist_only_social_any,4,-1,1,1,1,0,1,1,2622444117,1253946826,100,False,4,1,9,48.869402618307234,27.0,0.2,0.32,0.25
7177,1196,../environments/random.12.csv,dist_only_social_any,4,-1,1,1,1,0,1,1,2622444117,1253946826,200,False,5,3,15,30.784858805761843,52.0,0.22,0.29,0.25125
7178,1196,../environments/random.12.csv,dist_only_social_any,4,-1,1,1,1,0,1,1,2622444117,1253946826,300,False,7,5,23,36.356451097651515,81.0,0.21666666666666667,0.27,0.24
7179,1196,../environments/random.12.csv,dist_only_social_any,4,-1,1,1,1,0,1,1,2622444117,1253946826,400,False,7,5,25,55.0278636852681,110.0,0.205,0.275,0.233125
7180,1196,../environments/random.12.csv,dist_only_social_any,4,-1,1,1,1,0,1,1,2622444117,1253946826,500,False,9,5,29,17.669859962175348,136.0,0.21,0.294,0.239
7181,1196,../environments/random.12.csv,dist_only_social_any,4,-1,1,1,1,0,1,1,2622444117,1253946826,599,False,11,7,37,21.257571486217834,161.0,0.20701168614357263,0.27712854757929883,0.23080133555926544
7182,1197,../environments/random.12.csv,dist_only_social_any,4,-1,1,1,1,0,1,1,2622444117,1347984585,100,False,3,1,8,62.78502156161416,26.0,0.18,0.32,0.24
7183,1197,../environments/random.12.csv,dist_only_social_any,4,-1,1,1,1,0,1,1,2622444117,1347984585,200,False,6,2,19,17.8309518948453,52.0,0.175,0.305,0.2425
7184,1197,../environments/random.12.csv,dist_only_social_any,4,-1,1,1,1,0,1,1,2622444117,1347984585,300,False,9,6,27,14.090832649702559,74.0,0.19,0.26666666666666666,0.22416666666666665
7185,1197,../environments/random.12.csv,dist_only_social_any,4,-1,1,1,1,0,1,1,2622444117,1347984585,400,False,10,6,31,45.27500742800967,98.0,0.1775,0.2425,0.211875
7186,1197,../environments/random.12.csv,dist_only_social_any,4,-1,1,1,1,0,1,1,2622444117,1347984585,500,False,13,7,37,32.8362209510105,125.0,0.184,0.246,0.218
7187,1197,../environments/random.12.csv,dist_only_social_any,4,-1,1,1,1,0,1,1,2622444117,1347984585,599,False,15,9,42,71.57331231337176,152.0,0.17529215358931552,0.25542570951585974,0.22328881469115192
7188,1198,../environments/random.12.csv,dist_only_social_any,4,-1,1,1,1,0,1,1,2622444117,884777651,100,False,3,1,8,30.062858326327515,27.0,0.19,0.24,0.2225
7189,1198,../environments/random.12.csv,dist_only_social_any,4,-1,1,1,1,0,1,1,2622444117,884777651,200,False,5,2,14,56.651001863626625,51.0,0.18,0.255,0.22625
7190,1198,../environments/random.12.csv,dist_only_social_any,4,-1,1,1,1,0,1,1,2622444117,884777651,300,False,7,2,20,31.623495515816543,77.0,0.21333333333333335,0.26,0.24083333333333334
7191,1198,../environments/random.12.csv,dist_only_social_any,4,-1,1,1,1,0,1,1,2622444117,884777651,400,False,10,3,27,64.30475151062902,104.0,0.2075,0.255,0.239375
7192,1198,../environments/random.12.csv,dist_only_social_any,4,-1,1,1,1,0,1,1,2622444117,884777651,500,False,15,6,40,40.08278379981775,130.0,0.216,0.254,0.238
7193,1198,../environments/random.12.csv,dist_only_social_any,4,-1,1,1,1,0,1,1,2622444117,884777651,599,False,16,7,44,62.1182271626474,157.0,0.2270450751252087,0.24373956594323873,0.2353923205342237
7194,1199,../environments/random.12.csv,dist_only_social_any,4,-1,1,1,1,0,1,1,2622444117,2299003041,100,False,2,1,5,56.06227966025645,25.0,0.15,0.33,0.2575
7195,1199,../environments/random.12.csv,dist_only_social_any,4,-1,1,1,1,0,1,1,2622444117,2299003041,200,False,5,2,14,35.2609400032829,54.0,0.15,0.3,0.235
7196,1199,../environments/random.12.csv,dist_only_social_any,4,-1,1,1,1,0,1,1,2622444117,2299003041,300,False,7,3,18,56.38599824472114,80.0,0.18,0.2866666666666667,0.23416666666666666
7197,1199,../environments/random.12.csv,dist_only_social_any,4,-1,1,1,1,0,1,1,2622444117,2299003041,400,False,8,3,24,21.57076657157208,104.0,0.215,0.27,0.239375
7198,1199,../environments/random.12.csv,dist_only_social_any,4,-1,1,1,1,0,1,1,2622444117,2299003041,500,False,9,4,29,41.72878348266891,130.0,0.214,0.244,0.227
7199,1199,../environments/random.12.csv,dist_only_social_any,4,-1,1,1,1,0,1,1,2622444117,2299003041,599,False,10,5,32,23.945384585695543,153.0,0.20868113522537562,0.25375626043405675,0.22328881469115192
